"ID","TOKEN","NER"
"1",".","O"
"2","Πολλάκιϲ","O"
"3","μὲν","O"
"4","ἐντὸϲ","O"
"5","ταῖϲ","O"
"6","πρὸϲ","O"
"7","ἀλλήλουϲ","O"
"8","ϲυνουϲίαιϲ","O"
"9","Ὁμηρικῶν","O"
"10","Ζητημάτων","O"
"11","γινομένων","O"
"12",",","O"
"13","Ἀνατλιε","O"
"14",",","O"
"15","κἀμοῦ","O"
"16","δεικνύναι","O"
"17","πειρωμένου","O"
"18",",","O"
"19","ὡϲ","O"
"20","αὐτὸϲ","O"
"21","μὲν","O"
"22","ἑαυτὸν","O"
"23","τὰ","O"
"24","πολλὰ","O"
"25","Ὅμηροϲ","O"
"26","ἐξηγεῖται","O"
"27",",","O"
"28","ἡμεῖϲ","O"
"29","δὲ","O"
"30","ἐκ","O"
"31","τῆϲ","O"
"32","παιδικῆϲ","O"
"33","κατηχήϲεωϲ","O"
"34","περινοοῦμεν","O"
"35","μᾶλλον","O"
"36","ἐντὸϲ","O"
"37","τοῖϲ","O"
"38","πλείϲτοιϲ","O"
"39","ἢ","O"
"40","νοοῦμεν","O"
"41","ἃ","O"
"42","λέγει","O"
"43",",","O"
"44","ἠξίωϲαϲ","O"
"45","ἀναγράψαι","O"
"46","με","O"
"47","τὰ","O"
"48","λεχθέντα","O"
"49","μηδὲ","O"
"50","διαπεϲόντα","O"
"51","ἐᾶϲαι","O"
"52","ὑπὸ","O"
"53","τῆϲ","O"
"54","λήθηϲ","O"
"55","ἀφανιϲθῆναι","O"
"56",".","O"
"57","μὴ","O"
"58","ὢν","O"
"59","δὲ","O"
"60","οἷόϲ","O"
"61","τε","O"
"62","πρὸϲ","O"
"63","τὰϲ","O"
"64","ϲὰϲ","O"
"65","δεήϲειϲ","O"
"66","ἀντιβλέπειν","O"
"67","διὰ","O"
"68","ϲὲ","O"
"69","καὶ","O"
"70","τοὺϲ","O"
"71","ἄλλουϲ","O"
"72","Ὁμήροῦ","PERSON"
"73","ἐραϲτάϲ","O"
"74",",","O"
"75","πειράϲομαι","O"
"76","τά","O"
"77","τε","O"
"78","ῥηθέντα","O"
"79","ποτὲ","O"
"80","ἀνενεγκεῖν","O"
"81","τά","O"
"82","τε","O"
"83","πάλιν","O"
"84","ὑποπεϲόντα","O"
"85","προϲθεῖναι","O"
"86",",","O"
"87","τὰϲ","O"
"88","μὲν","O"
"89","μείζουϲ","O"
"90","εἰϲ","O"
"91","Ὅμηρον","PERSON"
"92","πραγιιατείαϲ","O"
"93","ὑπερτιθέμενοϲ","O"
"94","εἰϲ","O"
"95","καιρὸν","O"
"96","ϲκέψεωϲ","O"
"97","τὸν","O"
"98","προϲήκοντα","O"
"99",",","O"
"100","ταυτὶ","O"
"101","δὲ","O"
"102","οἶον","O"
"103","προγύμναϲμα","O"
"104","τῶν","O"
"105","εἰϲ","O"
"106","αὐτὸν","O"
"107","ἀγώνων","O"
"108",",","O"
"109","ἐντὸϲ","O"
"110","οἷϲ","O"
"111","ἀγνοεῖται","O"
"112","μὲν","O"
"113","πολλὰ","O"
"114","τῶν","O"
"115","κατὰ","O"
"116","τὴν","O"
"117","φράϲιν","O"
"118",".","O"
"119","λανθάνει","O"
"120","δὲ","O"
"121","τοὸϲ","O"
"122","πολλοὺϲ","O"
"123","τῇ","O"
"124","δοκούϲη","O"
"125","ἐπιτρέχειν","O"
"126","τῶν","O"
"127","ποιημάτων","O"
"128","ὁλοϲχερεῖ","O"
"129","ϲαφηνείᾳ","O"
"130","προϲέχονταϲ","O"
"131",".","O"
"132","αὐτὸϲ","O"
"133","δὲ","O"
"134","ἕκαϲτοϲ","O"
"135","ἑαυτὸν","O"
"136","ἀνακρίνων","O"
"137","εὐθυνέτω","O"
"138",",","O"
"139","πρὶν","O"
"140","ὑφ","O"
"141","ἡμῶν","O"
"142","ἐπαχθῆναι","O"
"143","τὴν","O"
"144","ἐξήγηϲιν","O"
"145",",","O"
"146","ποίαν","O"
"147","περὶ","O"
"148","τῶν","O"
"149","προβαλλομένων","O"
"150","ἐπῶν","O"
"151","εἶχε","O"
"152","τὴν","O"
"153","διάνοιαν","O"
"154",".","O"
"155","ἢ","O"
"156","γὰρ","O"
"157","ταὐτὰ","O"
"158","γνοὺϲ","O"
"159","ἡμᾶϲ","O"
"160","λέγονταϲ","O"
"161","βεβαίαν","O"
"162","τὴν","O"
"163","περὶ","O"
"164","τῶν","O"
"165","νοηθέντων","O"
"166","ἕξει","O"
"167","κρίϲιν","O"
"168",",","O"
"169","ἢ","O"
"170","ϲφαλλόμενοϲ","O"
"171","μεταβήϲεται","O"
"172","ἡμᾶϲ","O"
"173","τε","O"
"174","ὀνήϲει","O"
"175","πλανωμένουϲ","O"
"176","διορθώϲαϲ","O"
"177",".","O"
"178","α΄","O"
"179",".","O"
"180","Ἐζητοῦμεν","O"
"181","τὸν","O"
"182","νοῦν","O"
"183","τε","O"
"184","τούτων","O"
"185","καὶ","O"
"186","τὰϲ","O"
"187","λέξειϲ","O"
"188","·","O"
"189","εἶμι","O"
"190","μὲν","O"
"191",",","O"
"192","οὐδ","O"
"193","ἁλίη","O"
"194","ὁδὸϲ","O"
"195","ἔϲϲεται","O"
"196","ἣν","O"
"197","ἀγορεύω","O"
"198",",","O"
"199","ἔμ","O"
"200","ποροϲ","O"
"201",",","O"
"202","ο","O"
"203","ὐ","O"
"204","γὰρ","O"
"205","νηὸϲ","O"
"206","ἐπ","O"
"207","ήβ","O"
"208","ολοϲ","O"
"209","ο","O"
"210","ὐδ","O"
"211","ἐρετάων","O"
"212","γίγνομαι","O"
"213",",","O"
"214","ὥϲ","O"
"215","νύ","O"
"216","που","O"
"217","ὔμμιν","O"
"218","ἐείϲατο","O"
"219","κέρδιον","O"
"220","εἰναι","O"
"221","β","O"
"222","—","O"
"223","τί","O"
"224","ϲημαίνει","O"
"225","τὸ","O"
"226","ἔμποροϲ","O"
"227","καὶ","O"
"228","τὸ","O"
"229","ἐπήβ","O"
"230","ολοϲ","O"
"231","καὶ","O"
"232","πρὸϲ","O"
"233","τί","O"
"234","ἀναφέρεται","O"
"235","τὸ","O"
"236","ὥϲ","O"
"237","ν","O"
"238","ύ","O"
"239","που","O"
"240","ὔμμιν","O"
"241","ἐείϲατο","O"
"242","κἐρδιον","O"
"243","εἶναι","O"
"244","τὸ","O"
"245","μὲν","O"
"246","οὖν","O"
"247","ἔμ","O"
"248","ποροϲ","O"
"249","οὐ","O"
"250","κατὰ","O"
"251","τὴν","O"
"252","ϲυνήθειαν","O"
"253","τέτακται","O"
"254","παρ","O"
"255","Ὁμήρῳ","PERSON"
"256",",","O"
"257","ἀλλ","O"
"258","ἐπὶ","O"
"259","τῶν","O"
"260","ἐπ","O"
"261","ἀλλοτρίαϲ","O"
"262","νηὸϲ","O"
"263","περώντων","O"
"264",",","O"
"265","οὓϲ","O"
"266","ϲυνήθωϲ","O"
"267","ἐπιβάταϲ","O"
"268","νῦν","O"
"269","λέγομεν","O"
"270",".","O"
"271","αὐτὸϲ","O"
"272","γοῦν","O"
"273","ἐντὸϲ","O"
"274","ἄλλοιϲ","O"
"275","παρίϲτηϲι","O"
"276","λέγων","O"
"277","ω","O"
"278",".","O"
"279","·","O"
"280","ἢ","O"
"281","ἔμποροϲ","O"
"282","εἰλήλουθαϲ","O"
"283","νηὸϲ","O"
"284","ἐπ","O"
"285","ἀλλοτρίηϲ","O"
"286",",","O"
"287","τῶν","O"
"288","Ἀττικῶν","NORP"
"289","τῶν","O"
"290","ἐντὸϲ","O"
"291","ταῖϲ","O"
"292","τριήρεϲι","O"
"293","ϲτρατευομένων","O"
"294","τοὺϲ","O"
"295","μὲν","O"
"296","μαχομέ","O"
"297","νουϲ","O"
"298","ἐπιβάταϲ","O"
"299","καλούντων","O"
"300",",","O"
"301","τοὺϲ","O"
"302","δὲ","O"
"303","τὰϲ","O"
"304","κώπαϲ","O"
"305","καὶ","O"
"306","τὰ","O"
"307","πηδάλια","O"
"308","ἔχονταϲ","O"
"309","ἐπικώπουϲ","O"
"310",".","O"
"311","ὅπερ","O"
"312","δὲ","O"
"313","παρὰ","O"
"314","τῷ","O"
"315","ποιητῆ","O"
"316","τῶν","O"
"317","ἐπὶ","O"
"318","τοῖϲ","O"
"319","ἅρμαϲιν","O"
"320","οἱ","O"
"321","μὲν","O"
"322","μαχόμενοι","O"
"323","παραιβάται","O"
"324",",","O"
"325","οἱ","O"
"326","δὲ","O"
"327","τὰϲ","O"
"328","ἡνίαϲ","O"
"329","ἔχοντεϲ","O"
"330","ἡνίοχοι","O"
"331",",","O"
"332","τοῦτο","O"
"333","ἐπὶ","O"
"334","τῶν","O"
"335","ἐντὸϲ","O"
"336","ταῖϲ","O"
"337","τριήρεϲιν","O"
"338","ἐπίκωποι","O"
"339","καὶ","O"
"340","ἐπιβάται","O"
"341","παρ","O"
"342","Ἀττικοῖϲ","O"
"343","δύνανται","O"
"344",".","O"
"345","οὐ","O"
"346","μέντοι","O"
"347","ὁ","O"
"348","ἔμποροϲ","O"
"349","ἀπὸ","O"
"350","τοῦ","O"
"351","πορίζειν","O"
"352","πεποίηται","O"
"353","παρ","O"
"354","Ὁμήρῳ","PERSON"
"355",",","O"
"356","ἀλλ","O"
"357","ἀπὸ","O"
"358","τοῦ","O"
"359","πόρου","O"
"360",",","O"
"361","τοῦτ","O"
"362","ἔϲτι","O"
"363","τῆϲ","O"
"364","πορείαϲ","O"
"365",".","O"
"366","τὸν","O"
"367","δὲ","O"
"368","πόρον","O"
"369","κυρίωϲ","O"
"370","ἐπὶ","O"
"371","τῆϲ","O"
"372","τοῦ","O"
"373","ὕδατοϲ","O"
"374","τάττει","O"
"375","πορείαϲ","O"
"376",",","O"
"377","λέγων","O"
"378","·","O"
"379","ὅϲϲ","O"
"380","ἐμόγηϲα","O"
"381","πόρουϲ","O"
"382","ἁλὸϲ","O"
"383","ἐξερεείνων","O"
"384","μ","O"
"385",",","O"
"386","καὶ","O"
"387","ἀλλ","O"
"388","ὅτε","O"
"389","δὴ","O"
"390","πόρον","O"
"391","ἷξον","O"
"392","ἐυρρεῖοϲ","O"
"393","ποταμοῖο","O"
"394","Ξ","O"
"395",".","O"
"396","ὡϲ","O"
"397","οὖν","O"
"398","τὸ","O"
"399","μὴ","O"
"400","ἐντὸϲ","O"
"401","οἰκείῳ","O"
"402","οἴκῳ","O"
"403","γαμεῖν","O"
"404","ἀλλ","O"
"405","ἐντὸϲ","O"
"406","ἀλλοτρίῳ","O"
"407","ἐγγαμεῖν","O"
"408","λέγουϲιν","O"
"409",",","O"
"410","οὕτωϲ","O"
"411","τὸ","O"
"412","ἐπ","O"
"413","ἀλλοτρίαϲ","O"
"414","νηὸϲ","O"
"415","τὸν","O"
"416","πλοῦν","O"
"417","ποιεῖϲθαι","O"
"418","ἐμπορεύεϲθαι","O"
"419",",","O"
"420","καὶ","O"
"421","ἔμποροϲ","O"
"422","ὁ","O"
"423","τοιοῦτοϲ","O"
"424",".","O"
"425","τὸ","O"
"426","δὲ","O"
"427","ἐπήβολοϲ","O"
"428","ϲημαίνει","O"
"429","τὸν","O"
"430","ἐπιπολλῆϲ","O"
"431","τυχῆ","O"
"432","καὶ","O"
"433","ἐγκρατῆ","O"
"434",",","O"
"435","ἀπὸ","O"
"436","τῆϲ","O"
"437","βολῆϲ","O"
"438","καὶ","O"
"439","τοῦ","O"
"440","βάλλειν","O"
"441",",","O"
"442","ὃ","O"
"443","ϲημαίνει","O"
"444","τὸ","O"
"445","τυγχάνειν","O"
"446","τοῦ","O"
"447","ϲκοποῦ","O"
"448",",","O"
"449","ὅθεν","O"
"450","καὶ","O"
"451","τὸ","O"
"452","ϲ","O"
"453","ὺ","O"
"454","δ","O"
"455","ἐνὶ","O"
"456","φρεϲὶ","O"
"457","βάλλεο","O"
"458","ϲῇϲι","O"
"459","Α","O"
"460",",","O"
"461","τοῦτ","O"
"462","ἔϲτιν","O"
"463","ἐπιτυχῶϲ","O"
"464","λάμβανε","O"
"465",".","O"
"466","καὶ","O"
"467","ἡ","O"
"468","βουλὴ","O"
"469","δὲ","O"
"470","οἶον","O"
"471","βολή","O"
"472","τιϲ","O"
"473",",","O"
"474","ὅθεν","O"
"475","ἔφη","O"
"476","·","O"
"477","ϲῇ","O"
"478","δ","O"
"479","ἥλ","O"
"480","ω","O"
"481","βουλῇ","O"
"482","Πριάμοιο","O"
"483","πόλιϲ","O"
"484","χ","O"
"485",",","O"
"486","ὡϲ","O"
"487","εἰ","O"
"488","ἔφη","O"
"489","·","O"
"490","τοῖϲ","O"
"491","ϲοῖϲ","O"
"492","ὅπλοιϲ","O"
"493","ἢ","O"
"494","τόξοιϲ","O"
"495","ἢ","O"
"496","βέλεϲι","O"
"497",".","O"
"498","λύϲειϲ","O"
"499","ἐντεῦθεν","O"
"500","καὶ","O"
"501","τὸ","O"
"502","ἡ","O"
"503","δὲ","O"
"504","Φερὰϲ","O"
"505","ἐπέβαλλεν","O"
"506","ἐπειγομένη","O"
"507","Δ","O"
"508","ιὸϲ","O"
"509","ο","O"
"510","ὔρ","O"
"511","ῳ","O"
"512","μετῆκται","O"
"513","γὰρ","O"
"514","ἀπὸ","O"
"515","τῶν","O"
"516","πόρρω","O"
"517","τὴν","O"
"518","ἐπιβολὴν","O"
"519","ποιουμένων","O"
"520","ὥϲτε","O"
"521","τυχεῖν","O"
"522","·","O"
"523","ἡ","O"
"524","ναῦϲ","O"
"525","οὖν","O"
"526","ἐπιβολὴν","O"
"527","ἐποιεῖτο","O"
"528","ὥϲτε","O"
"529","τυχεῖν","O"
"530","τῶν","O"
"531","Φερῶν","O"
"532",".","O"
"533","οὕτω","O"
"534","τῆ","O"
"535","λέξει","O"
"536","καὶ","O"
"537","οἱ","O"
"538","μεθ","O"
"539","Ὅμηρον","PERSON"
"540","κέχρηνται","O"
"541","·","O"
"542","Ϲοφοκλῆϲ","PERSON"
"543","Ἀλκμαίωνι","PERSON"
"544",".","O"
"545","·","O"
"546",",","O"
"547",",","O"
"548","εἴθ","O"
"549","εὖ","O"
"550","φρονήϲαντ","O"
"551","εἰϲίδοιμί","O"
"552","πωϲ","O"
"553","φρενῶν","O"
"554","ἐπήβολον","O"
"555","καλῶν","O"
"556","ϲε","O"
"557",",","O"
"558","Πλάτων","PERSON"
"559","νόμων","O"
"560","πρώτῳ.,.","O"
"561",",","O"
"562",",","O"
"563","ἐπήβολοι","O"
"564","γεγονότεϲ","O"
"565","τῆϲ","O"
"566","καλλίϲτηϲ","O"
"567","ᾠδῆϲ","O"
"568",",","O"
"569","καὶ","O"
"570","τετάρτῳ","O"
"571",".","O"
"572","Β","O"
"573","παιδείαϲ","O"
"574","γίνονται","O"
"575","κατὰ","O"
"576","δύναμιν","O"
"577","ἐπήβολοι","O"
"578",",","O"
"579","Ὑπερίδηϲ","O"
"580","ἐντὸϲ","O"
"581","τῷ","O"
"582","κατὰ","O"
"583","Δημάδου","PERSON"
"584",".","O"
"585","·","O"
"586",",","O"
"587","μηδέποτε","O"
"588","πολεμου","O"
"589","μήτε","O"
"590","πολιτείαϲ","O"
"591","ἐπηβόλουϲ","O"
"592","γενέϲθαι","O"
"593",",","O"
"594","Ἄρχιπποϲ","PERSON"
"595","Πλούτῳ,.","O"
"596","Κ","O"
"597",".","O"
"598","·","O"
"599",",","O"
"600",",","O"
"601","νῦν","O"
"602","ὡϲ","O"
"603","ἐγενόμην","O"
"604","χρημάτων","O"
"605","ἐπήβολοϲ","O"
"606",".","O"
"607","ἔϲτι","O"
"608","δὲ","O"
"609","οὐ","O"
"610","ποιητικὴ","NORP"
"611","λέξιϲ","O"
"612","ἀλλ","O"
"613","Ἀττική","NORP"
"614",".","O"
"615","τί","O"
"616","οὖν","O"
"617","αἱ","O"
"618","λέξειϲ","O"
"619","ϲημαίνουϲι","O"
"620","δεδήλωται","O"
"621",",","O"
"622","τὸ","O"
"623","δὲ","O"
"624","ὥϲ","O"
"625","νύ","O"
"626","π","O"
"627","ου","O"
"628","ὔμμιν","O"
"629","ἐ","O"
"630","είϲατο","O"
"631","κέρδιον","O"
"632","εἶναι","O"
"633","ϲὺν","O"
"634","βαρύτητι","O"
"635","εἴρηται","O"
"636",",","O"
"637","λέγοντοϲ","O"
"638","Τηλεμάχου","PERSON"
"639","·","O"
"640","ἐντὸϲ","O"
"641","ἀλλοτρίᾳ","O"
"642","πλευϲοῦμαι","O"
"643","νηί","O"
"644","·","O"
"645","οὐ","O"
"646","γάρ","O"
"647","είμι","O"
"648","ἐπιτυχὴϲ","O"
"649","ἰδίαϲ","O"
"650","νηόϲ","O"
"651",",","O"
"652","οὐδὲ","O"
"653","ἐρέταϲ","O"
"654","κεκτημαι","O"
"655",",","O"
"656","τοῦτο","O"
"657","γὰρ","O"
"658","ὑμῖν","O"
"659","ὠφελιμώτερον","O"
"660","εἰναι","O"
"661","ἐφάνη","O"
"662",",","O"
"663","τοῦτ","O"
"664","ἔϲτι","O"
"665","τὸ","O"
"666","μὴ","O"
"667","ἔχειν","O"
"668","ἐμὲ","O"
"669","ἰδίαν","O"
"670","ναῦν","O"
"671","ἀλλ","O"
"672","ἔμπορον","O"
"673","πλεῖν","O"
"674","ἀναφέρει","O"
"675","δὲ","O"
"676","εἰϲ","O"
"677","ἐκεῖνο","O"
"678",",","O"
"679","ὅτι","O"
"680","εἰϲ","O"
"681","πενίαν","O"
"682","αὐτὸν","O"
"683","κατέϲτηϲαν","O"
"684",".","O"
"685","προεῖπε","O"
"686","γάρ","O"
"687","·","O"
"688","ἢ","O"
"689","οὐχ","O"
"690","ἅλιϲ","O"
"691",",","O"
"692","ὡϲ","O"
"693","τὸ","O"
"694","πρόϲθεν","O"
"695","ἐκείρετε","O"
"696","πολλὰ","O"
"697","καὶ","O"
"698","ἐϲθλὰ","O"
"699","κτῆμα","O"
"700","τ","O"
"701","ἐμά","O"
"702",",","O"
"703","μνηϲτ","O"
"704","ῆρεϲ","O"
"705",",","O"
"706","ἐγ","O"
"707","ὼ","O"
"708","δ","O"
"709","ἔτι","O"
"710","ν","O"
"711","ή","O"
"712","πιοϲ","O"
"713","ἦα","O"
"714","β","O"
"715",".","O"
"716","ἔϲτιν","O"
"717","οὖν","O"
"718","οὕτω","O"
"719","τὸ","O"
"720","νόημα","O"
"721","·","O"
"722","ἀντὶ","O"
"723","ναυκλήρου","O"
"724","δι","O"
"725","ὑμᾶϲ","O"
"726","ἐπιβάτηϲ","O"
"727","γέγονα","O"
"728","τἀμὰ","O"
"729","καταναλώϲαϲ","O"
"730",".","O"
"731","Ε","O"
"732","Κ","O"
"733",".","O"
"734","δ΄","O"
"735","—","O"
"736","ζ΄","O"
"737",".","O"
"738","δ","O"
"739","Ψ,.","O"
"740",";","O"
"741","ε","O"
"742","′,.","O"
"743",";","O"
"744","Ϛ.,.","O"
"745",";","O"
"746","ζ΄","O"
"747","Ϲ,.","O"
"748","γ΄","O"
"749",".","O"
"750","Τ","O"
"751","ὸ","O"
"752","αἰόλον","PERSON"
"753","οὐκ","O"
"754","οἱδ","O"
"755","ὅθεν","O"
"756","τῶν","O"
"757","γραμματικῶν","O"
"758","τινεϲ","O"
"759","ἐπὶ","O"
"760","τοῦ","O"
"761","ποικίλου","O"
"762","παρ","O"
"763","Ὁμήρῳ","PERSON"
"764","ἀκούειν","O"
"765","ἀξιοῦϲιν","O"
"766","·","O"
"767","οὕτω","O"
"768","γοῦν","O"
"769","τὸ","O"
"770","αἰολόπωλον","O"
"771","Γ","O"
"772","ἀποδιδόαϲι","O"
"773","καὶ","O"
"774","τὸ","O"
"775","αἰόλοϲ","O"
"776","ἵπποϲ","O"
"777","Τ","O"
"778","καὶ","O"
"779","αἰόλον","O"
"780","ὄφιν","O"
"781",".","O"
"782","οὐκ","O"
"783","ἔϲτι","O"
"784","δὲ","O"
"785","ἀλλὰ","O"
"786","ϲημαίνει","O"
"787","τὸν","O"
"788","τα","O"
"789","Β","O"
"790",".","O"
"791","κορυθαιόλοϲ","O"
"792",".","O"
"793",",","O"
"794","Π","O"
"795",".","O"
"796","Οὐκ","O"
"797","οἶδ","O"
"798","ὅθεν","O"
"799","τῶν","O"
"800","γραμματικῶν","O"
"801","τινεϲ","O"
"802","τὸ","O"
"803","αἰόλον","O"
"804","ἐπὶ","O"
"805","τοῦ","O"
"806","ποικίλου","O"
"807","παρ","O"
"808","Ὁμήρῳ","PERSON"
"809","ἀκούειν","O"
"810","ἀξιοῦϲιν","O"
"811","·","O"
"812","οὕτω","O"
"813","γοῦν","O"
"814","τὸ","O"
"815","αἰολόπω","NORP"
"816","ἀποδιδόαϲι","O"
"817","καὶ","O"
"818","πόδαϲ","O"
"819","αἰόλοϲ","O"
"820","ἵπ","O"
"821","ποϲ","O"
"822","καὶ","O"
"823","τὸ","O"
"824","αἰόλον","NORP"
"825","ὄφιν","O"
"826",".","O"
"827","οὐκ","O"
"828","ἔϲτι","O"
"829","δὲ","O"
"830","οὕτωϲ","O"
"831","ἀλλὰ","O"
"832","ϲημαίνει","O"
"833","τὸν","O"
"834","ταχύν","O"
"835",",","O"
"836","γενόμε","O"
"837",".","O"
"838","χύν","O"
"839",",","O"
"840","γενόμενον","O"
"841","ἀπὸ","O"
"842","τῆϲ","O"
"843","ἀέλληϲ","O"
"844",",","O"
"845","ἥτιϲ","O"
"846","ἀπὸ","O"
"847","τοῦ","O"
"848","ἄειν","O"
"849","καὶ","O"
"850","εἱλεῖν","O"
"851","πε","O"
"852","ποίηται","O"
"853",",","O"
"854","ὡϲ","O"
"855","αὐτὸϲ","O"
"856","ἐξηγήϲατο","O"
"857","εἰπ","O"
"858","ών","O"
"859","·","O"
"860","ὅ","O"
"861","ν","O"
"862","π","O"
"863","ε","O"
"864","π","O"
"865","ἄελλαι","O"
"866","χειμεριαιεἱλέω","O"
"867",".","O"
"868",",","O"
"869","ἤτοι","O"
"870","εἱλῶϲιν","O"
"871",".","O"
"872","ὡϲ","O"
"873","καὶ","O"
"874","ἐπὶ","O"
"875","τοῦ","O"
"876","βορρᾶ","O"
"877","ἔφη","O"
"878","·","O"
"879","εἵλει","O"
"880","γὰρ","O"
"881","βορέηϲ","O"
"882","ἄνεμοϲ","O"
"883","τ","O"
"884",".","O"
"885","ἡ","O"
"886","μὲν","O"
"887","οὖν","O"
"888","ἄελλα","O"
"889","ἀπὸ","O"
"890","τοῦ","O"
"891","ἄειν","O"
"892","καὶ","O"
"893","εἱλεῖν","O"
"894",",","O"
"895","ἡ","O"
"896","δὲ","O"
"897","θύελλα","O"
"898","ἀπὸ","O"
"899","τοῦ","O"
"900","θύειν","O"
"901","καὶ","O"
"902","εἱλεῖν","O"
"903",",","O"
"904","θύειν","O"
"905","δὲ","O"
"906","τὸ","O"
"907","ϲφοδρῶϲ","O"
"908","ὁρμᾶν","O"
"909","δίκην","O"
"910","ἦ","O"
"911","γὰρ","O"
"912","ὅ","O"
"913","γ","O"
"914","ὀ","O"
"915","λ","O"
"916","ο","O"
"917","ῇϲι","O"
"918","φρεϲὶ","O"
"919","θύει","O"
"920","Α","O"
"921",".","O"
"922","ὅθεν","O"
"923","καὶ","O"
"924","Θυάδεϲ","O"
"925","αἱ","O"
"926","Βάκχαι","NORP"
"927",".","O"
"928","ὡϲ","O"
"929","οὖν","O"
"930","ἀελ","O"
"931","λόπουϲ","O"
"932","ἡ","O"
"933","Ἴριϲ","O"
"934","λέγεται","O"
"935","Θ","O"
"936",",","O"
"937","ἣν","O"
"938","μεταλαβὼν","O"
"939","ποδήνεμον","O"
"940","προϲη","O"
"941","Β","O"
"942",",","O"
"943","οὕτω","O"
"944","τὸν","O"
"945","ποδώκη","O"
"946","ἵππον","O"
"947","μεταλαμβάνων","O"
"948","πὸδαϲ","O"
"949","αἰ","O"
"950","ἵπ","O"
"951","ποϲ","O"
"952","εἶπε","O"
"953","·","O"
"954","καὶ","O"
"955","ὡϲ","O"
"956","εἰπὼν","O"
"957","ἀργίποδαϲ","O"
"958","κύναϲ","O"
"959","Ω","O"
"960","κατὰ","O"
"961","ἀλλαχοῦ","O"
"962","ἔφη","O"
"963","καὶ","O"
"964","κύναϲ","O"
"965","ἀργούϲ","O"
"966","Α","O"
"967",",","O"
"968","οὕτω","O"
"969","τοὺϲ","O"
"970","πόδαϲ","O"
"971","αἰόλουϲ","O"
"972","ἵππουϲ","O"
"973","κατὰ","O"
"974","τὴν","O"
"975","περίληψιν","O"
"976","αἰολοπ","NORP"
"977","ώλουϲ","O"
"978","ἔφη","O"
"979",".","O"
"980","καὶ","O"
"981","αἰόλαι","NORP"
"982","οὖν","O"
"983","εὐλαί","O"
"984","ἀπὸ","O"
"985","τοῦ","O"
"986","εἱλεῖ","O"
"987","ϲθαι","O"
"988","ταχέωϲ","O"
"989","λέγονται","O"
"990",",","O"
"991","καὶ","O"
"992","ϲφῆκεϲ","O"
"993","αἰόλοι","NORP"
"994","οἱ","O"
"995","κατὰ","O"
"996","τὸ","O"
"997","μέϲον","O"
"998","ϲυνεχῶϲ","O"
"999","κινούμενοι","O"
"1000","καὶ","O"
"1001","καὶ","O"
"1002","κορυθαιόλοϲ","O"
"1003","οὖν","O"
"1004","νον","O"
"1005","ἀπὸ","O"
"1006","τῆϲ","O"
"1007","ἀέλληϲ","O"
"1008",",","O"
"1009","ἥτιϲ","O"
"1010","ἀπὸ","O"
"1011","τοῦ","O"
"1012","ἄειν","O"
"1013","καὶ","O"
"1014","τοῦ","O"
"1015","εἰλεῖν","O"
"1016","πεποίηται","O"
"1017",",","O"
"1018","ὡϲ","O"
"1019","αὐτὸϲ","O"
"1020","ἐξηγήϲατο","O"
"1021","εἰπών","O"
"1022","ὅ","O"
"1023","ν","O"
"1024","περ","O"
"1025","ἄελλαι","O"
"1026","χειμέριαι","O"
"1027","εἰλἐωϲι","O"
"1028",",","O"
"1029","τουτϲιν","O"
"1030","ἐϲτιν","O"
"1031","εἰλῶϲιν","O"
"1032",".","O"
"1033","ὡϲ","O"
"1034","καὶ","O"
"1035","ἐπὶ","O"
"1036","τοῦ","O"
"1037","βορέου","GOD"
"1038","ἔφη","O"
"1039","·","O"
"1040","εἴλει","O"
"1041","γὰρ","O"
"1042","βορέηϲ","O"
"1043","ἄνεμοϲ","O"
"1044",".","O"
"1045","ἡ","O"
"1046","μὲν","O"
"1047","οὖν","O"
"1048","ἄελλα","O"
"1049","ἀπὸ","O"
"1050","τοῦ","O"
"1051","ἄειν","O"
"1052","καὶ","O"
"1053","εἰλεῖν","O"
"1054","πεποίηται","O"
"1055",",","O"
"1056","ἡ","O"
"1057","δὲ","O"
"1058","θύελλα","O"
"1059","ἀπὸ","O"
"1060","τοῦ","O"
"1061","θύειν","O"
"1062","καὶ","O"
"1063","εἰλεῖν","O"
"1064",",","O"
"1065","θύειν","O"
"1066","δὲ","O"
"1067","τὸ","O"
"1068","ϲφοδρῶϲ","O"
"1069","καὶ","O"
"1070","ἀκαθέμαινομένων","O"
"1071","·","O"
"1072","κτωϲ","O"
"1073","ὁρμᾶν","O"
"1074","δίκην","O"
"1075","μαινομένων","O"
"1076","·","O"
"1077","ἦ","O"
"1078","γὰρ","O"
"1079","ὅγ","O"
"1080","ὁλοῇϲι","O"
"1081","φρεϲὶ","O"
"1082","θύει","O"
"1083","καὶ","O"
"1084","θῦνε","O"
"1085","διὰ","O"
"1086","προμάχ","O"
"1087","ων","O"
"1088","ε","O"
"1089",".","O"
"1090","ὅθεν","O"
"1091","καὶ","O"
"1092","Θυάδεϲ","O"
"1093","αἱ","O"
"1094","Βάκχαι","NORP"
"1095",".","O"
"1096","ὡϲ","O"
"1097","οὖν","O"
"1098","ἀελλό","O"
"1099","π","O"
"1100","Ἶριϲ","O"
"1101","λέγεται","O"
"1102",",","O"
"1103","ἣν","O"
"1104","μεταγόρευκεν","O"
"1105","λαβὼν","O"
"1106","ποδήνεμον","O"
"1107","προϲηγόρευϲεν","O"
"1108",",","O"
"1109","οὕτωϲ","O"
"1110","τὸν","O"
"1111","ποδώκη","O"
"1112","ἵππον","O"
"1113","μεταλαμλοϲ","O"
"1114","βάνων","O"
"1115","πόδα","O"
"1116","ϲ","O"
"1117","αἰόλοϲ","O"
"1118","ἵπ","O"
"1119","ποϲἔφη","O"
"1120","·","O"
"1121","καὶ","O"
"1122","ὥϲπερ","O"
"1123","εἰπ","O"
"1124","ὼν","O"
"1125","ἀργίποδαϲ","O"
"1126","κύ","O"
"1127","περίληψιν","O"
"1128","ναϲ","O"
"1129","κατὰ","O"
"1130","περίληψιν","O"
"1131","ἀλλαχοῦ","O"
"1132","ἔφη","O"
"1133","καὶ","O"
"1134","κύναϲ","O"
"1135","ἀργο","O"
"1136","ύϲ","O"
"1137",",","O"
"1138","οὕτω","O"
"1139","τοὺϲ","O"
"1140","τοὸϲ","O"
"1141","πόδαϲ","O"
"1142","αἰόλουϲ","O"
"1143","ἵππουϲ","O"
"1144","κατὰ","O"
"1145","περίληψιν","O"
"1146","αίολοπώλουϲ","O"
"1147","εἶπε","O"
"1148",".","O"
"1149","καὶ","O"
"1150","αἰόλαι","NORP"
"1151","οὖν","O"
"1152","εὐλαί","O"
"1153","ἀπὸ","O"
"1154","τοῦ","O"
"1155","ταχέωϲ","O"
"1156","εἰλεῖϲθαι","O"
"1157","εἴρηνται","O"
"1158","καὶ","O"
"1159","ϲ","O"
"1160","φἠκεϲ","O"
"1161","μέ","O"
"1162","μέϲον","O"
"1163","ϲον","O"
"1164","αἰόλαι","NORP"
"1165","αἱ","O"
"1166","κατὰ","O"
"1167","μέϲον","O"
"1168","ϲυνεχῶϲ","O"
"1169","κινούμεναι","O"
"1170","καὶ","O"
"1171","εἰλούμεναι","O"
"1172",".","O"
"1173","καὶ","O"
"1174","κο","O"
"1175","εἱλούμενοι","O"
"1176",".","O"
"1177","ρυθαιόλοϲ","O"
"1178","οὖν","O"
"1179","ὁ","O"
"1180","ϲυνεχῶϲ","O"
"1181","κινῶν","O"
"1182","ὁ","O"
"1183","ϲυνεχῶϲ","O"
"1184","κινῶν","O"
"1185","τὴν","O"
"1186","κόρυθα","O"
"1187",",","O"
"1188","ὃ","O"
"1189","μεταποιῶν","O"
"1190","ἐπὶ","O"
"1191","τοῦ","O"
"1192","Ἄρεοϲ","O"
"1193","ἔφη","O"
"1194","·","O"
"1195","ἐνυαλί","O"
"1196","ῳ","O"
"1197","κορυθάικι","O"
"1198","Χ","O"
"1199",".","O"
"1200","λύϲειϲ","O"
"1201","ἐντεῦθεν","O"
"1202","καὶ","O"
"1203","ὅτε","O"
"1204","γαϲτέρ","O"
"1205","ἀνὴρ","O"
"1206","πολέοϲ","O"
"1207","αἰθομένοιο","O"
"1208","ἐμπλείην","O"
"1209","κνίϲϲηϲ","O"
"1210","τε","O"
"1211","καὶ","O"
"1212","αἵματοϲ","O"
"1213","καὶ","O"
"1214","ἔνθα","O"
"1215","αἰόλλῃ","NORP"
"1216","υ","O"
"1217","δηλοῖ","O"
"1218","οὖν","O"
"1219","τὸ","O"
"1220","εἱλεῖν","O"
"1221","καὶ","O"
"1222","ϲυνεχῶϲ","O"
"1223","ἐκ","O"
"1224","δὲ","O"
"1225","τοῦ","O"
"1226","κορυθάικι","O"
"1227","λύϲειϲ","O"
"1228","τὸ","O"
"1229","Δ","O"
"1230","ωριέεϲ","O"
"1231","τε","O"
"1232","τριχἁικεϲ","O"
"1233","τ","O"
"1234",",","O"
"1235","οἱ","O"
"1236","ϲυνεχῶϲ","O"
"1237","τὰϲ","O"
"1238","τρίχαϲ","O"
"1239","τὸ","O"
"1240","δραϲτικὸν","O"
"1241","κινοῦντεϲ","O"
"1242","·","O"
"1243","καρηκο","O"
"1244","μόωντεϲ","O"
"1245","εἴρηνται","O"
"1246",".","O"
"1247","τὴν","O"
"1248","κόρυθα","O"
"1249",",","O"
"1250","ὃ","O"
"1251","μεταποιῶν","O"
"1252","ἐπὶ","O"
"1253","τοῦ","O"
"1254","Ἄρεωϲ","O"
"1255","ἔφη","O"
"1256","·","O"
"1257","ἶϲοϲ","O"
"1258","ἐνυαλί","O"
"1259","ῳ","O"
"1260","κο","O"
"1261","ἴϲοϲ","O"
"1262","ρυθάικι","O"
"1263",".","O"
"1264","λύϲειϲ","O"
"1265","δ","O"
"1266","ἐντεῦθεν","O"
"1267","καὶ","O"
"1268","τὸ","O"
"1269","ὡϲ","O"
"1270","τὸ","O"
"1271","ὡϲ","O"
"1272","δ","O"
"1273","ὅτε","O"
"1274","γαϲτέρ","O"
"1275","ἀνὴρ","O"
"1276","πο","O"
"1277","δ᾿","O"
"1278","λέοϲ","O"
"1279","πυρὸϲ","O"
"1280","αἰθομένοιο","O"
"1281","ἐμπυρὸϲ","O"
"1282","πλείην","O"
"1283","κνίϲηϲ","O"
"1284","τε","O"
"1285","καὶ","O"
"1286","αἵμα","O"
"1287","τοϲ","O"
"1288","ἔνθα","O"
"1289","ἔνθα","O"
"1290","καὶ","O"
"1291","ἔν","O"
"1292","θα","LOC"
"1293","αἰόλλ","NORP"
"1294","ῃ","O"
"1295","·","O"
"1296","δηλοῖ","O"
"1297","τὸ","O"
"1298","εἰλεῖν","O"
"1299","καὶ","O"
"1300","ϲυνεχῶϲ","O"
"1301","ϲτρέφειν","O"
"1302",".","O"
"1303","ἐκ","O"
"1304","δὲ","O"
"1305","τοῦ","O"
"1306","κορυθάικι","O"
"1307","λύϲειϲ","O"
"1308","τὸ","O"
"1309","Δ","O"
"1310","ω","O"
"1311","ϲτρέφειν","O"
"1312",".","O"
"1313","ριέεϲ","O"
"1314","τε","O"
"1315","τριχάικεϲ","O"
"1316",",","O"
"1317","οἱ","O"
"1318","ϲυνεχῶϲ","O"
"1319","τὰϲ","O"
"1320","τρίχαϲ","O"
"1321","διὰ","O"
"1322","τὸ","O"
"1323","δραϲτικὸν","O"
"1324","κινοῦνοἱ","O"
"1325","τεϲ","O"
"1326","·","O"
"1327","καρηκομό","O"
"1328","ωντεϲ","O"
"1329","γὰρ","O"
"1330","εἴρηνδιὰ","O"
"1331","ται","O"
"1332","οἱ","O"
"1333","Ἀλχαιοί","O"
"1334",".","O"
"1335","η΄","O"
"1336",".","O"
"1337","ἐντὸϲ","O"
"1338","τοῖϲ","O"
"1339","Φιλήμονοϲ","O"
"1340","ϲυμμίκτοιϲ","O"
"1341","περὶ","O"
"1342","Ἡροδοτείου","NORP"
"1343","διορθώματοϲ","O"
"1344","ὁ","O"
"1345","γραμματικὸϲ","O"
"1346","διαλεγόμενοϲ","O"
"1347","πειρᾶται","O"
"1348","καὶ","O"
"1349","Ὁμηρικά","O"
"1350","τινα","O"
"1351","ϲαφηνίζειν","O"
"1352",".","O"
"1353","οὐδὲν","O"
"1354","δὲ","O"
"1355","χεῖρον","O"
"1356","καὶ","O"
"1357","τὸν","O"
"1358","Ἡρόδοτον","PERSON"
"1359","φιλοῦντί","O"
"1360","ϲοι","O"
"1361","τὴν","O"
"1362","πᾶϲαν","O"
"1363","τοῦ","O"
"1364","ἀνδρὸϲ","O"
"1365","ἀναγράψαι","O"
"1366","ζήτηϲιν","O"
"1367",".","O"
"1368","φηϲὶ","O"
"1369","γὰρ","O"
"1370","ὅτι","O"
"1371","ἐντὸϲ","O"
"1372","τῇ","O"
"1373","πρώτῃ","O"
"1374","Ἡρόδοτοϲ","O"
"1375","τῶν","O"
"1376","ἱϲτοριῶν","O"
"1377","περὶ","O"
"1378","Κροίϲου","O"
"1379","τοῦ","O"
"1380","Λυδοῦ","NORP"
"1381","πολλὰ","O"
"1382","τε","O"
"1383","ἄλλα","O"
"1384","διείλεκται","O"
"1385",",","O"
"1386","καὶ","O"
"1387","μὴν","O"
"1388","ὅτι","O"
"1389","θεοϲεβέϲτατοϲ","O"
"1390","γένοιτο","O"
"1391","καὶ","O"
"1392","διαπρεπῶϲ","O"
"1393","τιμήϲαι","O"
"1394","τὰ","O"
"1395","ἑλληνικὰ","NORP"
"1396","μαντεῖα","O"
"1397",",","O"
"1398","τὰ","O"
"1399","ἐντὸϲ","O"
"1400","Δελφοῖϲ","O"
"1401",",","O"
"1402","τὰ","O"
"1403","ἐντὸϲ","O"
"1404","Θήβαιϲ","O"
"1405",",","O"
"1406","τὸ","O"
"1407","τοῦ","O"
"1408","Ἄλμμωνοϲ","O"
"1409",",","O"
"1410","τὸ","O"
"1411","τοῦ","O"
"1412","Ἀλμφιαράου","PERSON"
"1413","·","O"
"1414","τοῦτο","O"
"1415","μὲν","O"
"1416","δὴ","O"
"1417","ἄλλοιϲ","O"
"1418","ἄλλα","O"
"1419","πέμ","O"
"1420","ψαι","O"
"1421","δῶρα","O"
"1422",",","O"
"1423","ἀνέθηκε","O"
"1424","δέ","O"
"1425","τινα","O"
"1426","καὶ","O"
"1427","ἐντὸϲ","O"
"1428","ραγχίδῃϲι","O"
"1429","τῇϲι","O"
"1430","Μιληϲίων","O"
"1431",".","O"
"1432","καὶ","O"
"1433","γέγραπται","O"
"1434","ἤδη","O"
"1435","κατὰ","O"
"1436","πάντα","O"
"1437","ἁπλῶϲ","O"
"1438","τὰ","O"
"1439","ἀντίγραφα","O"
"1440","τὸ","O"
"1441","τῆϲ","O"
"1442","ἄρθρον","O"
"1443","ϲὺν","O"
"1444","τῷ","O"
"1445","ἰῶτα","O"
"1446","ἰϲοδυναμοῦν","O"
"1447","τῷ","O"
"1448","ταῖϲ","O"
"1449",".","O"
"1450","οὐδένα","O"
"1451","γε","O"
"1452","μὴν","O"
"1453","ἑλλήνων","NORP"
"1454","ὑπομεῖναι","O"
"1455","θηλυκῶϲ","O"
"1456","τὰϲ","O"
"1457","Βραγχίδαϲ","PERSON"
"1458","ἂν","O"
"1459","εἰπεῖν","O"
"1460",",","O"
"1461","Ἡρόδοτον","PERSON"
"1462","δὲ","O"
"1463","μᾶλλον","O"
"1464","ἂν","O"
"1465","ἑτέρων","O"
"1466","φυλάξαϲθαι","O"
"1467",",","O"
"1468","ἀκριβῆ","O"
"1469","τε","O"
"1470","ὄντα","O"
"1471","περὶ","O"
"1472","τὰ","O"
"1473","ὀνόματα","O"
"1474","καὶ","O"
"1475","πάνυ","O"
"1476","ἐπιεικῶϲ","O"
"1477","φροντιϲτικὸν","O"
"1478",".","O"
"1479","τοῦτο","O"
"1480","δὴ","O"
"1481","θεραπεύων","O"
"1482","τιϲ","O"
"1483","οὐχ","O"
"1484","Ἡροδότου","PERSON"
"1485",",","O"
"1486","φηϲὶν","O"
"1487",",","O"
"1488","ἁμάρτημα","O"
"1489","γεγονέναι","O"
"1490",",","O"
"1491","μᾶλλον","O"
"1492","δὲ","O"
"1493","τὸν","O"
"1494","ϲυγγραφέα","O"
"1495","φηϲὶ","O"
"1496","διαμαρτεῖν","O"
"1497","παρεμβαλόντα","O"
"1498","τὸ","O"
"1499","ϲῑ","O"
"1500",".","O"
"1501","πολλὰ","O"
"1502","δὲ","O"
"1503","φέρεϲθαι","O"
"1504","μἔχρι","O"
"1505","νῦν","O"
"1506","ἁμαρτήματα","O"
"1507","κατὰ","O"
"1508","τὴν","O"
"1509","Ἡροδότου","PERSON"
"1510","ϲυγγραφὴν","O"
"1511","καὶ","O"
"1512","ἔτι","O"
"1513","τὴν","O"
"1514","Θουκυδίδου","PERSON"
"1515","καὶ","O"
"1516","Φιλίϲτου","PERSON"
"1517","καὶ","O"
"1518","τῶν","O"
"1519","ἄλλων","O"
"1520","ἀξιολόγων","O"
"1521","ϲυγγραφέων","O"
"1522",".","O"
"1523","τί","O"
"1524","δ","O"
"1525","οὐχὶ","O"
"1526","καὶ","O"
"1527","τὰ","O"
"1528","ποιήματα","O"
"1529","ϲχεδὸν","O"
"1530","ἀνάπλεω","O"
"1531","πάντα","O"
"1532","τυγχάνει","O"
"1533","ἁμαρηημάτων","O"
"1534","γραφικῶν","O"
"1535","καὶ","O"
"1536","τῶν","O"
"1537","ἄλλων","O"
"1538","παραδιορθωμάτων","O"
"1539","πάνυ","O"
"1540","ἀγροίκων","O"
"1541","καὶ","O"
"1542","ἵνα","O"
"1543","μὴ","O"
"1544","περαιτέρω","O"
"1545","τιϲ","O"
"1546","προβαίνων","O"
"1547","ἐνοχλῇ","O"
"1548","διερευνώμενοϲ","O"
"1549","τὰϲ","O"
"1550","ἐντὸϲ","O"
"1551","τοῖϲ","O"
"1552","ἀντιγράφοιϲ","O"
"1553","ἐμμεμενηκυίαϲ","O"
"1554","ἡμαρτημέναϲ","O"
"1555","γραφάϲ","O"
"1556",",","O"
"1557","ἔξεϲτί","O"
"1558","ϲοι","O"
"1559","ϲκοπεῖν","O"
"1560","καὶ","O"
"1561","τῶν","O"
"1562","Ὁμηρικῶν","NORP"
"1563","ταδί","O"
"1564","·","O"
"1565","ὅ","O"
"1566","τ","O"
"1567","ἐ","O"
"1568","πεὶ","O"
"1569","ἐκ","O"
"1570","πολέων","O"
"1571","πίϲυρα","O"
"1572","ϲ","O"
"1573","ϲυναγείρεται","O"
"1574","ἵπ","O"
"1575","πουϲ","O"
"1576","λαοφ","O"
"1577","όρον","O"
"1578","κα","O"
"1579","θ","O"
"1580","ὁδόν","O"
"1581",".","O"
"1582","ἐνταῦθα","O"
"1583","γὰρ","O"
"1584","πρὸϲ","O"
"1585","οὐδὲν","O"
"1586","ἀναγκαῖον","O"
"1587","ἐγράφη","O"
"1588","διὰ","O"
"1589","τοῦ","O"
"1590","γ","O"
"1591",".","O"
"1592","νωθρὸν","O"
"1593","οὖν","O"
"1594","τὸ","O"
"1595","ϲημαινόμενον","O"
"1596","καὶ","O"
"1597","ϲφόδρα","O"
"1598","ὑπόκωφον","O"
"1599","προϲπίπτειν","O"
"1600","ἔοικε","O"
"1601",".","O"
"1602","τὸ","O"
"1603","δὲ","O"
"1604","χωρὶϲ","O"
"1605",".","O"
"1606","τοῦ","O"
"1607","γ","O"
"1608","γράφειν","O"
"1609","Ὁμηρικὸν","O"
"1610","παρὰ","O"
"1611","τῇ","O"
"1612","χρήϲει","O"
"1613","καὶ","O"
"1614","τῷ","O"
"1615","λόγῳ","O"
"1616","πάντη","O"
"1617","ϲυνᾷδον","O"
"1618","ἐπιεικῶϲ","O"
"1619",".","O"
"1620","τὸ","O"
"1621","γὰρ","O"
"1622","ϲυναείρεται","O"
"1623","μάλλον","O"
"1624","προϲεχῶϲ","O"
"1625","ϲημαίνει","O"
"1626","τὸ","O"
"1627","ϲυνάγειν","O"
"1628","καὶ","O"
"1629","ϲυναρμόζειν","O"
"1630",".","O"
"1631","καὶ","O"
"1632","ἐντὸϲ","O"
"1633","ἄλλοιϲ","O"
"1634","Κ","O"
"1635","ϲ","O"
"1636","ὺν","O"
"1637","δ","O"
"1638","ἤειρεν","O"
"1639","ἱμᾶ","O"
"1640","ϲι","O"
"1641",",","O"
"1642","ϲυνήγαγε","O"
"1643","τοὺϲ","O"
"1644","ἵππουϲ","O"
"1645",".","O"
"1646","ὁ","O"
"1647","δὲ","O"
"1648","βέλτιϲτοϲ","O"
"1649","Ἀριϲτο","O"
"1650","φάνηϲ","O"
"1651","κάκεῖνο","O"
"1652","τὸ","O"
"1653","ἐντὸϲ","O"
"1654","τοῖϲ","O"
"1655","Παραποταμίοιϲ","O"
"1656","λεγόμενον","O"
"1657","·","O"
"1658","θρώϲκων","O"
"1659","τιϲ","O"
"1660","κα","O"
"1661","τὰ","O"
"1662","κῦμα","O"
"1663","μέλαιναν","O"
"1664","φρῖχ","O"
"1665","ὑπαλύξει","O"
"1666","ἰχ","O"
"1667","θύϲ","O"
"1668",",","O"
"1669","ὅϲ","O"
"1670","κε","O"
"1671","φάγῃϲι","O"
"1672","Λυκάονοϲ","O"
"1673","ἀργέτα","O"
"1674","δημόν","O"
"1675","Φ","O"
"1676",",","O"
"1677","δείκνυϲιν","O"
"1678","ὡϲ","O"
"1679","ἡμαρτημένον","O"
"1680","ὑπολείποιτο","O"
"1681","ἐκ","O"
"1682","τῆϲ","O"
"1683","παλαιᾶϲ","O"
"1684","γραμματικῆϲ","O"
"1685",".","O"
"1686","οὐ","O"
"1687","γὰρ","O"
"1688","χρὴ","O"
"1689","τὸ","O"
"1690","ὅϲ","O"
"1691","κε","O"
"1692","φάγῃϲιν","O"
"1693","ἀκούειν","O"
"1694","ὡϲ","O"
"1695","ἄρθρον","O"
"1696","ὑποτακτικόν","O"
"1697",",","O"
"1698","μᾶλλον","O"
"1699","δὲ","O"
"1700","ἀντ","O"
"1701","ἐπιρρήματοϲ","O"
"1702","παρειλῆφθαι","O"
"1703","τοῦ","O"
"1704","ὧϲ","O"
"1705",",","O"
"1706","ἡ","O"
"1707","μᾶλλον","O"
"1708","ϲύνδεϲμον","O"
"1709","αἰτιώδη","O"
"1710",".","O"
"1711","δηλοῦται","O"
"1712","γάρ","O"
"1713","·","O"
"1714","ἵνα","O"
"1715","φάγῃ","O"
"1716","ϲκοπῶμεν","O"
"1717","δὴ","O"
"1718","ὡϲ","O"
"1719","τὸ","O"
"1720","ϲύμπαν","O"
"1721","προϲεχῶϲ","O"
"1722","ϲυντέτακται","O"
"1723","κατὰ","O"
"1724","τὴν","O"
"1725","τούτου","O"
"1726","γνώμην","O"
"1727",",","O"
"1728","ἀκολούθωϲ","O"
"1729","ὑποδύϲεται","O"
"1730","τὸν","O"
"1731","ἀφρὸν","O"
"1732","ὁ","O"
"1733","ἰχθύϲ","O"
"1734","·","O"
"1735","καὶ","O"
"1736","τοῦτο","O"
"1737","ἀναγκαϲθήϲεται","O"
"1738","πρᾶξαι","O"
"1739","καὶ","O"
"1740","ἐπιπολαίωϲ","O"
"1741","ὑπονήξεται","O"
"1742","τοῦ","O"
"1743","ὕδατοϲ","O"
"1744","ὑποδεδυκώϲ","O"
"1745",",","O"
"1746","ἐπεὶ","O"
"1747","καὶ","O"
"1748","τῶν","O"
"1749","ἀποθανόντων","O"
"1750","τὰ","O"
"1751","ϲώματα","O"
"1752",",","O"
"1753","ἕωϲ","O"
"1754","ἂν","O"
"1755","ᾖ","O"
"1756","πρόϲφατα","O"
"1757","καὶ","O"
"1758","διῳδηκότα","O"
"1759",",","O"
"1760","ἄνωθεν","O"
"1761","ἐπιπλεῖν","O"
"1762","εἴωθεν","O"
"1763",".","O"
"1764","ὅτι","O"
"1765","μὲν","O"
"1766","οὖν","O"
"1767","τῶν","O"
"1768","παλαιῶν","O"
"1769","βιβλίων","O"
"1770","ἐπὶ","O"
"1771","τὸ","O"
"1772","χεῖρον","O"
"1773","κινεῖται","O"
"1774","ἡ","O"
"1775","γραφή","O"
"1776",",","O"
"1777","φηϲὶν","O"
"1778","αὖθιϲ","O"
"1779","διὰ","O"
"1780","πλειόνων","O"
"1781","ἐπιδείξειν","O"
"1782",".","O"
"1783","ἐπανάγωμεν","O"
"1784","δὲ","O"
"1785","ἐπὶ","O"
"1786","τὸν","O"
"1787","Ἡρόδοτον","NORP"
"1788","καὶ","O"
"1789","τὸν","O"
"1790","διορθωτὴν","O"
"1791","τὸν","O"
"1792","Κοτυαέα","PERSON"
"1793","Ἀλέξανδρον","PERSON"
"1794",".","O"
"1795","ἠξίου","O"
"1796","γὰρ","O"
"1797","ὁ","O"
"1798","ἀνὴρ","O"
"1799","γράφειν","O"
"1800","τὸ","O"
"1801","τῇϲι","O"
"1802","Μιληϲίων","NORP"
"1803","χωρὶϲ","O"
"1804","τοῦ","O"
"1805","ἰῶτα","O"
"1806","τῆϲ","O"
"1807","Μιληϲίων","NORP"
"1808",",","O"
"1809","ὑποκειμένηϲ","O"
"1810","ἔξωθεν","O"
"1811","χώρηϲ","O"
"1812","ἢ","O"
"1813","γῆϲ","O"
"1814",".","O"
"1815","καὶ","O"
"1816","ἐγὼ","O"
"1817","δὲ","O"
"1818",",","O"
"1819","φηϲὶν","O"
"1820",",","O"
"1821","ἐπειθόμην","O"
"1822","οὕτωϲ","O"
"1823","ἔχειν","O"
"1824","τὰ","O"
"1825","τῆϲ","O"
"1826","γραφῆϲ","O"
"1827",",","O"
"1828","τὸν","O"
"1829","δὲ","O"
"1830","ἄνδρα","O"
"1831","τῆϲ","O"
"1832","ἀκριβοῦϲ","O"
"1833","ϲυνέϲεωϲ","O"
"1834","ἐτεθαυμάκειν","O"
"1835",".","O"
"1836","ἐντυχὼν","O"
"1837","δὲ","O"
"1838","τοῖϲ","O"
"1839","Ἡροδοτείοιϲ","NORP"
"1840","αὐτοῖϲ","O"
"1841","ἔπεϲι","O"
"1842",",","O"
"1843","καὶ","O"
"1844","γενόμενοϲ","O"
"1845","ἐπὶ","O"
"1846","τέλει","O"
"1847","τῆϲ","O"
"1848","Αἰγυπτιακῆϲ","NORP"
"1849","βίβλου","O"
"1850",",","O"
"1851","ἥτιϲ","O"
"1852","ἐϲτὶ","O"
"1853","δευτέρα","O"
"1854","τῇ","O"
"1855","τάξει","O"
"1856",",","O"
"1857","εὑρίϲκω","O"
"1858","πάλιν","O"
"1859","κατὰ","O"
"1860","τὴν","O"
"1861","αἰτιατικὴν","O"
"1862","πτῶϲιν","O"
"1863","εἰπόντα","O"
"1864","τὸν","O"
"1865","Ἡρόδοτον","PERSON"
"1866","·","O"
"1867","ἀν","O"
"1868","έθηκεν","O"
"1869","εἰϲ","O"
"1870","Βρα","O"
"1871","γχίδαϲ","O"
"1872","τὰϲ","O"
"1873","Μιληϲίων","O"
"1874",".","O"
"1875","οὐκέτι","O"
"1876","οὖν","O"
"1877","ᾤμην","O"
"1878","ἁμάρτημα","O"
"1879","εἶναι","O"
"1880","γραφικόν","O"
"1881",",","O"
"1882","Ἰωνικὸν","NORP"
"1883","δὲ","O"
"1884","μᾶλλον","O"
"1885","ἰδίωμα","O"
"1886",".","O"
"1887","πολλὰ","O"
"1888","γὰρ","O"
"1889","οὗτοι","O"
"1890","τῶν","O"
"1891","ὀνομάτων","O"
"1892","χαίρουϲι","O"
"1893","θηλυκῶϲ","O"
"1894","ἐκφέροντεϲ","O"
"1895",",","O"
"1896","οἷον","O"
"1897","τήν","O"
"1898","τε","O"
"1899","λίθον","O"
"1900","καὶ","O"
"1901","τὴν","O"
"1902","κίονα","O"
"1903","καὶ","O"
"1904","ἔτι","O"
"1905","τὴν","O"
"1906","Μαραθῶνα","LOC"
"1907","·","O"
"1908","Κρατῖνοϲ,.","O"
"1909","Κ","O"
"1910",".","O"
"1911","εὐι","O"
"1912","π","O"
"1913","ποτάτη","O"
"1914","Μαρα","PERSON"
"1915","θών","O"
"1916",",","O"
"1917","ίκαν","O"
"1918","θών","O"
"1919",",","O"
"1920","δροϲ","O"
"1921",".","O"
"1922","εὐκτιμἐνην","O"
"1923","Μαρα","O"
"1924","θῶνα","O"
"1925",".","O"
"1926","ταῦτα","O"
"1927","μὲν","O"
"1928","οὖν","O"
"1929","ἃ","O"
"1930","ἡμεῖϲ","O"
"1931","εὕρομεν","O"
"1932","καὶ","O"
"1933","ἐκρίναμεν","O"
"1934","ὑγιῶϲ","O"
"1935","ἔχειν","O"
"1936",".","O"
"1937","τοιαῦτα","O"
"1938","δὴ","O"
"1939","τοῦ","O"
"1940","Φιλήμονοϲ","O"
"1941","λέγοντοϲ","O"
"1942",",","O"
"1943","ἃ","O"
"1944","μὲν","O"
"1945",".","O"
"1946","πρὸϲ","O"
"1947","Ἀλέξανδρον","PERSON"
"1948","περὶ","O"
"1949","τοῦ","O"
"1950","Ἡροδοτείου","NORP"
"1951","διορθώματοϲ","O"
"1952","εἴρηκεν","O"
"1953",",","O"
"1954","οὐκ","O"
"1955","οἰκεῖον","O"
"1956","κρίνω","O"
"1957","τῇ","O"
"1958","παρούϲῃ","O"
"1959","ὑποθέϲει","O"
"1960","ἐξετάζειν","O"
"1961",".","O"
"1962","τὸ","O"
"1963","δὲ","O"
"1964","ϲυναγείρεται","O"
"1965","πῶϲ","O"
"1966","ὑπὸκωφόν","O"
"1967","φηϲιν","O"
"1968","εἶναι","O"
"1969","οὐκ","O"
"1970","ἐϲτι","O"
"1971","γνῶναι","O"
"1972",".","O"
"1973","τίϲ","O"
"1974","γὰρ","O"
"1975","οὐκ","O"
"1976","οἶδε","O"
"1977","τοὺϲ","O"
"1978","ἱππογνώμοναϲ","O"
"1979","ἐκ","O"
"1980","πολλῶν","O"
"1981","ἵππων","O"
"1982","τοὺϲ","O"
"1983","ἐπιτηδειοτάτουϲ","O"
"1984","ἀθροίζονταϲ","O"
"1985",";","O"
"1986","ὃ","O"
"1987","ἐκ","O"
"1988","τοῦ","O"
"1989","ϲυναγείρε","O"
"1990","ται","O"
"1991","δηλοῦται","O"
"1992","·","O"
"1993","ἀγείρειν","O"
"1994","γὰρ","O"
"1995","καὶ","O"
"1996","ϲυν","O"
"1997","ἀγείρειν","O"
"1998","ἐπὶ","O"
"1999","τοῦ","O"
"2000","ϲυνάγειν","O"
"2001","λέγεται","O"
"2002",".","O"
"2003","τῷ","O"
"2004","δ","O"
"2005","Ἀριϲτοφάνει","O"
"2006","ὅπωϲ","O"
"2007","τὰ","O"
"2008","κατὰ","O"
"2009","Λυκἁονα","NORP"
"2010","καταβαλεῖν","O"
"2011","Β","O"
"2012",".","O"
"2013","ὅϲ","O"
"2014","κε","O"
"2015","φάγη","O"
"2016","Φ","O"
"2017",".","O"
"2018","ὁ","O"
"2019","μὲν","O"
"2020","οὖν","O"
"2021","Ἀριϲτοφάνηϲ","O"
"2022","βούϲυντέθειται","O"
"2023","λεται","O"
"2024","τὸν","O"
"2025","ἰχθύν","O"
"2026",",","O"
"2027","ὥϲτε","O"
"2028","καταφαγεῖν","O"
"2029","μάθωμεν","O"
"2030",".","O"
"2031","βούλεται","O"
"2032","τὸν","O"
"2033","ἰχθὺν","O"
"2034","ὡϲ","O"
"2035","καταφάγῃ","O"
"2036","τὸν","O"
"2037","τοῦ","O"
"2038","Λὐυκάονοϲ","O"
"2039","δημὸν","O"
"2040","Θρώϲκειν","O"
"2041","κατὰ","O"
"2042","κῶμα","O"
"2043","καὶ","O"
"2044","ὑπαΐϲϲειν","O"
"2045","τὴν","O"
"2046","φρίκην","O"
"2047","·","O"
"2048","καί","O"
"2049","φηϲιν","O"
"2050","·","O"
"2051","ἐπιπολαίωϲ","O"
"2052","ἐπινήξεται","O"
"2053",",","O"
"2054","τ","O"
"2055","ῷ","O"
"2056","ἀφρ","O"
"2057","ῷ","O"
"2058","τοῦ","O"
"2059","ὕδατοϲ","O"
"2060","ποδεδυκ","O"
"2061","ώϲ","O"
"2062",",","O"
"2063","ἐπεὶ","O"
"2064","τῶν","O"
"2065","ἀποθανόντων","O"
"2066","τ","O"
"2067","ὰ","O"
"2068","ϲ","O"
"2069","ώ","O"
"2070","τα","O"
"2071",",","O"
"2072","ἕωϲ","O"
"2073","ἂν","O"
"2074","ᾖ","O"
"2075","πρ","O"
"2076","ό","O"
"2077","ϲ","O"
"2078","φ","O"
"2079","α","O"
"2080","τ","O"
"2081","α","O"
"2082",",","O"
"2083","ἄνωθεν","O"
"2084","ἐπι","O"
"2085","πλεῖν","O"
"2086","εἴωθε","O"
"2087",".","O"
"2088","πρῶ","O"
"2089","μὲν","O"
"2090","οὖν","O"
"2091","οὐκ","O"
"2092","ἔϲτιν","O"
"2093","ἐπινοῆϲαι","O"
"2094","νηχόμενον","O"
"2095","ἰχθὺν","O"
"2096","ὑπεράνω","O"
"2097","μὲν","O"
"2098","ὕδα","O"
"2099","ὑποκάτω","O"
"2100","δὲ","O"
"2101","ἀφροῦ","O"
"2102","τοῦ","O"
"2103","ὕδατοϲ","O"
"2104",",","O"
"2105","οὐδὲ","O"
"2106","τούτων","O"
"2107","μεταξὺ","O"
"2108","νεκρὸν","O"
"2109","ἄνδρα","O"
"2110","φερόμενον","O"
"2111",".","O"
"2112","ἀλλ","O"
"2113","οὐδὲ","O"
"2114","τὴν","O"
"2115","φρίκην","O"
"2116","δύναμαι","O"
"2117","τὸν","O"
"2118","ἀφρόν","O"
"2119",",","O"
"2120","Ὁμή","O"
"2121","ρου","O"
"2122","μὲν","O"
"2123","μέλαιναν","O"
"2124","φρῖκα","O"
"2125","λέγοντοϲ","O"
"2126","·","O"
"2127","τούτου","O"
"2128","δὲ","O"
"2129","ἀξιοῦντοϲ","O"
"2130","λευκότητα","O"
"2131","ἀκούειν","O"
"2132",",","O"
"2133","ἐπί","O"
"2134","τε","O"
"2135","τοῦ","O"
"2136","Πρωτέωϲ","O"
"2137","λέγει","O"
"2138","πάλιν","O"
"2139","Ὅμηροϲ","O"
"2140","μελαίνῃ","O"
"2141","φρικὶ","O"
"2142","καλυφθείϲ","O"
"2143","δ","O"
"2144",",","O"
"2145","καὶ","O"
"2146","ἀλλαχοῦ","O"
"2147","ά","O"
"2148","λλεται","O"
"2149","ἰχ","O"
"2150","θ","O"
"2151","ὺϲ","O"
"2152","θινὶ","O"
"2153","ἐ","O"
"2154","πὶ","O"
"2155","φυκό","O"
"2156","εντι","O"
"2157","μέλαν","O"
"2158","τέ","O"
"2159","ἑ","O"
"2160","κῦμ","O"
"2161","ἐκάλυ","O"
"2162","ψε","O"
"2163","τῆϲ","O"
"2164","φρικὸϲ","O"
"2165","μνημονεύϲαϲ","O"
"2166","ἐπάγει","O"
"2167","Ψ","O"
"2168",".","O"
"2169",",","O"
"2170","καὶ","O"
"2171","ἀλλαχοῦ","O"
"2172","τῆϲ","O"
"2173","φρι","O"
"2174","με","O"
"2175","λάνει","O"
"2176","δέ","O"
"2177","τε","O"
"2178","πὸντοϲ","O"
"2179","ὑ","O"
"2180","π","O"
"2181","α","O"
"2182","ὐ","O"
"2183","κὸϲ","O"
"2184","μνημονεύϲαϲ","O"
"2185","ἐπάγει","O"
"2186","·","O"
"2187","μελανε","O"
"2188","τῆϲ","O"
"2189","Η","O"
"2190",".","O"
"2191","καὶ","O"
"2192","ἔϲτιν","O"
"2193","ἡ","O"
"2194","φρὶξ","O"
"2195","κι","O"
"2196","δέ","O"
"2197","τε","O"
"2198","πόντοϲ","O"
"2199","ὑπ","O"
"2200","αὐτῆϲ","O"
"2201",".","O"
"2202","καὶ","O"
"2203",".","O"
"2204","νουμένου","O"
"2205","τοῦ","O"
"2206","πνεύματοϲ","O"
"2207","ἀρχή","O"
"2208",".","O"
"2209","ἔϲτιν","O"
"2210","ἡ","O"
"2211","φρὶξ","O"
"2212","κινουμένου","O"
"2213","τοῦ","O"
"2214","πνεύϹιμωνίδηϲ","O"
"2215","δὲ","O"
"2216","αὐτὴν","O"
"2217","καὶ","O"
"2218","δεῖξαι","O"
"2219","πειρώ","O"
"2220","τὸν","O"
"2221","Λυκάονοϲ","O"
"2222","δημόν","O"
"2223","ἢ","O"
"2224","διαφαγόντα","O"
"2225",",","O"
"2226","θρώϲκειν","O"
"2227","κατὰ","O"
"2228","κῦμα","O"
"2229","καὶ","O"
"2230","ὑπαΐϲϲειν","O"
"2231","τὴν","O"
"2232","φρῖκα","O"
"2233","·","O"
"2234","καί","O"
"2235","φηϲιν","O"
"2236","·","O"
"2237","ἐπιπολ","O"
"2238","ῆϲ","O"
"2239","ἐπινήξεται","O"
"2240",",","O"
"2241","τ","O"
"2242","ῷ","O"
"2243","ἀ","O"
"2244","φρ","O"
"2245","ῷ","O"
"2246","το","O"
"2247","ῦ","O"
"2248","ὕδα","O"
"2249","τοϲ","O"
"2250","τοϲ","O"
"2251","ὑποδεδυκώϲ","O"
"2252",",","O"
"2253","ἐ","O"
"2254","πειθὴ","O"
"2255","καὶ","O"
"2256","τῶν","O"
"2257","ἀ","O"
"2258","πο","O"
"2259","θανόντων","O"
"2260","τὰ","O"
"2261","ϲυ","O"
"2262","μα","O"
"2263","καὶ","O"
"2264","τα","O"
"2265",",","O"
"2266","ἕωϲ","O"
"2267","ἂν","O"
"2268","εἴη","O"
"2269","πρ","O"
"2270","ϲφατα","O"
"2271",",","O"
"2272","ἄνω","O"
"2273","μα","O"
"2274","θεν","O"
"2275","ἐ","O"
"2276","πι","O"
"2277","π","O"
"2278","λεῖν","O"
"2279","εἴωθε","O"
"2280",".","O"
"2281","πρῶτον","O"
"2282","μὲν","O"
"2283","οὖν","O"
"2284","οὐκ","O"
"2285","ἔϲτιν","O"
"2286","ἐπινοῆϲαι","O"
"2287","νηχότον","O"
"2288","μενον","O"
"2289","ἰχθὺν","O"
"2290","ὑπεράνω","O"
"2291","μὲν","O"
"2292","ὕδατοϲ","O"
"2293",",","O"
"2294","ὑποκάτω","O"
"2295","δὲ","O"
"2296","ἀφροῦ","O"
"2297","τοῦ","O"
"2298","ὕδατοϲ","O"
"2299",",","O"
"2300","οὐτοϲ","O"
"2301",",","O"
"2302","δὲ","O"
"2303","τούτων","O"
"2304","μεταξὺ","O"
"2305","νεκρὸν","O"
"2306","ἄνδρα","O"
"2307","φερύμενον","O"
"2308",".","O"
"2309","ἀλλ","O"
"2310","οὐδὲ","O"
"2311","τὴν","O"
"2312","φρῖκα","O"
"2313","ἀκούειν","O"
"2314","δύναμαι","O"
"2315","τὸν","O"
"2316","ἀφρὸν","O"
"2317",",","O"
"2318","Ὁμήἀκούειν","O"
"2319","ρου","O"
"2320","μὲν","O"
"2321","μέλαιναν","O"
"2322","φρῖκα","O"
"2323","λέγοντοϲ","O"
"2324",".","O"
"2325","τούτου","O"
"2326","δὲ","O"
"2327","ἀξιοῦντοϲ","O"
"2328","λευκότατον","O"
"2329","ἀκούειν","O"
"2330",",","O"
"2331","ἐπί","O"
"2332","τε","O"
"2333","τοῦ","O"
"2334","Πρωτέωϲ","O"
"2335","λέγει","O"
"2336","πάλιν","O"
"2337","Ὅμηροϲ","O"
"2338","με","O"
"2339","λαίν","O"
"2340","ῃ","O"
"2341","φρικὶ","O"
"2342","καλυφθείϲ","O"
"2343",",","O"
"2344","καὶ","O"
"2345","ἀλλαχοῦ","O"
"2346","·","O"
"2347","ὡϲ","O"
"2348","δ","O"
"2349","᾿","O"
"2350","ὅθ","O"
"2351","ὑπὸ","O"
"2352","φρικὸϲ","O"
"2353","⟩","O"
"2354","ορέω","O"
"2355","ἀναπ","O"
"2356","ματοϲ","O"
"2357","ἀρχή","O"
"2358",".","O"
"2359","Ϲιμωνίδηϲ","O"
"2360","δὲ","O"
"2361","αὐτὴν","O"
"2362","μενοϲ","O"
"2363","οὕτωϲ","O"
"2364","ἔφη","O"
"2365","·","O"
"2366","ἐϲ","O"
"2367","ἅλα","O"
"2368","ϲτί","O"
"2369","ζουϲα","O"
"2370","πνοιά","O"
"2371",".","O"
"2372","τὸ","O"
"2373","δὲ","O"
"2374","λέγειν","O"
"2375","ὅτι","O"
"2376","τὰ","O"
"2377","πρόϲφατα","O"
"2378","ϲώματα","O"
"2379","φέρεται","O"
"2380","τῶν","O"
"2381","κυμάτων","O"
"2382","ἐπιπολαίωϲ","O"
"2383",",","O"
"2384","ψεῦδοϲ","O"
"2385",".","O"
"2386","τοὐ","O"
"2387","γὰρ","O"
"2388","ἐντὸϲ","O"
"2389","ἀρχῇ","O"
"2390","μὲν","O"
"2391","διὰ","O"
"2392","ϲτερ","O"
"2393","ρότητα","O"
"2394","καὶ","O"
"2395","πυκνότητα","O"
"2396","τοῦ","O"
"2397","ϲώματοϲ","O"
"2398","ἰϲχυρότεροϲ","O"
"2399","ὤν","O"
"2400","τοῦ","O"
"2401","ϲτηρίζοντοϲ","O"
"2402","ὁ","O"
"2403","νεκρὸϲ","O"
"2404","διιϲταμένου","O"
"2405","καταβαλεῖν","O"
"2406","ϲχήματι","O"
"2407","καταβαίνων","O"
"2408","καὶ","O"
"2409","βά","O"
"2410","ρει","O"
"2411","·","O"
"2412","πληρούμενοϲ","O"
"2413","δὲ","O"
"2414","τῆϲ","O"
"2415","ὑγρότητοϲ","O"
"2416",",","O"
"2417","τόπον","O"
"2418","ἐπιλαμβάνων","O"
"2419","τῷ","O"
"2420","ϲχή","O"
"2421","τητοϲ","O"
"2422",",","O"
"2423","ματι","O"
"2424","μετέωροϲ","O"
"2425","αἴρεται","O"
"2426",",","O"
"2427","βάρει","O"
"2428","τοῦ","O"
"2429","φέροντοϲ","O"
"2430","ἐλαττούμενοϲ","O"
"2431",".","O"
"2432","τίϲ","O"
"2433","οὖν","O"
"2434","ὁ","O"
"2435","νοῦϲ","O"
"2436","τῶν","O"
"2437","ἐπῶν","O"
"2438","διττὴ","O"
"2439","γὰρ","O"
"2440","ἡ","O"
"2441","γραφή","O"
"2442","·","O"
"2443","ἐντὸϲ","O"
"2444","οἷϲ","O"
"2445","μὲν","O"
"2446","γὰρ","O"
"2447","μέλαιναν","O"
"2448","φρῖχ","O"
"2449","ὑπαΐξει","O"
"2450",",","O"
"2451","ἐντὸϲ","O"
"2452","οἷϲ","O"
"2453","δὲ","O"
"2454","γράφει","O"
"2455","μέλαιναν","O"
"2456","φρῖχ","O"
"2457","ὑπ","O"
"2458","αλύξει","O"
"2459",".","O"
"2460","κἂν","O"
"2461","μὲν","O"
"2462","κατὰ","O"
"2463","τὴν","O"
"2464","παΐξει","O"
"2465","φηϲίν","O"
"2466","ὁ","O"
"2467","μὲν","O"
"2468","λέαὐτόν","O"
"2469","τῶν","O"
"2470","πηδώντων","O"
"2471","τιϲ","O"
"2472","κατὰ","O"
"2473","τὸ","O"
"2474","κῦμα","O"
"2475","ἰχθύων","O"
"2476","ὑπὸ","O"
"2477","τὴν","O"
"2478","φρῖκα","O"
"2479","ἀίξει","O"
"2480",",","O"
"2481","τουτέϲτιν","O"
"2482","ἐκ","O"
"2483","τοῦ","O"
"2484","ἄνω","O"
"2485","θρώϲκειν","O"
"2486","παυϲάμενοϲ","O"
"2487","ὑπὸ","O"
"2488","τὴν","O"
"2489","φρῖκα","O"
"2490","ὑπο","O"
"2491",".","O"
"2492","καὶ","O"
"2493","ὁρμήϲει","O"
"2494","κάτω","O"
"2495",",","O"
"2496","ϲυγκατα","O"
"2497","τῷ","O"
"2498","νεκρῷ","O"
"2499",",","O"
"2500","ὡϲ","O"
"2501","φάγῃ","O"
"2502","το","O"
"2503","Λυκάονοϲ","O"
"2504","τὸν","O"
"2505","δημόν","O"
"2506",".","O"
"2507","τοῦτο","O"
"2508","μὲν","O"
"2509","καὶ","O"
"2510","δεῖξαι","O"
"2511","πειρώμενοϲ","O"
"2512","οὕτωϲ","O"
"2513","ἔφη","O"
"2514","·","O"
"2515","ἐϲ","O"
"2516","ἄλα","O"
"2517","ϲτίζουϲα","O"
"2518","πνοιά","O"
"2519",".","O"
"2520","τὸ","O"
"2521","δὲ","O"
"2522","λέγειν","O"
"2523","ὅτι","O"
"2524","τὰ","O"
"2525","πρόϲφατα","O"
"2526","ϲώματα","O"
"2527","φέρεται","O"
"2528","τῶν","O"
"2529","κυματων","O"
"2530","ἐπιπολῆϲ","O"
"2531",",","O"
"2532","ψεῦναντίον","O"
"2533","δοϲ","O"
"2534","·","O"
"2535","τοὐναντίον","O"
"2536","ἐντὸϲ","O"
"2537","ἀρχῇ","O"
"2538","μὲν","O"
"2539","γὰρ","O"
"2540","διὰ","O"
"2541","ϲτερρότητα","O"
"2542","καὶ","O"
"2543","πυκνότητα","O"
"2544","τοῦ","O"
"2545","ϲώματοϲ","O"
"2546","ἰϲχυρύτεροϲ","O"
"2547","ὢν","O"
"2548","τοῦ","O"
"2549","ϲτηρίὕδατοϲ","O"
"2550","ζοντοϲ","O"
"2551","ὕδατοϲ","O"
"2552","ὁ","O"
"2553","νεκρὸϲ","O"
"2554","διιϲταμέδύεται","O"
"2555",",","O"
"2556","νου","O"
"2557","καταδύεται","O"
"2558",",","O"
"2559","ϲχήματι","O"
"2560","καταβαίνων","O"
"2561","καὶ","O"
"2562","βάρει","O"
"2563","·","O"
"2564","πληρούμενοϲ","O"
"2565","δὲ","O"
"2566","τῆϲ","O"
"2567","ὑγρόπλείω","O"
"2568","πλείω","O"
"2569","τόπον","O"
"2570","ἐπιλαμβάνων","O"
"2571","τῷ","O"
"2572","ϲχήματι","O"
"2573","μετέωροϲ","O"
"2574","αἴρεται","O"
"2575",",","O"
"2576","βάρει","O"
"2577","τὸῦ","O"
"2578","φεροντοϲ","O"
"2579","ἐλαττούμενοϲ","O"
"2580",".","O"
"2581","τίϲ","O"
"2582","οὖν","O"
"2583","ὁ","O"
"2584","νοῦϲ","O"
"2585","τῶν","O"
"2586","ἐπῶν","O"
"2587",";","O"
"2588","διττὴ","O"
"2589","γὰρ","O"
"2590","ἡ","O"
"2591","γραφή","O"
"2592","·","O"
"2593","ἐντὸϲ","O"
"2594","οἷϲ","O"
"2595","μὲν","O"
"2596","γὰρ","O"
"2597","γράγράφει","O"
"2598","φεται","O"
"2599","μέλαιναν","O"
"2600","φρῖχ","O"
"2601","ὑπ","O"
"2602","αΐξει","O"
"2603",",","O"
"2604","ἐν","O"
"2605","οἷϲ","O"
"2606","δὲ","O"
"2607","γράφεται","O"
"2608","μέλαιναν","O"
"2609","φρῖχ","O"
"2610","ὑπαλύξει","O"
"2611",".","O"
"2612","κἂν","O"
"2613","κρατήϲῃ","O"
"2614","τὸ","O"
"2615","ὑ","O"
"2616","παΐ","O"
"2617","ὑ","O"
"2618","ξει","O"
"2619",",","O"
"2620","φηϲὶν","O"
"2621","ὁ","O"
"2622","μὲν","O"
"2623","λέγειν","O"
"2624","αὐγειν","O"
"2625","τόν","O"
"2626","·","O"
"2627","τῶν","O"
"2628","πηδώντων","O"
"2629","τιϲ","O"
"2630","κατὰ","O"
"2631","τὸ","O"
"2632","κῦμα","O"
"2633","ἰχθύων","O"
"2634","ὑπὸ","O"
"2635","τὴν","O"
"2636","φρῖκα","O"
"2637","ἀίξει","O"
"2638",",","O"
"2639","τουτέϲτιν","O"
"2640","ἐκ","O"
"2641","τοῦ","O"
"2642","ἄνωθεν","O"
"2643","θρώϲκειν","O"
"2644","παυϲάμενοϲ","O"
"2645","ὑπὸ","O"
"2646","τὴν","O"
"2647","φρῖκα","O"
"2648","ὑποδύεδύϲεται","O"
"2649","ται","O"
"2650","καὶ","O"
"2651","ὁρμήϲει","O"
"2652","κάτω","O"
"2653",",","O"
"2654","ϲυγκαταφερόφερόμενοϲ","O"
"2655","μενοϲ","O"
"2656","τῷ","O"
"2657","νεκρῷ","O"
"2658",",","O"
"2659","ὡϲ","O"
"2660","φάγοι","O"
"2661","ἂν","O"
"2662","τοῦ","O"
"2663","Λυκάονοϲ","O"
"2664","τὸν","O"
"2665","δημόν","O"
"2666",".","O"
"2667","τοῦτο","O"
"2668","μὲν","O"
"2669","οὖν","O"
"2670",",","O"
"2671","εἰ","O"
"2672","ἐπιπολῆϲ","O"
"2673","τοῦ","O"
"2674","κύματοϲ","O"
"2675","θρώϲκειν","O"
"2676","ὑπακούοιμεν","O"
"2677","·","O"
"2678","εἰ","O"
"2679","δ","O"
"2680","ἐκ","O"
"2681","βάθουϲ","O"
"2682","ἀναπηδῶντα","O"
"2683","ἐπὶ","O"
"2684","τὸ","O"
"2685","κῦμα","O"
"2686",",","O"
"2687","ἔϲται","O"
"2688",",","O"
"2689","ὡϲ","O"
"2690","ἐπὶ","O"
"2691","τοῦ","O"
"2692","λίθου","O"
"2693","εἶπεν","O"
"2694","ὕ","O"
"2695","ψι","O"
"2696","τ","O"
"2697","ἀναθρώϲκων","O"
"2698","πέτεται","O"
"2699","Μ","O"
"2700",",","O"
"2701","ἵνα","O"
"2702","τὸ","O"
"2703","ἐκ","O"
"2704","τοῦ","O"
"2705","βυθοῦ","O"
"2706","κάτωθεν","O"
"2707","κατὰ","O"
"2708","τοῦ","O"
"2709","κύματοϲ","O"
"2710","θορεῖν","O"
"2711",",","O"
"2712","μὴ","O"
"2713","μέν","O"
"2714","τοι","O"
"2715","ὑπερθορεῖν","O"
"2716","τὴν","O"
"2717","φρῖκα","O"
"2718",",","O"
"2719","ἀλλ","O"
"2720","ὑπ","O"
"2721","αὐτὴν","O"
"2722","ὄντα","O"
"2723","ἅπτεϲθαι","O"
"2724","τοῦ","O"
"2725","νεκροῦ","O"
"2726","εἰ","O"
"2727","ἐπιπολαίωϲ","O"
"2728","φέροιτο","O"
"2729",".","O"
"2730","εἰ","O"
"2731","δ᾿","O"
"2732","ὑπαλύζει","O"
"2733","γράφοιτο","O"
"2734",",","O"
"2735","φηϲὶ","O"
"2736","Πολύκλει","O"
"2737",".","O"
"2738","τοϲ","O"
"2739","τὸν","O"
"2740","νοῦν","O"
"2741","τοιοῦτον","O"
"2742","ἔϲεϲθαι","O"
"2743","·","O"
"2744","καταδύϲεται","O"
"2745","μὲν","O"
"2746","εἰϲ","O"
"2747","τὸ","O"
"2748","βάθοϲ","O"
"2749","τοῦ","O"
"2750","κύματοϲ","O"
"2751","ὁ","O"
"2752","ἰχθὺϲ","O"
"2753","φεύγων","O"
"2754","τῆϲ","O"
"2755","φρίκηϲ","O"
"2756","τὴν","O"
"2757","ψυχρήτητα","O"
"2758","·","O"
"2759","καὶ","O"
"2760","γὰρ","O"
"2761","αὐτῷ","O"
"2762","πολεμιώτατον","O"
"2763","·","O"
"2764","τοῦ","O"
"2765","γοῦν","O"
"2766","χειμῶνοϲ","O"
"2767","ἐκ","O"
"2768","τοῦ","O"
"2769","πελάγουϲ","O"
"2770","εἰϲ","O"
"2771","τὴν","O"
"2772","γῆν","O"
"2773","καταίρουϲι","O"
"2774","·","O"
"2775","πολλοὺϲ","O"
"2776","δὲ","O"
"2777","αὐτῶν","O"
"2778","καὶ","O"
"2779","φωλεύειν","O"
"2780","κατὰ","O"
"2781","βάθουϲ","O"
"2782","διὰ","O"
"2783","τὴν","O"
"2784","αὐτὴν","O"
"2785","αἰτίαν","O"
"2786","ἱϲτορεῖ","O"
"2787","καὶ","O"
"2788","Ἀριϲτοτέληϲ","O"
"2789","ἐντὸϲ","O"
"2790","τῷ","O"
"2791","ζ΄","O"
"2792","περὶ","O"
"2793","ζώων","O"
"2794","φύϲεωϲ","O"
"2795",".","O"
"2796","·","O"
"2797","δ","O"
"2798","ἡ","O"
"2799","φρίκη","O"
"2800",",","O"
"2801","καὶ","O"
"2802","ϲεωϲ","O"
"2803",".","O"
"2804","μάλιϲτα","O"
"2805","ἂν","O"
"2806","βόρειοϲ","O"
"2807","ᾖ","O"
"2808","γενόμενοϲ","O"
"2809","δ","O"
"2810","ἐντὸϲ","O"
"2811","τῷ","O"
"2812","βάθει","O"
"2813","τοῦ","O"
"2814","Λυκάονοϲ","O"
"2815","ἔδεται","O"
"2816","τὸ","O"
"2817","λίποϲ","O"
"2818",".","O"
"2819","οὐ","O"
"2820","δοκεῖ","O"
"2821","δέ","O"
"2822","μοι","O"
"2823","οὗτοϲ","O"
"2824","ὀρθῶϲ","O"
"2825","τὸν","O"
"2826","νοῦν","O"
"2827","τῶν","O"
"2828","ἐπῶν","O"
"2829","ἀποδοῦναι","O"
"2830",".","O"
"2831","οὐ","O"
"2832","γὰρ","O"
"2833","εὐθὺϲ","O"
"2834","αὐτόν","O"
"2835","φηϲιν","O"
"2836","Ὅμηροϲ","O"
"2837","καὶ","O"
"2838","ῥιφέντα","O"
"2839","τοῦτο","O"
"2840","παθεῖν","O"
"2841",",","O"
"2842","ἵν","O"
"2843","ἐκδεχώμεθα","O"
"2844","ὅτι","O"
"2845","κάτω","O"
"2846","ἐνεχθέν","O"
"2847","τοϲ","O"
"2848","ὁ","O"
"2849","ἱχθὺϲ","O"
"2850","κάτω","O"
"2851","χωρεῖν","O"
"2852","λέγεται","O"
"2853","οὖν","O"
"2854",",","O"
"2855","εἰ","O"
"2856","ἐπιπολῆϲ","O"
"2857","τοῦ","O"
"2858","ὕδατοϲ","O"
"2859","θρώϲκειν","O"
"2860","ϲκειν","O"
"2861","ὑπακούομεν","O"
"2862","·","O"
"2863","εἰ","O"
"2864","δ","O"
"2865","ἐκ","O"
"2866","βάθουϲ","O"
"2867","ἀναπηδῶντα","O"
"2868","ἐπὶ","O"
"2869","τὸ","O"
"2870","κῦμα","O"
"2871",",","O"
"2872","ἔϲται","O"
"2873",",","O"
"2874","ὡϲ","O"
"2875","ἐπὶ","O"
"2876","τοῦ","O"
"2877","λίθου","O"
"2878","εἴρηκεν","O"
"2879","ὕψι","O"
"2880","τ","O"
"2881","ἀναθρώϲκων","O"
"2882","θρ","O"
"2883","πέτεται","O"
"2884",",","O"
"2885","ἐπὶ","O"
"2886","τοῦ","O"
"2887","ἰχϲημαίνῃ","O"
"2888","θύοϲ","O"
"2889","τὸ","O"
"2890","ὑψοῦ","O"
"2891","τὸ","O"
"2892","ἐκ","O"
"2893","βυθοῦ","O"
"2894","κάτωθεν","O"
"2895","κατὰ","O"
"2896","κύματοϲ","O"
"2897","θορεῖν","O"
"2898",",","O"
"2899","μὴ","O"
"2900","μέντοι","O"
"2901","ὑπερθορεῖν","O"
"2902","τὴν","O"
"2903","φρῖκα","O"
"2904",",","O"
"2905","ἀλλ","O"
"2906","ὑπ","O"
"2907","αὐτὴν","O"
"2908","ὄντα","O"
"2909","ἅπτεϲθαι","O"
"2910","τοῦ","O"
"2911","νεκροῦ","O"
"2912",",","O"
"2913","εἰ","O"
"2914","δ","O"
"2915","ὑπαλύξει","O"
"2916","εἰ","O"
"2917","ἐπιπολῆϲ","O"
"2918","φέροιτο","O"
"2919",".","O"
"2920","εἰ","O"
"2921","δ","O"
"2922","ὑπαλύξει","O"
"2923","γράφοιτο","O"
"2924",",","O"
"2925","φηϲὶ","O"
"2926","Πολύκλειτοϲ","O"
"2927","τὸν","O"
"2928","νοῦν","O"
"2929","ἔϲεϲθαι","O"
"2930","·","O"
"2931","καταδύϲεται","O"
"2932","μὲν","O"
"2933","εἰϲ","O"
"2934","τὸ","O"
"2935","βάθοϲ","O"
"2936","τοῦ","O"
"2937","κύματοϲ","O"
"2938","ὁ","O"
"2939","ἰχθύϲ","O"
"2940",",","O"
"2941","φεύγων","O"
"2942","τῆϲ","O"
"2943","φρικὸϲ","O"
"2944","τὴν","O"
"2945","ψυχρότητα","O"
"2946",".","O"
"2947","καὶ","O"
"2948","γὰρ","O"
"2949","αὐτῷ","O"
"2950","πολεμιωτάτη","O"
"2951","·","O"
"2952","τοῦ","O"
"2953","γοῦν","O"
"2954","χειμῶνοϲ","O"
"2955","ἐκ","O"
"2956","τοῦ","O"
"2957","πελάγουϲ","O"
"2958","εἰϲ","O"
"2959","τὴν","O"
"2960","γῆν","O"
"2961","καταίρουϲιν","O"
"2962","οἱ","O"
"2963","ἰχθύεϲ","O"
"2964","·","O"
"2965","πολλούϲ","O"
"2966","δὲ","O"
"2967","αὐτῶν","O"
"2968","καὶ","O"
"2969","φωλεύειν","O"
"2970","κατὰ","O"
"2971","τοῦ","O"
"2972","βάθουϲ","O"
"2973","διὰ","O"
"2974","τὴν","O"
"2975","αὐτὴν","O"
"2976","αἰτίαν","O"
"2977","·","O"
"2978","ἱϲτορεῖ","O"
"2979","γὰρ","O"
"2980","καὶ","O"
"2981","ὁ","O"
"2982","Ἀλριϲτοτέληϲ","O"
"2983","ἐν","O"
"2984","τῷ","O"
"2985","ἑβδόμῳ","O"
"2986","περὶ","O"
"2987","ζώων","O"
"2988","φῦψυχροτάτη","O"
"2989","ψυχροτάτη","O"
"2990","δ","O"
"2991","ἡ","O"
"2992","φρίκη","O"
"2993",",","O"
"2994","καὶ","O"
"2995","μάλιϲτα","O"
"2996","ἂν","O"
"2997","βόρειοϲ","O"
"2998","ᾖ","O"
"2999",".","O"
"3000","γενόμενοϲ","O"
"3001","δὲ","O"
"3002","ἐν","O"
"3003","τῷ","O"
"3004","βάθει","O"
"3005","ἔδεται","O"
"3006","τὸ","O"
"3007","λίποϲ","O"
"3008","τοῦ","O"
"3009","Λυκάονοϲ","O"
"3010",".","O"
"3011","οὐδέ","O"
"3012","τιϲ","O"
"3013","δέ","O"
"3014","μοι","O"
"3015","τούτων","O"
"3016","δοκεῖ","O"
"3017","ὀρθῶϲ","O"
"3018","ἀποδεδωκέναι","O"
"3019","τὸν","O"
"3020","νοῦν","O"
"3021","τῶν","O"
"3022","ἐπῶν","O"
"3023",".","O"
"3024","οὐ","O"
"3025","γὰρ","O"
"3026","εὐθύϲ","O"
"3027","φηϲιν","O"
"3028","Ὅμηϲφαγέντα","O"
"3029","αὐτὸν","O"
"3030","ϲφαγέντα","O"
"3031","καὶ","O"
"3032","ῥιφθέντα","O"
"3033","τοῦτο","O"
"3034","παθεῖν","O"
"3035",",","O"
"3036","ἵνα","O"
"3037","ἐκδεχώμεθα","O"
"3038","ὅτι","O"
"3039","κάτω","O"
"3040","ἐνεχθέντοϲ","O"
"3041","ὁ","O"
"3042","ἰχθύϲ","O"
"3043","κάτω","O"
"3044","χωρεῖν","O"
"3045","εἰϲ","O"
"3046","τὰ","O"
"3047","βάθη","O"
"3048","τοῦ","O"
"3049","κύματοϲ","O"
"3050","ἐπὶ","O"
"3051","τὴν","O"
"3052","ἀλλ","O"
"3053","ἐξενεχθῆναι","O"
"3054","ὑπὸ","O"
"3055","τοῦ","O"
"3056","Ϲκαμάνδρου","O"
"3057","ἐπὶ","O"
"3058","τὴν","O"
"3059","θάλαϲϲαν","O"
"3060",",","O"
"3061","ὥϲτε","O"
"3062","αὐτὸν","O"
"3063","ὑποβρύχιον","O"
"3064",",","O"
"3065","ἄνω","O"
"3066","δ","O"
"3067","ἐπιπλεῖν","O"
"3068","ἀνάγκη","O"
"3069",".","O"
"3070","ἔχει","O"
"3071","γὰρ","O"
"3072","οὕτω","O"
"3073","τὰ","O"
"3074","ἔπη","O"
"3075","·","O"
"3076","ἐνταυθοῖ","O"
"3077","νῦν","O"
"3078","κεῖϲο","O"
"3079","μετ","O"
"3080","ἰχ","O"
"3081","θύϲιν","O"
"3082",",","O"
"3083","οἵ","O"
"3084","ϲ","O"
"3085","ὠτειλῆϲ","O"
"3086","αἷμ","O"
"3087","ἀ","O"
"3088","πολιχμάϲονται","O"
"3089","ἀκηδέεϲ","O"
"3090","·","O"
"3091","οὐ","O"
"3092","δέ","O"
"3093","ϲε","O"
"3094","μήτηρ","O"
"3095","ἐνθεμένη","O"
"3096","λεχέεϲϲι","O"
"3097","γοήϲεται","O"
"3098",",","O"
"3099","ἀλλὰ","O"
"3100","Ϲκάμανδροϲ","O"
"3101","μένη","O"
"3102","οἴϲει","O"
"3103","δινήειϲ","O"
"3104","εἴϲω","O"
"3105","ἁλὸϲ","O"
"3106","εὐ","O"
"3107","ρέα","O"
"3108","κόλπον","O"
"3109",",","O"
"3110",",","O"
"3111","οἷϲ","O"
"3112","ἐπάγει","O"
"3113","·","O"
"3114","θρώϲκων","O"
"3115","τιϲ","O"
"3116","κατὰ","O"
"3117","κῦμα","O"
"3118","μέλαιναν","O"
"3119","φρῖχ","O"
"3120","ὑπ","O"
"3121","αΐξει","O"
"3122","ἰχ","O"
"3123","θύϲ","O"
"3124",",","O"
"3125","ὅϲ","O"
"3126","κε","O"
"3127","φάγῃϲι","O"
"3128","Λυκάονοϲ","PERSON"
"3129","ἀργέτα","O"
"3130","δη","O"
"3131","μόν","O"
"3132","Φ","O"
"3133",".","O"
"3134","νεοϲφαγῆ","O"
"3135","μὲν","O"
"3136","οὖν","O"
"3137","ὄντα","O"
"3138","φηϲὶ","O"
"3139","κεῖϲο","O"
"3140","μετ","O"
"3141","ἰχθύὡϲ","LOC"
"3142","ἂν","O"
"3143","κάτω","O"
"3144","ἀπενεχθέντα","O"
"3145",",","O"
"3146","ὅπου","O"
"3147","φηϲὶ","O"
"3148","τῆϲ","O"
"3149","ὠτειλῆϲ","O"
"3150","αὐτοῦ","O"
"3151","τὸ","O"
"3152","αἷμα","O"
"3153","ἀπολιχμάϲεϲθαι","O"
"3154","τοὺϲ","O"
"3155","ἰχθῦϲ","LOC"
"3156","·","O"
"3157","χρονί","O"
"3158","ζοντα","O"
"3159","δὲ","O"
"3160","ἄταφον","O"
"3161","ἐκβληθῆναι","O"
"3162","εἰϲ","O"
"3163","τὴν","O"
"3164","θάλαϲϲαν","O"
"3165","ὑπὸ","O"
"3166","τῶν","O"
"3167","ποταμῶν","O"
"3168",",","O"
"3169","καὶ","O"
"3170","ἀναπλεῦϲαι","O"
"3171","ἀνάγκη","O"
"3172",",","O"
"3173","καὶ","O"
"3174","θρώϲκοντα","O"
"3175","οὐχ","O"
"3176","ὑπὲρ","O"
"3177","τὸ","O"
"3178","κῦμα","O"
"3179","ἰχθὺν","O"
"3180","ἀλλὰ","O"
"3181","κατὰ","O"
"3182","τὸ","O"
"3183","κῦμα","O"
"3184","κατὰ","O"
"3185","κῦμα","O"
"3186","γὰρ","O"
"3187","ἔφη","O"
"3188",",","O"
"3189","οὐχ","O"
"3190","ὑπὲρ","O"
"3191","κῦμα","O"
"3192","ὑπὸ","O"
"3193","τὴν","O"
"3194","φρῖκα","O"
"3195","ἀίξαι","O"
"3196",".","O"
"3197","τὸ","O"
"3198","γὰρ","O"
"3199","μέτρον","O"
"3200","τῆϲ","O"
"3201","εἰϲ","O"
"3202","τὰ","O"
"3203","ἄνω","O"
"3204","ὁρμῆϲ","O"
"3205","τοῦ","O"
"3206","ἰχθύοϲ","O"
"3207","δη","O"
"3208","ἀφορίζει","O"
"3209","ἄχρι","O"
"3210","τῆϲ","O"
"3211","φρικόϲ","O"
"3212",".","O"
"3213","οὐ","O"
"3214","γὰρ","O"
"3215","ἂν","O"
"3216","ἐπέθρωϲκε","O"
"3217","κατὰ","O"
"3218","κῦμα","O"
"3219",",","O"
"3220","ἀλλ","O"
"3221","ὑπὲρ","O"
"3222","κῦμα","O"
"3223",",","O"
"3224","εἰ","O"
"3225","καὶ","O"
"3226","τὴν","O"
"3227","φρῖκα","O"
"3228","ὑπερ","O"
"3229","ἐπήδα","O"
"3230",".","O"
"3231","ἐκφερομένου","O"
"3232","οὖν","O"
"3233","ὑπὸ","O"
"3234","τῶν","O"
"3235","ἐκβολῶν","O"
"3236","τοῦ","O"
"3237","ποταμοῦ","O"
"3238","πηδῆϲαι","O"
"3239","κατὰ","O"
"3240","τὸ","O"
"3241","κῦμὰ","O"
"3242","φηϲι","O"
"3243","τὸν","O"
"3244","ἰχθὺν","O"
"3245","καὶ","O"
"3246","γενέ","O"
"3247","λέγοιτο","O"
"3248","εἰϲ","O"
"3249","τὰ","O"
"3250","βάθη","O"
"3251","τοῦ","O"
"3252","κύμαβρῶϲιν","O"
"3253",",","O"
"3254","τοϲ","O"
"3255","ἐπὶ","O"
"3256","τὴν","O"
"3257","βρῶϲιν","O"
"3258",",","O"
"3259","ἀλλ","O"
"3260","ἐξενεχθέντα","O"
"3261","ὑπὸ","O"
"3262","τοῦ","O"
"3263","Ϲκαμάνδρου","O"
"3264","ἐπὶ","O"
"3265","τὴν","O"
"3266","θάοὐκέτι","LOC"
"3267","λαϲϲαν","O"
"3268",",","O"
"3269","ὥϲτε","O"
"3270","οὐκέτι","O"
"3271","ὑποβρύχιον","O"
"3272",",","O"
"3273","ἄνωθεν","O"
"3274","δὲ","O"
"3275","αὐτὸν","O"
"3276","ἐπιπλεῖν","O"
"3277","ἀνάγκη","O"
"3278",".","O"
"3279","ἔχει","O"
"3280","γὰρ","O"
"3281","οὕτω","O"
"3282","τὰ","O"
"3283","ἔπη","O"
"3284","·","O"
"3285","ἐνταυθοῖ","O"
"3286","νῦν","O"
"3287","κεῖϲο","O"
"3288","μετ","O"
"3289","ἰχθύϲιν","O"
"3290",",","O"
"3291","οἵ","O"
"3292","ϲ","O"
"3293","ὠτειλῆ","O"
"3294","ϲ","O"
"3295","αἷμ","O"
"3296","ἀπολιχμήϲονται","O"
"3297","ἀκηδἐεϲ","O"
"3298",",","O"
"3299","οὐδέ","O"
"3300","ϲε","O"
"3301","μήτηρ","O"
"3302","ἔνθε","O"
"3303","λεχέεϲϲι","O"
"3304","γοήϲεται","O"
"3305",",","O"
"3306","ἀλ","O"
"3307","λὰ","O"
"3308","Ϲκάμανδροϲ","O"
"3309","οἴϲει","O"
"3310","δινήειϲεἴϲω","O"
"3311","ἁλὸϲ","O"
"3312","εὐρέο","O"
"3313","κόλ","O"
"3314","πον","O"
"3315","·","O"
"3316","θρ","O"
"3317","ώ","O"
"3318","ϲκων","O"
"3319","τιϲ","O"
"3320","κα","O"
"3321","τὰ","O"
"3322","κῦμα","O"
"3323","μέλαινα","O"
"3324","ν","O"
"3325","φρῖχ","O"
"3326","ὑπαΐξει","O"
"3327","ἰχ","O"
"3328","θύϲ","O"
"3329",",","O"
"3330","ὅϲ","O"
"3331","κε","O"
"3332","φάγῃϲι","O"
"3333","Λυκάονοϲ","O"
"3334","ἀργέτα","O"
"3335","δημόν","O"
"3336",".","O"
"3337","νεο","O"
"3338","ϲφαγῆ","O"
"3339","μὲν","O"
"3340","οὖν","O"
"3341","ὄντα","O"
"3342","φηϲὶ","O"
"3343","κεῖϲθαι","O"
"3344","μετ","O"
"3345","ἰχθύϲιν","O"
"3346",",","O"
"3347","ὡϲ","O"
"3348","ἂν","O"
"3349","κάτω","O"
"3350","ἀπενεϲιν","O"
"3351",",","O"
"3352","χθέντα","O"
"3353",",","O"
"3354","ὅπου","O"
"3355","φηϲὶ","O"
"3356","τῆϲ","O"
"3357","ὠτειλῆϲ","O"
"3358","αὐτὸν","O"
"3359","αἷμα","O"
"3360","ἀπολιχμήϲεϲθαι","O"
"3361","τοὺϲ","O"
"3362","ἰχθύαϲ","O"
"3363","·","O"
"3364","χρονίζοντα","O"
"3365","δὲ","O"
"3366","ἄταφον","O"
"3367","ἐκ","O"
"3368","βληθῆναι","O"
"3369","εἰϲ","O"
"3370","θάλαϲϲαν","O"
"3371","ὑπὸ","O"
"3372","τοῦ","O"
"3373","ποταμοῦ","O"
"3374",",","O"
"3375","ὅτε","O"
"3376","καὶ","O"
"3377","ἀναπλεῦϲαι","O"
"3378","ἀνάγὅτε","O"
"3379","κη","O"
"3380",",","O"
"3381","καὶ","O"
"3382","θρώϲκοντα","O"
"3383","οὐχ","O"
"3384","ὑπὲρ","O"
"3385","τὸ","O"
"3386","κῦμα","O"
"3387","ἰχθὺν","O"
"3388","ἀλλὰ","O"
"3389","κατὰ","O"
"3390","κῦμα","O"
"3391","κατ","O"
"3392","ὰ","O"
"3393","κῦμα","O"
"3394","γὰρ","O"
"3395","ἔφη","O"
"3396",",","O"
"3397","οὐχ","O"
"3398","πὲρ","O"
"3399","κῦμα","O"
"3400","ὑπὸ","O"
"3401","τὴν","O"
"3402","φρῖκα","O"
"3403","ἀίξαι","O"
"3404","·","O"
"3405","τὸ","O"
"3406","γὰρ","O"
"3407","μέτρον","O"
"3408","τῆϲ","O"
"3409","εἰϲ","O"
"3410","τὰ","O"
"3411","ἄνω","O"
"3412","ὁρμῆϲ","O"
"3413","τοῦ","O"
"3414","ἰχθύοϲ","O"
"3415","δηλῶν","O"
"3416","ἀφορίζει","O"
"3417","·","O"
"3418","ἀλλ","O"
"3419","ἄχρι","O"
"3420","τῆϲ","O"
"3421","φριλῶν","O"
"3422","κόϲ","O"
"3423","·","O"
"3424","οὐ","O"
"3425","γὰρ","O"
"3426","ἂν","O"
"3427","ἐπέθρωϲκε","O"
"3428","κατὰ","O"
"3429","κυμα","O"
"3430",",","O"
"3431","ἀλλ","O"
"3432","ὑπὲρ","O"
"3433","τὸ","O"
"3434","κῦμα","O"
"3435",",","O"
"3436","εἰ","O"
"3437","καὶ","O"
"3438","τὴν","O"
"3439","φρῖκα","O"
"3440","ὑπερεπήδα","O"
"3441",".","O"
"3442","ἐκφερομένου","O"
"3443","οὖν","O"
"3444","ὑπὸ","O"
"3445","τῶν","O"
"3446","ἐκβολῶν","O"
"3447","τοῦ","O"
"3448","ποταμοῦ","O"
"3449","πηδῆϲαι","O"
"3450","κατὰ","O"
"3451","τὸ","O"
"3452","κῦμά","O"
"3453","φηϲι","O"
"3454","τὸν","O"
"3455","ἰχθύν","O"
"3456",",","O"
"3457","καὶ","O"
"3458","γενέϲθαι","O"
"3459","ἄνω","O"
"3460","ὑπὸ","O"
"3461","τὴν","O"
"3462","ϲθαι","O"
"3463","ἄνω","O"
"3464","ὑπὸ","O"
"3465","τὴν","O"
"3466","φρῖκα","O"
"3467",",","O"
"3468","ἔνθα","O"
"3469","ἐντὸϲ","O"
"3470","τεύξεται","O"
"3471","τῷ","O"
"3472","νεκρῷ","O"
"3473",".","O"
"3474","οὕτωϲ","O"
"3475","ἐξηγή","O"
"3476","καὶ","O"
"3477","οἱ","O"
"3478","Ἀριϲτᾶρχειοι","O"
"3479","λέ","O"
"3480","γοντεϲ","O"
"3481","·","O"
"3482","ὑπὸ","O"
"3483","τὴν","O"
"3484","φρῖκα","O"
"3485","ἀίξει","O"
"3486","τιϲ","O"
"3487","τῶν","O"
"3488","ἰχθύων","O"
"3489","κατὰ","O"
"3490","τὸ","O"
"3491","κῦμα","O"
"3492","κολυμ","O"
"3493","ὃϲ","O"
"3494","φάγοι","O"
"3495","ἂν","O"
"3496","τὸν","O"
"3497","τοῦ","O"
"3498","Λυκάο","PERSON"
"3499","νοϲ","O"
"3500","δημόν","O"
"3501",".","O"
"3502","πάντωϲ","O"
"3503","γὰρ","O"
"3504","ἔδει","O"
"3505","τὸν","O"
"3506","μέλλοντα","O"
"3507","τοῦ","O"
"3508","ὑπερφερομένου","O"
"3509","νε","O"
"3510","κροῦ","O"
"3511","ἅπτεϲθαι","O"
"3512","ἰχθὺν","O"
"3513","ἄνω","O"
"3514","μετέωρον","O"
"3515","ὑπὸ","O"
"3516","τὴν","O"
"3517","φρῖκα","O"
"3518","ἐλθεῖν","O"
"3519",".","O"
"3520","Φιλητᾶϲ","O"
"3521","τῇ","O"
"3522","ὑπαλύξει","O"
"3523","γραφῇ","O"
"3524","ϲυντιθέ","O"
"3525","φηϲιν","O"
"3526",",","O"
"3527","ὅτι","O"
"3528","ὁ","O"
"3529","φαγὼν","O"
"3530","ἰχθὺϲ","O"
"3531","τοῦ","O"
"3532","Λυκάονοϲ","O"
"3533","τὸν","O"
"3534","δημὸν","O"
"3535","πιμελώδηϲ","O"
"3536","γενόμενοϲ","O"
"3537","τὸ","O"
"3538","κρύοϲ","O"
"3539","φεύξεται","O"
"3540",".","O"
"3541","ἀγνοεῖ","O"
"3542","φρῖκα","O"
"3543",",","O"
"3544","ἔνθα","O"
"3545","ἐντεύξεται","O"
"3546","τῷ","O"
"3547","νεκρῷ","O"
"3548",".","O"
"3549","οὕτωϲ","O"
"3550","ἐξηγήϲαντο","O"
"3551","καὶ","O"
"3552","οἱ","O"
"3553","Ἀριϲτάρ","O"
"3554","ϲαντο","O"
"3555","χειοι","O"
"3556",",","O"
"3557","λέγοντεϲ","O"
"3558","·","O"
"3559","ὑπὸ","O"
"3560","τὴν","O"
"3561","φρῖκα","O"
"3562","ἀίξει","O"
"3563","τιϲ","O"
"3564","τῶν","O"
"3565","ἰχθύων","O"
"3566","κατὰ","O"
"3567","τὸ","O"
"3568","κῦμα","O"
"3569","κολυμβῶν","O"
"3570",",","O"
"3571","ὃϲ","O"
"3572","φάγοι","O"
"3573","ἂν","O"
"3574","τὸν","O"
"3575","Λυκάοβῶν","PERSON"
"3576",",","O"
"3577","νοϲ","O"
"3578","δημόν","O"
"3579","·","O"
"3580","πάντωϲ","O"
"3581","γὰρ","O"
"3582","ἔδει","O"
"3583","τὸν","O"
"3584","μέλλοντα","O"
"3585","τοῦ","O"
"3586","ὑπερφερομένου","O"
"3587","νεκροῦ","O"
"3588","ἅπτεϲθαι","O"
"3589","ἰχθὺν","O"
"3590","ἄνω","O"
"3591","μετέωρον","O"
"3592","ὑπὸ","O"
"3593","τὴν","O"
"3594","φρῖκα","O"
"3595","ἐλθεῖν","O"
"3596",".","O"
"3597","Φιλητᾶ","O"
"3598","ϲ","O"
"3599","δὲ","O"
"3600","τῇ","O"
"3601","ὑπαλύξει","O"
"3602","γραφῇ","O"
"3603","ϲυντιθέμενόϲ","O"
"3604","φηδὲ","O"
"3605","ϲιν","O"
"3606",",","O"
"3607","ὅτι","O"
"3608","ὁ","O"
"3609","φαγών","O"
"3610","ἰχθὺϲ","O"
"3611","τὸν","O"
"3612","Λυκάομενόϲ","O"
"3613","νοϲ","O"
"3614","δημόν","O"
"3615",",","O"
"3616","πιμελώδηϲ","O"
"3617","γενόμενοϲ","O"
"3618",",","O"
"3619","τὸ","O"
"3620","κρύοϲ","O"
"3621","ἐκφεύξεται","O"
"3622",".","O"
"3623","ἀγνοεῖ","O"
"3624","δὲ","O"
"3625","καὶ","O"
"3626","τοῦτο","O"
"3627",",","O"
"3628","ὅτι","O"
"3629","τὸ","O"
"3630","διανεϲτηκὸϲ","O"
"3631","τῆϲ","O"
"3632","θαδὲ","O"
"3633","δὲ","O"
"3634","καὶ","O"
"3635","οὗτοϲ","O"
"3636",",","O"
"3637","ὅτι","O"
"3638","τὸ","O"
"3639","διανεϲτηκὸϲ","O"
"3640","θαλάϲϲηϲ","O"
"3641","ἐπιπολῆϲ","O"
"3642",",","O"
"3643","οὐ","O"
"3644","τὸ","O"
"3645","κρύοϲ","O"
"3646","φηϲὶν","O"
"3647","Ὅμηροϲ","O"
"3648","φρῖκα","O"
"3649","·","O"
"3650","ὡϲ","O"
"3651","δ","O"
"3652","ὅθ","O"
"3653","ὑ","O"
"3654","πὸ","O"
"3655","φρικὸϲ","O"
"3656","Βορέω","O"
"3657","ἀναπά","O"
"3658","λλε","O"
"3659","ται","O"
"3660","ἰχθύϲ","O"
"3661","Ψ","O"
"3662",",","O"
"3663","τῆϲ","O"
"3664","ἐπιτρε","O"
"3665","χούϲηϲ","O"
"3666","κατὰ","O"
"3667","τὴν","O"
"3668","θάλαϲϲαν","O"
"3669","πρὸ","O"
"3670","τῆϲ","O"
"3671","ἀνέμου","O"
"3672","ἐμβολῆϲ","O"
"3673",".","O"
"3674","καὶ","O"
"3675","ἐπὶ","O"
"3676","τοῦ","O"
"3677","ϲυὸϲ","O"
"3678","κατὰ","O"
"3679","μεταφοράν","O"
"3680","·","O"
"3681","φρίξαϲ","O"
"3682","εὖ","O"
"3683","λοφιήν","O"
"3684","τ","O"
"3685",".","O"
"3686","καὶ","O"
"3687","ἔφριξε","O"
"3688","δὲ","O"
"3689","μάχη","O"
"3690","φθιϲίμβροτοϲ","O"
"3691","Ν","O"
"3692",".","O"
"3693","λάϲϲηϲ","O"
"3694","ἐπιπολῆϲ","O"
"3695",",","O"
"3696","οὐ","O"
"3697","τὸ","O"
"3698","κρύοϲ","O"
"3699","φητῆϲ","O"
"3700","ϲὶν","O"
"3701","Ὁμηροϲ","O"
"3702","φρῖκα","O"
"3703","·","O"
"3704","ὡϲ","O"
"3705","δ","O"
"3706","ὅθ᾿","O"
"3707","ὑπὸ","O"
"3708","φρικὸϲ","O"
"3709","ρέου","O"
"3710","ἀνα","O"
"3711","π","O"
"3712","άλλεται","O"
"3713","θάλαϲϲαν","O"
"3714","πρὸ","O"
"3715","τῆϲ","O"
"3716","τοῦ","O"
"3717","ἀνέμου","O"
"3718","ἐμ","O"
"3719",".","O"
"3720","βολῆϲ","O"
"3721","·","O"
"3722","καὶ","O"
"3723","ἐπὶ","O"
"3724","τοῦ","O"
"3725","ϲυὸϲ","O"
"3726","κατὰ","O"
"3727","μετατοῦ","O"
"3728","φοράν","O"
"3729","·","O"
"3730","φρίξαϲ","O"
"3731","εὖ","O"
"3732","λοφιήν","O"
"3733","·","O"
"3734","καὶ","O"
"3735","ἔφριξε","O"
"3736","δὲ","O"
"3737","μά","O"
"3738","χη","O"
"3739","φθιϲίμβροτοϲ","O"
"3740","ἐγχείῃϲιν","O"
"3741",".","O"
"3742","Θ΄","O"
"3743",".","O"
"3744","Τ","O"
"3745",".","O"
"3746","Β","O"
"3747",".","O"
"3748","ἄμερδεν","O"
"3749",".","O"
"3750","Ἠξίουν","O"
"3751","ἡμᾶϲ","O"
"3752","παρατηροῦνταϲ","O"
"3753","τὴν","O"
"3754","τοῦ","O"
"3755","ποιητοῦ","O"
"3756","ἐντὸϲ","O"
"3757","πᾶϲι","O"
"3758","λεπτουργίαν","O"
"3759","ἰχνεύειν","O"
"3760","καὶ","O"
"3761","τὴν","O"
"3762","ἐντὸϲ","O"
"3763","τοῖϲ","O"
"3764","ὀνόμαϲιν","O"
"3765","αὐτοῦ","O"
"3766","πρὸϲ","O"
"3767","αὐτὸν","O"
"3768","ὁμολογίαν","O"
"3769",".","O"
"3770","φωτὸϲ","O"
"3771","γὰρ","O"
"3772","ἐντὸϲ","O"
"3773","τοῖϲ","O"
"3774","ὀφθαλμοῖϲ","O"
"3775","ἡμῶν","O"
"3776","ὄντοϲ","O"
"3777","ϲυμμέτρου","O"
"3778","δι","O"
"3779","οὗ","O"
"3780","ὁρῶμεν","O"
"3781","τὰ","O"
"3782","πεφωτιϲμένα","O"
"3783",",","O"
"3784","τὴν","O"
"3785","τυφλότητα","O"
"3786","ὁτὲ","O"
"3787","μέν","O"
"3788","φηϲιν","O"
"3789","ὀφθαλμοῦ","O"
"3790","ἀλάωϲεν","O"
"3791","α","O"
"3792",".","O"
"3793","ι","O"
"3794",",","O"
"3795","ἀφῃρῆϲθαι","O"
"3796","τὸ","O"
"3797","λεύϲϲειν","O"
"3798","παριϲτάϲ","O"
"3799",",","O"
"3800","ὁτὲ","O"
"3801","δὲ","O"
"3802","ὁφθαλμ","O"
"3803","ῶν","O"
"3804","μὲν","O"
"3805","ἄμερϲε","O"
"3806","θ","O"
"3807",",","O"
"3808","τὸ","O"
"3809","τοῦ","O"
"3810","μαίρειν","O"
"3811","ἐϲτερημένον","O"
"3812","λέγων","O"
"3813","ϲκοτεινόν","O"
"3814","·","O"
"3815","καὶ","O"
"3816","τὸ","O"
"3817","τοῦ","O"
"3818","μαίρειν","O"
"3819","ἐϲτερημένον","O"
"3820","εἴδωλον","O"
"3821","ἀμαυρόν","O"
"3822","ἔφη","O"
"3823","δ","O"
"3824","·","O"
"3825","φωτὸϲ","O"
"3826","γὰρ","O"
"3827","παρουϲίᾳ","O"
"3828","καὶ","O"
"3829","ὀφθαλμὸϲ","O"
"3830","ὁρῶν","O"
"3831","τὰ","O"
"3832","ὁρώμενα","O"
"3833","φαίνεται","O"
"3834",".","O"
"3835","διττῆϲ","O"
"3836","οὖν","O"
"3837","ὀφθαλμῶν","O"
"3838","οὔϲηϲ","O"
"3839","καὶ","O"
"3840","κατὰ","O"
"3841","Πλάτωνα","PERSON"
"3842",".","O"
"3843","Α","O"
"3844","ἐπιταράξεωϲ","O"
"3845","ἢ","O"
"3846","γὰρ","O"
"3847","διὰ","O"
"3848","ϲκότοϲ","O"
"3849","ἢ","O"
"3850","δι","O"
"3851","ὑπερβολὴν","O"
"3852","τοῦ","O"
"3853","ϲυμμέτρου","O"
"3854","φωτόϲ","O"
"3855","τὸ","O"
"3856","μὲν","O"
"3857","διὰ","O"
"3858","ϲκότοϲ","O"
"3859","μὴ","O"
"3860","μαίρειν","O"
"3861","ἢ","O"
"3862","μαρμαίρειν","O"
"3863","ἀμέρδειν","O"
"3864","εἶπε","O"
"3865","καὶ","O"
"3866","ἀμαυρόν","O"
"3867",",","O"
"3868","τὸ","O"
"3869","δὲ","O"
"3870","διὰ","O"
"3871","ϲτιλβηδόνα","O"
"3872",",","O"
"3873","ἐπὶ","O"
"3874","τοῦ","O"
"3875","χαλκοῦ","O"
"3876","·","O"
"3877","ὄϲϲε","O"
"3878","δ","O"
"3879","ἄμερδεν","O"
"3880","αὐγὴ","O"
"3881","χαλ","O"
"3882","κείη","O"
"3883","κορύθων","O"
"3884","ἀ","O"
"3885","πὸ","O"
"3886","λαμπομενάων","O"
"3887","θωρήκων","O"
"3888","τε","O"
"3889","νεοϲμήκτων","O"
"3890","ϲακέων","O"
"3891","τε","O"
"3892","φαειν","O"
"3893","ῶν","O"
"3894","Ν","O"
"3895",".","O"
"3896","ὅθεν","O"
"3897","καὶ","O"
"3898","ἐπίθετα","O"
"3899","χαλκοῦ","O"
"3900","ἐφιλοτέχνηϲε","O"
"3901",",","O"
"3902","τὸ","O"
"3903","νώροπα","O"
"3904","χαλκόν","O"
"3905","καὶ","O"
"3906","ἤνοπι","O"
"3907","χαλκ","O"
"3908","ῷ","O"
"3909","Π","O"
"3910",",","O"
"3911","ϲημαίνων","O"
"3912","τὸν","O"
"3913","μὴ","O"
"3914","ἐῶντα","O"
"3915","τοὺϲ","O"
"3916","ὦπαϲ","O"
"3917","ὁρᾶν","O"
"3918","διὰ","O"
"3919","τὴν","O"
"3920","προϲοῦϲαν","O"
"3921","ϲτιλβηδόνα","O"
"3922",".","O"
"3923","εἰ","O"
"3924","δὲ","O"
"3925","τὸ","O"
"3926","μέρδειν","O"
"3927","τὸ","O"
"3928","μαίρειν","O"
"3929","ἐϲτὶ","O"
"3930","καὶ","O"
"3931","τὸ","O"
"3932","μὴ","O"
"3933","μέρδειν","O"
"3934","ποιοῦν","O"
"3935","ἀμέρδειν","O"
"3936",",","O"
"3937","τὸ","O"
"3938","ἄγαν","O"
"3939","μέρδον","O"
"3940","ϲμερδαλέον","O"
"3941","ἂν","O"
"3942","εἴη","O"
"3943",",","O"
"3944","τῆϲ","O"
"3945","ζα","O"
"3946","ἐγκειμένηϲ","O"
"3947","ὡϲ","O"
"3948","ἐντὸϲ","O"
"3949","τῷ","O"
"3950","ζαχρειήϲ","O"
"3951",".","O"
"3952","ὅταν","O"
"3953","οὖν","O"
"3954","ἐπὶ","O"
"3955","τοῦ","O"
"3956","δράκοντοϲ","O"
"3957","λέγῃ","O"
"3958","ϲμερδαλέον","O"
"3959","δὲ","O"
"3960","δέδ","O"
"3961","ορκε","O"
"3962",",","O"
"3963","τὸ","O"
"3964","ἄγαν","O"
"3965","ϲτίλβον","O"
"3966","τῶν","O"
"3967","ὀφθαλμῶν","O"
"3968","ἀκουϲόμεθα","O"
"3969","·","O"
"3970","καὶ","O"
"3971","γὰρ","O"
"3972","δράκων","O"
"3973","παρὰ","O"
"3974","τὸ","O"
"3975","δράκω","O"
"3976","εἴρηται","O"
"3977",".","O"
"3978","καὶ","O"
"3979","τὸ","O"
"3980","ϲμερδαλέω","O"
"3981","δὲ","O"
"3982","λέον","O"
"3983","τε","O"
"3984","Π","O"
"3985","ἐπὶ","O"
"3986","τῆϲ","O"
"3987","ἐκφοβούϲηϲ","O"
"3988","αὐτῶν","O"
"3989","ἐνοράϲεωϲ","O"
"3990","ἐκδεξόμεθα","O"
"3991","·","O"
"3992","καὶ","O"
"3993","γὰρ","O"
"3994","ὁ","O"
"3995","λέων","O"
"3996","παρὰ","O"
"3997","τὸ","O"
"3998","λεύϲϲειν","O"
"3999","ὠνόμαϲται","O"
"4000",".","O"
"4001","αὐτὸϲ","O"
"4002","γὰρ","O"
"4003","ἡρμήνευϲε","O"
"4004","τί","O"
"4005","τὸ","O"
"4006","ϲμερδαλέον","O"
"4007",",","O"
"4008","ἐπ","O"
"4009","αὐτῷ","O"
"4010","εἰπ","O"
"4011","ὼν","O"
"4012","γλαυκιόων","O"
"4013","Υ","O"
"4014",".","O"
"4015","καὶ","O"
"4016","ἡ","O"
"4017","ἀϲπὶϲ","O"
"4018","δὲ","O"
"4019","τῆϲ","O"
"4020","Ἀθηνᾶϲ","O"
"4021","διὰ","O"
"4022","τὴν","O"
"4023","μαρμαρυγὴν","O"
"4024","δεινή","O"
"4025","τε","O"
"4026","ϲμερδνή","O"
"4027","τε","O"
"4028","ε","O"
"4029","·","O"
"4030","δεινὸν","O"
"4031","γὰρ","O"
"4032","καὶ","O"
"4033","φοβερὸν","O"
"4034","καὶ","O"
"4035","τὸ","O"
"4036","ἄγαν","O"
"4037","λαμπρὸν","O"
"4038","καὶ","O"
"4039","ϲτίλβον","O"
"4040",",","O"
"4041","ὡϲ","O"
"4042","ἐπὶ","O"
"4043","τῆϲ","O"
"4044","Ἀθηνᾶϲ","O"
"4045","τῆϲ","O"
"4046","γλαυκώπιδοϲ","O"
"4047","ἔφη","O"
"4048","·","O"
"4049","δειν","O"
"4050","ὼ","O"
"4051","δέ","O"
"4052","οἱ","O"
"4053","ὄϲϲε","O"
"4054","φάανθεν","O"
"4055","Α","O"
"4056",",","O"
"4057","ὅπερ","O"
"4058","ἐπ","O"
"4059","ἄλλων","O"
"4060","ἔφη","O"
"4061","ὄμματα","O"
"4062","μαρμαίροντα","O"
"4063","Γ","O"
"4064",".","O"
"4065","γλαυκιόων","O"
"4066","τεϲ","O"
"4067","δὲ","O"
"4068","λέοντεϲ","O"
"4069","καὶ","O"
"4070","Ἀθηνᾶ","GOD"
"4071","γλαυκῶπιϲ","O"
"4072","ἀπὸ","O"
"4073","τοῦ","O"
"4074","γάλακτοϲ","O"
"4075",",","O"
"4076","ὅ","O"
"4077","ἐϲτιν","O"
"4078","ἄϲκιον","O"
"4079","καὶ","O"
"4080","διὰ","O"
"4081","τοῦτο","O"
"4082","λευκόν","O"
"4083",",","O"
"4084","ὑπ","O"
"4085","αὐτοῦ","O"
"4086","εἴρηται","O"
"4087","·","O"
"4088","μέλαινα","O"
"4089","γὰρ","O"
"4090","ἡ","O"
"4091","ϲκιά","O"
"4092",",","O"
"4093","οἷον","O"
"4094","ϲκιόωντό","O"
"4095","τε","O"
"4096","πᾶϲαι","O"
"4097","ἀγυιαί","O"
"4098","β","O"
"4099",",","O"
"4100","ἤτοι","O"
"4101","ἡλίου","O"
"4102","δύντοϲ","O"
"4103","ϲυνεϲκοτοῦντο","O"
"4104","·","O"
"4105","ὀξὺ","O"
"4106","δὲ","O"
"4107","τὸ","O"
"4108","λευκόν","O"
"4109",",","O"
"4110","ὡϲ","O"
"4111","τὸ","O"
"4112","μέλαν","O"
"4113","ἀμβλύ","O"
"4114","ἡ","O"
"4115","οὖν","O"
"4116","ὀξὺ","O"
"4117","ὁρῶϲα","O"
"4118","γλαυκῶπιϲ","O"
"4119",".","O"
"4120","ἀπὸ","O"
"4121","δὲ","O"
"4122","τοῦ","O"
"4123","γάλακτοϲ","O"
"4124","καὶ","O"
"4125","τῆϲ","O"
"4126","ϲτιλβηδόνοϲ","O"
"4127","γλαυκ","O"
"4128","ὴ","O"
"4129","καὶ","O"
"4130","ἡ","O"
"4131","άλαϲϲα","O"
"4132","εἴρηται","O"
"4133","Π","O"
"4134",".","O"
"4135","καὶ","O"
"4136","ἡ","O"
"4137","τοῦ","O"
"4138","ὀφθαλμοῦ","O"
"4139","κόρη","O"
"4140","γλήνη","O"
"4141","Ξ","O"
"4142",".","O"
"4143","ι","O"
"4144",",","O"
"4145","καὶ","O"
"4146","τρίγληνα","O"
"4147","ἐλλόβια","O"
"4148","Ξ","O"
"4149",".","O"
"4150","ϲ","O"
"4151",",","O"
"4152","ἀπὸ","O"
"4153","τοῦ","O"
"4154","ἐντὸϲ","O"
"4155","λευκότητι","O"
"4156","ἀποϲτίλβειν","O"
"4157","·","O"
"4158","καὶ","O"
"4159","ὃϲ","O"
"4160","γλήνεα","O"
"4161","πολλὰ","O"
"4162","κεχάνδει","O"
"4163","Ω","O"
"4164",",","O"
"4165","τὰ","O"
"4166","μὴ","O"
"4167","ἐρρυπωμένα","O"
"4168","ἱμάτια","O"
"4169","ἀλλὰ","O"
"4170","ϲτιλπνὰ","O"
"4171","διὰ","O"
"4172","καθαρότητα","O"
"4173",".","O"
"4174","καὶ","O"
"4175","ζοφουμένηϲ","O"
"4176","μὲν","O"
"4177","τῆϲ","O"
"4178","θαλάϲϲηϲ","O"
"4179","μελάνει","O"
"4180","δέ","O"
"4181","τε","O"
"4182","πόντοϲ","O"
"4183","Η","O"
"4184","λέγει","O"
"4185",",","O"
"4186","ἀταράχου","O"
"4187","δὲ","O"
"4188","οὔϲηϲ","O"
"4189","καὶ","O"
"4190","διειδοῦϲ","O"
"4191","λευκὴ","O"
"4192","δ","O"
"4193","ἦν","O"
"4194","ἀμφὶ","O"
"4195","γαλήνη","O"
"4196","Κ","O"
"4197","καὶ","O"
"4198","γὰρ","O"
"4199","ἡ","O"
"4200","γαλήνη","O"
"4201","ἀπὸ","O"
"4202","τοῦ","O"
"4203","γάλακτοϲ","O"
"4204","εἴρηται","O"
"4205",".","O"
"4206","καὶ","O"
"4207","ἐπεὶ","O"
"4208","τὸ","O"
"4209","μέλαν","O"
"4210","ϲκυθρωπόν","O"
"4211",",","O"
"4212","τὸ","O"
"4213","δὲ","O"
"4214","λευκὸν","O"
"4215","ἀντίκειται","O"
"4216","τῷ","O"
"4217","μέλανι","O"
"4218",",","O"
"4219","ἱλαρὸν","O"
"4220","ἂν","O"
"4221","εἴη","O"
"4222","·","O"
"4223","γέλωϲ","O"
"4224","δ","O"
"4225","ἡ","O"
"4226","ἱλαρότηϲ","O"
"4227","·","O"
"4228","γέλαϲε","O"
"4229","δὲ","O"
"4230","πᾶϲα","O"
"4231","περὶ","O"
"4232","χθ","O"
"4233","ὼν","O"
"4234","φηϲὶ","O"
"4235","χαλκοῦ","O"
"4236","ὑπὸ","O"
"4237","ϲτεροπῆϲ","O"
"4238","Τ","O"
"4239","ἤτοι","O"
"4240","λαμπρυνθεῖϲα","O"
"4241","φαιδρὰ","O"
"4242","γέγονεν","O"
"4243",".","O"
"4244","οὕτω","O"
"4245","νόει","O"
"4246","καὶ","O"
"4247","τὸ","O"
"4248","κόρυ","O"
"4249","θεϲ","O"
"4250","καὶ","O"
"4251","θώρακεϲ","O"
"4252","λαμπρὸν","O"
"4253","γανόων","O"
"4254","τεϲ","O"
"4255","Ν","O"
"4256",",","O"
"4257","ἀπὸ","O"
"4258","τῆϲ","O"
"4259","γῆϲ","O"
"4260","τῆϲ","O"
"4261","λαμπούϲηϲ","O"
"4262","καὶ","O"
"4263","διὰ","O"
"4264","τῆϲ","O"
"4265","ϲτιλβηδόνοϲ","O"
"4266","φαιδρυνομένηϲ","O"
"4267",".","O"
"4268","καὶ","O"
"4269","ὁ","O"
"4270","γαίων","O"
"4271","δὲ","O"
"4272","τῷ","O"
"4273","κύδεϊ","O"
"4274","Α","O"
"4275",",","O"
"4276","ὁ","O"
"4277","διαχεόμενοϲ","O"
"4278","καὶ","O"
"4279","λαμπρυνόμενοϲ","O"
"4280","διὰ","O"
"4281","τὴν","O"
"4282","δόξαν","O"
"4283",".","O"
"4284","ἐπεὶ","O"
"4285","δὲ","O"
"4286","φῶϲ","O"
"4287","ἐϲτιν","O"
"4288","ἐντὸϲ","O"
"4289","τοῖϲ","O"
"4290","ὀφθαλμοῖϲ","O"
"4291",",","O"
"4292","ὅταν","O"
"4293","μὲν","O"
"4294","ἥμερον","O"
"4295","βλέπωϲι","O"
"4296",",","O"
"4297","φάεα","O"
"4298","αὐτὰ","O"
"4299","καλεῖ","O"
"4300","·","O"
"4301","κύϲϲε","O"
"4302","δέ","O"
"4303","μιν","O"
"4304","κεφαλήν","O"
"4305","τε","O"
"4306","καὶ","O"
"4307","ἄμφω","O"
"4308","φάεα","O"
"4309","καλά","O"
"4310","π","O"
"4311",".","O"
"4312","ἀπὸ","O"
"4313","τοῦ","O"
"4314","ἐντὸϲ","O"
"4315","αὐτοῖϲ","O"
"4316","φωτόϲ","O"
"4317","·","O"
"4318","ὅταν","O"
"4319","γὰρ","O"
"4320","ἀποθάνῃ","O"
"4321","·","O"
"4322","κατὰ","O"
"4323","δ","O"
"4324","ὄϲϲ","O"
"4325","ἐρε","O"
"4326","βεννὴ","O"
"4327","ν","O"
"4328","ὺξ","O"
"4329","ἐκάλυψεν","O"
"4330","ε","O"
"4331","ὅταν","O"
"4332","δὲ","O"
"4333","ἐξαγριωθῶϲιν","O"
"4334","ὑπ","O"
"4335","ὀργῆϲ","O"
"4336","καὶ","O"
"4337","ἐκκαυθῶϲιν","O"
"4338",",","O"
"4339","ἔτι","O"
"4340","μὲν","O"
"4341","ἀρχομένηϲ","O"
"4342","τῆϲ","O"
"4343","ὀργῆϲ","O"
"4344","·","O"
"4345","πυρὶ","O"
"4346","λαμπετόων","O"
"4347","τι","O"
"4348","ἐίκτην","O"
"4349","Α","O"
"4350",",","O"
"4351","κρατηϲάϲηϲ","O"
"4352","δέ","O"
"4353","·","O"
"4354","πῦρ","O"
"4355","ὀφθαλμοῖϲι","O"
"4356","δεδορκώϲ","O"
"4357","τ","O"
"4358","·","O"
"4359","καὶ","O"
"4360","γὰρ","O"
"4361","τὸ","O"
"4362","φῶϲ","O"
"4363","ἀπὸ","O"
"4364","πυρόϲ","O"
"4365",".","O"
"4366","καὶ","O"
"4367","τὸ","O"
"4368","ὕφαιμον","O"
"4369","δ","O"
"4370","ὁρᾶν","O"
"4371","διὰ","O"
"4372","τὸ","O"
"4373","πυρὶ","O"
"4374","ἐοικέναι","O"
"4375","τὸ","O"
"4376","αἶμα","O"
"4377","ϲμερδαλέον","O"
"4378","εἴρηται","O"
"4379","·","O"
"4380","ϲμερδαλέοϲ","O"
"4381","δ","O"
"4382","α","O"
"4383","ὐτῇ","O"
"4384","ϲι","O"
"4385","φάνη","O"
"4386","κεκακωμένοϲ","O"
"4387","ἅλμῃ","O"
"4388","ζ","O"
"4389",",","O"
"4390","ἤγουν","O"
"4391","ὕφαιμον","O"
"4392","βλέπων","O"
"4393","διὰ","O"
"4394","τὸ","O"
"4395","πυρωτοὺϲ","O"
"4396","ἔχειν","O"
"4397","τοὺϲ","O"
"4398","ὀφθαλμοὺϲ","O"
"4399","ἐκ","O"
"4400","τῆϲ","O"
"4401","ἁλόϲ","O"
"4402",".","O"
"4403","καὶ","O"
"4404","ἐπὶ","O"
"4405","τοῦ","O"
"4406","πυρὸϲ","O"
"4407","δίκην","O"
"4408","μαινομένου","O"
"4409","εἰπὼν","O"
"4410","μαίνετο","O"
"4411","δ","O"
"4412","ὡϲ","O"
"4413","ὅτ","O"
"4414","Ἄρηϲ","O"
"4415","ἐγχέϲπαλοϲ","O"
"4416","ἢ","O"
"4417","ὀλοὸν","O"
"4418","π","O"
"4419","ῦρ","O"
"4420","ρ","O"
"4421","ἐπάγει","O"
"4422","·","O"
"4423","τὼ","O"
"4424","δέ","O"
"4425","οἱ","O"
"4426","ὄϲϲε","O"
"4427","λαμπέϲθην","O"
"4428",".","O"
"4429","λοιπὸν","O"
"4430","δὲ","O"
"4431","κατὰ","O"
"4432","μεταφορὰν","O"
"4433","ϲμερδαλέα","O"
"4434","μὲν","O"
"4435","τὰ","O"
"4436","οἰκήματα","O"
"4437","τοῦ","O"
"4438","Ἅιδου","GOD"
"4439","ἔφη","O"
"4440","Υ","O"
"4441",",","O"
"4442","ἀπὸ","O"
"4443","τοῦ","O"
"4444","ὕφαιμα","O"
"4445","εἶναι","O"
"4446","καὶ","O"
"4447","φόνων","O"
"4448","πλήρη","O"
"4449",",","O"
"4450","ἐπὶ","O"
"4451","τὴν","O"
"4452","ὄψιν","O"
"4453","ἀναφέρων","O"
"4454",".","O"
"4455","ἐπὶ","O"
"4456","φωνῆϲ","O"
"4457","δὲ","O"
"4458","λαμπρᾶϲ","O"
"4459","καὶ","O"
"4460","διαφανοῦϲ","O"
"4461","·","O"
"4462","ϲμερδαλέον","O"
"4463","κονάβηϲαν","O"
"4464","Β","O"
"4465","καὶ","O"
"4466","ϲμερδνὸν","O"
"4467","βοόων","O"
"4468","καὶ","O"
"4469","ἐπ","O"
"4470","ὀρχήϲεωϲ","O"
"4471","ϲυντόνου","O"
"4472","μεταφέρων","O"
"4473","μαρμα","O"
"4474","ρυγὰϲ","O"
"4475","ἔφη","O"
"4476","θηεῖτο","O"
"4477","π","O"
"4478","οδῶν","O"
"4479","η","O"
"4480",",","O"
"4481","τὰϲ","O"
"4482","ἐντὸϲ","O"
"4483","τῇ","O"
"4484","κινήϲει","O"
"4485","ϲτιλβηδόναϲ","O"
"4486",",","O"
"4487","ἃϲ","O"
"4488","ποιεῖ","O"
"4489","καὶ","O"
"4490","τὸ","O"
"4491","πῦρ","O"
"4492","κινούμενον","O"
"4493",".","O"
"4494","καὶ","O"
"4495","οὐχὶ","O"
"4496","φιλόϲοφοι","O"
"4497","πρῶτοι","O"
"4498",".","O"
"4499","τὸ","O"
"4500","λευκὸν","O"
"4501","ἀφωρίϲαντο","O"
"4502","τὸ","O"
"4503","διακριτικὸν","O"
"4504","ὄψεωϲ","O"
"4505",",","O"
"4506","ἀλλὰ","O"
"4507","πρὸ","O"
"4508","αὐτῶν","O"
"4509","Ὅμηροϲ","O"
"4510",",","O"
"4511","αρμαίρειν","O"
"4512","λέγων","O"
"4513","τὸ","O"
"4514","λάμπειν","O"
"4515",",","O"
"4516","ὅ","O"
"4517","ἐϲτι","O"
"4518","μερίζειν","O"
"4519","καὶ","O"
"4520","διαιρεῖν","O"
"4521",",","O"
"4522","ἀφ","O"
"4523","οὗ","O"
"4524","τὸ","O"
"4525","διακρίνειν","O"
"4526","·","O"
"4527","ὅθεν","O"
"4528","τὸ","O"
"4529","μὴ","O"
"4530","μερίζον","O"
"4531","ἀλλὰ","O"
"4532","ϲκοτεινὸν","O"
"4533","ἀμα","O"
"4534","υρόν","O"
"4535",".","O"
"4536","καὶ","O"
"4537",".","O"
"4538","ὅτι","O"
"4539","παρὰ","O"
"4540","τὸ","O"
"4541","μερίζειν","O"
"4542","καὶ","O"
"4543","διακρίνειν","O"
"4544","καὶ","O"
"4545","διαιρεῖν","O"
"4546","κέκληκε","O"
"4547","τὸ","O"
"4548","φωτίζειν","O"
"4549","μαρμαίρειν","O"
"4550",",","O"
"4551","δηλοῖ","O"
"4552","τὸ","O"
"4553","φῶϲ","O"
"4554","δάοϲ","O"
"4555","καλέϲαϲ","O"
"4556","δάοϲ","O"
"4557","μετὰ","O"
"4558","χερϲὶν","O"
"4559","ἔχουϲαι","O"
"4560","Ω","O"
"4561",",","O"
"4562","ἀφ","O"
"4563","οὗ","O"
"4564","αἱ","O"
"4565","δεκτικαὶ","O"
"4566","τοῦ","O"
"4567","φωτὸϲ","O"
"4568","δᾷδεϲ","O"
"4569","καὶ","O"
"4570","δαΐδεϲ","O"
"4571",".","O"
"4572","ι΄","O"
"4573",".","O"
"4574","Ε","O"
"4575","Φ","O"
"4576",".","O"
"4577","ια","GPE"
"4578",".","O"
"4579","ιβ","O"
"4580","΄","O"
"4581",".","O"
"4582","Τ","O"
"4583","Τ","O"
"4584",".","O"
"4585","καππεδίον","O"
"4586","τὸ","O"
"4587","ἀλήιον","O"
"4588","Ἀξιῶν","O"
"4589","δὲ","O"
"4590","ἐγὼ","O"
"4591","Ὅμηρον","PERSON"
"4592","ἐξ","O"
"4593","Ὁμήρου","PERSON"
"4594","ϲαφηνίζειν","O"
"4595","αὐτὸν","O"
"4596","ἐξηγούμενον","O"
"4597","ἑαυτὸν","O"
"4598","ὑπεδείκνυον","O"
"4599",",","O"
"4600","ποτὲ","O"
"4601","μὲν","O"
"4602","παρακειμένωϲ","O"
"4603",",","O"
"4604","ἄλλοτε","O"
"4605","δ","O"
"4606","ἐντὸϲ","O"
"4607","ἄλλοιϲ","O"
"4608",".","O"
"4609","τῇ","O"
"4610","τε","O"
"4611","γὰρ","O"
"4612","εἰροκόμ","O"
"4613","ῳ","O"
"4614","παράκειται","O"
"4615","ϲυνεζευγμένη","O"
"4616","ἡ","O"
"4617","ἐξήγηϲιϲ","O"
"4618","·","O"
"4619","γρηῒ","O"
"4620","δέ","O"
"4621","μιν","O"
"4622","εἰκυῖα","O"
"4623","παλαιγενέι","O"
"4624","προϲέειπεν","O"
"4625","εἰροκόμ","O"
"4626","ῳ","O"
"4627","Γ","O"
"4628",".","O"
"4629","τίϲ","O"
"4630","οὖν","O"
"4631","ἡ","O"
"4632","είροκόμοϲ","O"
"4633","ἥ","O"
"4634","οἱ","O"
"4635",",","O"
"4636","φηϲὶν","O"
"4637",",","O"
"4638","ἤϲκειν","O"
"4639","εἴρια","O"
"4640","κα","O"
"4641","λά","O"
"4642","·","O"
"4643","ἡ","O"
"4644","γὰρ","O"
"4645","ἀϲκοῦϲα","O"
"4646","τὰ","O"
"4647","ἔρια","O"
"4648","εἴη","O"
"4649","ἂν","O"
"4650","εἰροκόμοϲ","O"
"4651","·","O"
"4652","ἀϲκεῖν","O"
"4653","δὲ","O"
"4654","τὸ","O"
"4655","καλλωπίζειν","O"
"4656",",","O"
"4657","ὡϲ","O"
"4658","τὸ","O"
"4659","χ","O"
"4660","ῥυϲὸν","O"
"4661","κέραϲι","O"
"4662","περιχεύει","O"
"4663","ἀϲκήϲαϲ","O"
"4664",",","O"
"4665","ἵν᾿","O"
"4666","ἄγαλμα","O"
"4667","θεὰ","O"
"4668","κεχάροιτο","O"
"4669","ἰδοῦϲα","O"
"4670","γ","O"
"4671",".","O"
"4672","καὶ","O"
"4673","πάλιν","O"
"4674","ἄλλουϲ","O"
"4675","τ","O"
"4676","αἰδέϲθητε","O"
"4677","περικτίοναϲ","O"
"4678","ἀνθρώ","O"
"4679","πουϲ","O"
"4680",".","O"
"4681","τίνεϲ","O"
"4682","οὖν","O"
"4683","οἱ","O"
"4684","περικτίονεϲ","O"
"4685",";","O"
"4686","οἳ","O"
"4687","περιν","O"
"4688","αιετά","O"
"4689","ουϲι","O"
"4690","β","O"
"4691",".","O"
"4692","βοῦν","O"
"4693","ἦνιν","O"
"4694","ρυμέτωπον","O"
"4695","ἀδμήτην","PERSON"
"4696","Κ","O"
"4697",".","O"
"4698","ἆρ","O"
"4699","οὖν","O"
"4700","τὸ","O"
"4701","ἀδμήτην","PERSON"
"4702","ἄγαμον","O"
"4703","δηλοῖ","O"
"4704","οὐχί","O"
"4705",",","O"
"4706","ἀλλὰ","O"
"4707","τὴν","O"
"4708","ο","O"
"4709","ὔπω","O"
"4710","ὑπὸ","O"
"4711","ζυγὸν","O"
"4712","ἤγαγεν","O"
"4713","ἀνήρ","O"
"4714",".","O"
"4715","καὶ","O"
"4716","πάλιν","O"
"4717","ἔνθ","O"
"4718","οἵ","O"
"4719","γ","O"
"4720","οὐκέτι","O"
"4721","πάμπαν","O"
"4722","ἀφέϲταϲαν","O"
"4723",",","O"
"4724","ἦρχε","O"
"4725","γὰρ","O"
"4726","Ἄλρηϲ","O"
"4727","Φ","O"
"4728",".","O"
"4729","τί","O"
"4730","οὖν","O"
"4731","τὸ","O"
"4732","ἦρχε","O"
"4733",";","O"
"4734","πρῶτοϲ","O"
"4735","Ἀθηναίῃ","GOD"
"4736","ἐπόρουϲεν","O"
"4737",".","O"
"4738","ἐπὶ","O"
"4739","δὲ","O"
"4740","τῆϲ","O"
"4741","Πηλιάδοϲ","O"
"4742","μελίηϲ","O"
"4743","καὶ","O"
"4744","φιλοτιμουμένῳ","O"
"4745","ἔοικε","O"
"4746","πολλαχόθεν","O"
"4747","τὴν","O"
"4748","κλῆϲιν","O"
"4749","προοῦϲαν","O"
"4750","δεικνύναι","O"
"4751","·","O"
"4752","ἢ","O"
"4753","γὰρ","O"
"4754","ἀπὸ","O"
"4755","τοῦ","O"
"4756","μόνον","O"
"4757","αὐτὴν","O"
"4758","ἐπίϲταϲθαι","O"
"4759","πῆλαι","O"
"4760","τὸν","O"
"4761","Ἀχιλλέα","PERSON"
"4762","·","O"
"4763","ἀλλά","O"
"4764","μιν","O"
"4765","οἶοϲ","O"
"4766","ἐπίϲτατο","O"
"4767","πῆλαι","O"
"4768","Ἀχιλλεύϲ","O"
"4769","Π","O"
"4770",",","O"
"4771","ἢ","O"
"4772","ἀπὸ","O"
"4773","τοῦ","O"
"4774","Πηλέωϲ","O"
"4775","τοῦ","O"
"4776","πατρόϲ","O"
"4777","·","O"
"4778","τὴν","O"
"4779","πατρὶ","O"
"4780","φίλ","O"
"4781","ῳ","O"
"4782","τάμε","O"
"4783","Χείρων","O"
"4784",".","O"
"4785",",","O"
"4786","ἢ","O"
"4787","ἀπὸ","O"
"4788","Πηλίου","O"
"4789","τοῦ","O"
"4790","ὄρουϲ","O"
"4791","ὅθεν","O"
"4792","ἐτμήθη","O"
"4793","·","O"
"4794","πατρὶ","O"
"4795","φίλ","O"
"4796","ῳ","O"
"4797","τά","O"
"4798","με","O"
"4799","Χείρων","O"
"4800","Πηλίου","O"
"4801","ἐκ","O"
"4802","κορυφῆϲ","O"
"4803",".","O"
"4804","ἀλλ","O"
"4805","ἐπεὶ","O"
"4806","μελίη","O"
"4807","τὸ","O"
"4808","δόρυ","O"
"4809","ἀπὸ","O"
"4810","τοῦ","O"
"4811","δένδρου","O"
"4812","τῆϲ","O"
"4813","μελίαϲ","O"
"4814",",","O"
"4815","δῆλον","O"
"4816","ὡϲ","O"
"4817","καὶ","O"
"4818","τὸ","O"
"4819","μείλινον","O"
"4820","ἔγχοϲ","O"
"4821","ἐκ","O"
"4822","μελίαϲ","O"
"4823","τοῦ","O"
"4824","δένδρου","O"
"4825",",","O"
"4826","οὐ","O"
"4827","μὴν","O"
"4828",",","O"
"4829","ὡϲ","O"
"4830","οἱ","O"
"4831","πολλοὶ","O"
"4832",",","O"
"4833","τὸ","O"
"4834","μακρόν","O"
"4835",".","O"
"4836","καὶ","O"
"4837","ἔγχεα","O"
"4838","ὸξυόεντα","O"
"4839","ε","O"
"4840","τὰ","O"
"4841","ἐξ","O"
"4842","ὀξύηϲ","O"
"4843","τοῦ","O"
"4844","δένδρου","O"
"4845",",","O"
"4846","ὡϲ","O"
"4847","καὶ","O"
"4848","Ἀρχίλοχοϲ","O"
"4849",".","O"
"4850","⟩","O"
"4851","·","O"
"4852","ὀξύη","O"
"4853","ποτᾶτο","O"
"4854",",","O"
"4855","ἀλλ","O"
"4856","οὐ","O"
"4857","τὰ","O"
"4858","ὀξέα","O"
"4859",",","O"
"4860","ὡϲ","O"
"4861","οἱ","O"
"4862","γραμματικοὶ","NORP"
"4863","ἀποδεδώκαϲιν","O"
"4864",".","O"
"4865","πάλιν","O"
"4866","ἔφη","O"
"4867","·","O"
"4868","ἤτοι","O"
"4869","ὁ","O"
"4870","καππεδίον","O"
"4871","τὸ","O"
"4872","ἀλήιον","O"
"4873","Ζ","O"
"4874",".","O"
"4875","διὰ","O"
"4876","τί","O"
"4877","οὖν","O"
"4878","ἀλήιον","O"
"4879",";","O"
"4880","ἆρά","O"
"4881","γε","O"
"4882","τὸ","O"
"4883","ἄϲπορον","O"
"4884","καὶ","O"
"4885","μὴ","O"
"4886","ἔχον","O"
"4887","λήια","O"
"4888",";","O"
"4889","οὐχί","O"
"4890",".","O"
"4891","ἀλλ","O"
"4892","ἐκ","O"
"4893","τοῦ","O"
"4894","οἶον","O"
"4895","αὐτὸν","O"
"4896","ἐντὸϲ","O"
"4897","αὐτῷ","O"
"4898","ἀλᾶϲθαι","O"
"4899",".","O"
"4900","καὶ","O"
"4901","τί","O"
"4902","οὖν","O"
"4903","τὸ","O"
"4904","οἶον","O"
"4905","ἀλᾶϲθαι","O"
"4906",";","O"
"4907","ἐξηγεῖται","O"
"4908","·","O"
"4909","πάτον","O"
"4910","ἀν","O"
"4911","θρώπων","O"
"4912","ἀλεείν","O"
"4913","ων","O"
"4914",".","O"
"4915","ἐντὸϲ","O"
"4916","δὲ","O"
"4917","τῷ","O"
"4918","καὶ","O"
"4919","μέν","O"
"4920","οἱ","O"
"4921","Λύκιοι","NORP"
"4922","τέμενοϲ","O"
"4923","τά","O"
"4924","μον","O"
"4925","Ζ","O"
"4926","ταχέωϲ","O"
"4927","δεδήλωκεν","O"
"4928","ὅτι","O"
"4929","ἀπὸ","O"
"4930","τοῦ","O"
"4931","τετμῆϲθαι","O"
"4932","καὶ","O"
"4933","ἀφωρίϲθαι","O"
"4934","τὸ","O"
"4935","τέμενοϲ","O"
"4936","λέγεται","O"
"4937","·","O"
"4938","τέμενοϲ","O"
"4939","τάμον","O"
"4940",".","O"
"4941","οὕτω","O"
"4942","καὶ","O"
"4943","κειμήλια","O"
"4944","ἔφη","O"
"4945","κεῖϲθαι","O"
"4946","Ζ","O"
"4947","ἀπὸ","O"
"4948","γὰρ","O"
"4949","τοῦ","O"
"4950","κεῖϲθαι","O"
"4951","κειμήλια","O"
"4952","λέγεται","O"
"4953",".","O"
"4954","πάλιν","O"
"4955","πτωχὸν","O"
"4956","ἔφη","O"
"4957","πανδήμιον","O"
"4958","ϲ","O"
"4959",".","O"
"4960","τίϲ","O"
"4961","οὖν","O"
"4962","οὗτοϲ","O"
"4963",";","O"
"4964","ὃϲ","O"
"4965","κατὰ","O"
"4966","ἄϲτυ","O"
"4967","πτω","O"
"4968","χεύεϲκ","O"
"4969","Ἰθά","O"
"4970","κηϲ","O"
"4971",",","O"
"4972","ἀλλ","O"
"4973","οὐχ","O"
"4974","ὡϲ","O"
"4975","Ὀδυϲϲεὺϲ","O"
"4976","ἐντὸϲ","O"
"4977","μιᾷ","O"
"4978","οἰκίᾳ","O"
"4979",".","O"
"4980","πάλιν","O"
"4981","·","O"
"4982","μετέπ","O"
"4983","ρεπε","O"
"4984","γαϲτέρι","O"
"4985","μάργ","O"
"4986","ῃ","O"
"4987","ϲ","O"
"4988",".","O"
"4989","τίϲ","O"
"4990","οὖν","O"
"4991","αὕτη","O"
"4992","ἡ","O"
"4993","γαϲτριμαργία","O"
"4994","ἧϲ","O"
"4995","ὥϲπερ","O"
"4996","ὅρον","O"
"4997","ποιούμενοϲ","O"
"4998","ἐπάγει","O"
"4999","·","O"
"5000","ἀζηχὲϲ","O"
"5001","φαγέμεν","O"
"5002","καὶ","O"
"5003","πιέμεν","O"
"5004",",","O"
"5005","τὸ","O"
"5006","ἀδιαλείπτωϲ","O"
"5007","ἐϲθίειν","O"
"5008","καὶ","O"
"5009","πίνειν","O"
"5010","μεταλαβὼν","O"
"5011","εἰϲ","O"
"5012","τὸ","O"
"5013","ἀζηχέϲ","O"
"5014",",","O"
"5015","ὃ","O"
"5016","ἐντὸϲ","O"
"5017","ἄλλοιϲ","O"
"5018","ἔφη","O"
"5019","ϲυνεχὲϲ","O"
"5020","αἰεί","O"
"5021",".","O"
"5022","καὶ","O"
"5023","ἐπὶ","O"
"5024","ἄλλου","O"
"5025","μὲν","O"
"5026","ἐντὸϲ","O"
"5027","πᾶϲι","O"
"5028","διαπρέποντοϲ","O"
"5029","ἔφη","O"
"5030","ὁ","O"
"5031","δ","O"
"5032","ἔπρεπε","O"
"5033","καὶ","O"
"5034","διὰ","O"
"5035","πάντων","O"
"5036","Μ","O"
"5037",",","O"
"5038","ἐπὶ","O"
"5039","δὲ","O"
"5040","τοῦ","O"
"5041","Ἴρου","O"
"5042","μετὰ","O"
"5043","δ","O"
"5044","ἔπρεπε","O"
"5045","γα","O"
"5046","ϲτέρι","O"
"5047","μάρτῃ","O"
"5048",",","O"
"5049","ἤτοι","O"
"5050","μόνῃ","O"
"5051","γαϲτριμαργίᾳ","O"
"5052",".","O"
"5053","πόθεν","O"
"5054","οὖν","O"
"5055","Ἶροϲ","O"
"5056","ἐκλήθη","O"
"5057",";","O"
"5058","ο","O"
"5059","ὕνεκ","O"
"5060","ἐπαγγέλλεϲκε","O"
"5061","κι","O"
"5062","ὼν","O"
"5063","ὅτε","O"
"5064","π","O"
"5065","ού","O"
"5066","τιϲ","O"
"5067","ἀνώγοι","O"
"5068","ϲ","O"
"5069",".","O"
"5070","καὶ","O"
"5071","πάλιν","O"
"5072","·","O"
"5073","οὐκ","O"
"5074","ἀίειϲ","O"
"5075","ὅτι","O"
"5076","δή","O"
"5077","μοι","O"
"5078","ἐπιλλίζουϲιν","O"
"5079","Ἀχαιοί","NORP"
"5080","ϲ","O"
"5081",";","O"
"5082","τί","O"
"5083","οὖν","O"
"5084","τὸ","O"
"5085","ἐπιλλίζειν","O"
"5086",";","O"
"5087","τὸ","O"
"5088","διανεύειν","O"
"5089","—","O"
"5090","ἑλκέμεναι","O"
"5091","δὲ","O"
"5092","κέλονται","O"
"5093","—","O"
"5094",",","O"
"5095","ἀπὸ","O"
"5096","τοῦ","O"
"5097","τοὺϲ","O"
"5098","διανεύονταϲ","O"
"5099","ϲυϲτρέφειν","O"
"5100","τοὺϲ","O"
"5101","ὀφθαλμούϲ","O"
"5102","ἰλλάδεϲ","O"
"5103","Ν","O"
"5104","γὰρ","O"
"5105","οἱ","O"
"5106","ϲυνεϲτραμμένοι","O"
"5107","ἱμάντεϲ","O"
"5108",",","O"
"5109","ὡϲ","O"
"5110","ἀλλαχοῦ","O"
"5111","ἔφη","O"
"5112","·","O"
"5113","ἐντὸϲ","O"
"5114","δὲ","O"
"5115","ϲτρόφοϲ","O"
"5116","ἦεν","O"
"5117","ἀορτήρ","O"
"5118","ν","O"
"5119",".","O"
"5120","τὸν","O"
"5121","μὲν","O"
"5122","ἄκουρον","O"
"5123","ἐόντα","O"
"5124","βάλ","O"
"5125","ἀργυρότοξοϲ","O"
"5126","Ἀπόλλων","GOD"
"5127","η","O"
"5128",".","O"
"5129","τίϲ","O"
"5130","οὖν","O"
"5131","ὁ","O"
"5132","ἄκουροϲ","O"
"5133","μίαν","O"
"5134","οἴην","O"
"5135","παῖδα","O"
"5136","λιπόντα","O"
"5137",".","O"
"5138","ὡϲαύτωϲ","O"
"5139","καὶ","O"
"5140","τὸ","O"
"5141","κύμβα","O"
"5142","χοϲ","O"
"5143","ἐξηγεῖται","O"
"5144","ἐπάγων","O"
"5145","ἐ","O"
"5146","πὶ","O"
"5147","βρεχμόν","O"
"5148","τε","O"
"5149","καὶ","O"
"5150","ὤμουϲ","O"
"5151","δηθὰ","O"
"5152","μά","O"
"5153","λ","O"
"5154","εἱϲτήκει","O"
"5155",".","O"
"5156","γυῖα","O"
"5157","δ","O"
"5158","ἐξηγεῖται","O"
"5159","·","O"
"5160","πόδαϲ","O"
"5161","καὶ","O"
"5162","χεῖραϲ","O"
"5163","ὕπερθεν","O"
"5164","καὶ","O"
"5165","ἀμφιγυήειϲ","O"
"5166","οὖν","O"
"5167","ὁ","O"
"5168","περὶ","O"
"5169","τὰ","O"
"5170","γυῖα","O"
"5171","βεβλαμμένοϲ","O"
"5172",",","O"
"5173","ὃν","O"
"5174","καὶ","O"
"5175","κυλλοποδίονα","O"
"5176","εἶπε","O"
"5177",".","O"
"5178","καὶ","O"
"5179","τὸ","O"
"5180","γυιώϲω","O"
"5181","μὲν","O"
"5182","ϲφῶιν","O"
"5183","ὑφ","O"
"5184","ἅρμα","O"
"5185","ϲιν","O"
"5186","ὠ","O"
"5187","κέαϲ","O"
"5188","ἵππ","O"
"5189","ουϲ","O"
"5190","Θ","O"
"5191",",","O"
"5192","ἤτοι","O"
"5193","ϲκελεαγεῖϲ","O"
"5194","ποιήϲω","O"
"5195","·","O"
"5196","ἐπάγει","O"
"5197","γὰρ","O"
"5198","κατὰ","O"
"5199","δ","O"
"5200","ἅρματα","O"
"5201","ἄξω","O"
"5202",".","O"
"5203","φιλοτιμεῖται","O"
"5204","καὶ","O"
"5205","τὸ","O"
"5206","λυκόφωϲ","O"
"5207","ἐξηγήϲαϲθαι","O"
"5208","·","O"
"5209","ἦμοϲ","O"
"5210","δ","O"
"5211","οὔτ","O"
"5212","ἄρ","O"
"5213","πω","O"
"5214","ἠώϲ","O"
"5215",",","O"
"5216","ἔτι","O"
"5217","δ","O"
"5218","ἀμφιλύκη","O"
"5219","νύξ","O"
"5220","Η","O"
"5221","οὐ","O"
"5222","γὰρ","O"
"5223","εἰ","O"
"5224","μηδέπω","O"
"5225","ἠώϲ","O"
"5226",",","O"
"5227","ἔτι","O"
"5228","ἦν","O"
"5229","νύξ","O"
"5230",",","O"
"5231","ἀλλ","O"
"5232","ἡ","O"
"5233","ἀμφιλύκη","O"
"5234","ἦν","O"
"5235",",","O"
"5236","ὁ","O"
"5237","βαθὺϲ","O"
"5238","ὄρθροϲ","O"
"5239",".","O"
"5240","ἠῶ","O"
"5241","δὲ","O"
"5242","λέγει","O"
"5243","νῦν","O"
"5244","τὸν","O"
"5245","ὄρθρον","O"
"5246","καὶ","O"
"5247","τὸ","O"
"5248","πρὸ","O"
"5249","ἀνατολῆϲ","O"
"5250","ἡλίου","O"
"5251","πεφωτιϲμένον","O"
"5252","διάϲτημα","O"
"5253","·","O"
"5254","ὅτι","O"
"5255","γὰρ","O"
"5256","καὶ","O"
"5257","τοῦτο","O"
"5258","τὸ","O"
"5259","διάϲτημα","O"
"5260","λέγει","O"
"5261","ἠῶ","O"
"5262",",","O"
"5263","δηλοῖ","O"
"5264","ἐπὶ","O"
"5265","τῆϲ","O"
"5266","νεὼϲ","O"
"5267","τοῦ","O"
"5268","Τηλεμάχου","PERSON"
"5269","εἰπών","O"
"5270","·","O"
"5271","παννυχίη","O"
"5272","μὲν","O"
"5273","ἄρ","O"
"5274","ἥγε","O"
"5275","καὶ","O"
"5276","ἠῶ","O"
"5277","πεῖρε","O"
"5278","κέλευθον","O"
"5279","β","O"
"5280",",","O"
"5281","εἶτα","O"
"5282","εἰπὼν","O"
"5283","ἠέλιοϲ","O"
"5284","δ","O"
"5285","ἀνόρουϲε","O"
"5286","γ","O"
"5287",".","O"
"5288","καὶ","O"
"5289","ἡμεῖϲ","O"
"5290","δὲ","O"
"5291","τὸ","O"
"5292","πρὸ","O"
"5293","ἡλίου","O"
"5294","ἐξ","O"
"5295","ἑωθινοῦ","O"
"5296","φαμεν","O"
"5297","καὶ","O"
"5298","ἕωθεν","O"
"5299",",","O"
"5300","ὃ","O"
"5301","ὁ","O"
"5302","ποιητὴϲ","O"
"5303","ἠῶθεν","O"
"5304","δ","O"
"5305","ἀ","O"
"5306","γορήνδε","PERSON"
"5307","α","O"
"5308","φηϲίν","O"
"5309",".","O"
"5310","ἕωϲ","O"
"5311","οὖν","O"
"5312","καὶ","O"
"5313","ἠώϲ","O"
"5314","τὸ","O"
"5315","πρὸ","O"
"5316","ἀνατολῆϲ","O"
"5317","ἡλίου","O"
"5318","·","O"
"5319","τὸ","O"
"5320","δὲ","O"
"5321","πρὸ","O"
"5322","τῆϲ","O"
"5323","ἕω","O"
"5324","λυκόφωϲ","O"
"5325","καὶ","O"
"5326","νὺξ","O"
"5327","ἀμφιλύκη","O"
"5328",".","O"
"5329","λέγει","O"
"5330","μέντοι","O"
"5331","καὶ","O"
"5332","τὸ","O"
"5333","ἀπὸ","O"
"5334","ἀνατολῆϲ","O"
"5335","ἡλίου","O"
"5336","ἄχρι","O"
"5337","μεϲημβρίαϲ","O"
"5338","διάϲτημα","O"
"5339","ἠῶ","O"
"5340","ἔϲϲεται","O"
"5341","ἢ","O"
"5342","ἠὼϲ","O"
"5343","ἢ","O"
"5344","δείλη","O"
"5345","ἢ","O"
"5346","μέϲον","O"
"5347","ἦμαρ","O"
"5348","Φ","O"
"5349","καὶ","O"
"5350","ὄφρα","O"
"5351","μὲν","O"
"5352","ἠὼϲ","O"
"5353","ἦν","O"
"5354","καὶ","O"
"5355","ἀέξετο","O"
"5356","ἱερὸν","O"
"5357","ἦμαρ","O"
"5358","Θ","O"
"5359","καὶ","O"
"5360","εὖδον","O"
"5361","παννύχιοι","O"
"5362","καὶ","O"
"5363","ἐπ","O"
"5364","ἠῶ","O"
"5365","καὶ","O"
"5366","μέϲον","O"
"5367","ἦμαρ","O"
"5368","η","O"
"5369",".","O"
"5370","λέγει","O"
"5371","ἠῶ","O"
"5372","καὶ","O"
"5373","ὅλην","O"
"5374","τὴν","O"
"5375","ἡμέραν","O"
"5376","·","O"
"5377","ἥδε","O"
"5378","δ","O"
"5379","ὴ","O"
"5380","ἠὼϲ","O"
"5381","εἶϲι","O"
"5382","δυϲώνυμοϲ","O"
"5383","τ","O"
"5384",",","O"
"5385","ἥδε","O"
"5386","δέ","O"
"5387","μοι","O"
"5388","νῦν","O"
"5389","ἠὼϲ","O"
"5390","ἑνδεκάτη","O"
"5391","Φ","O"
"5392",",","O"
"5393","περὶ","O"
"5394","οὗ","O"
"5395","φηϲιν","O"
"5396","ἕνδεκα","O"
"5397","δ","O"
"5398","ἤματα","O"
"5399","θυμὸν","O"
"5400","ἐτέρπετο","O"
"5401","οἷϲι","O"
"5402","φίλοιϲιν","O"
"5403",".","O"
"5404","Ἠὼϲ","O"
"5405","δὲ","O"
"5406","καὶ","O"
"5407","ἡ","O"
"5408","θεόϲ","O"
"5409","·","O"
"5410","ὣϲ","O"
"5411","μὲν","O"
"5412","ὅτ","O"
"5413","Ὠρίων","PERSON"
"5414","ἕλετο","O"
"5415","ῥοδοδάκτυλοϲ","O"
"5416","Ἠώϲ","O"
"5417","ε","O"
"5418",".","O"
"5419","πάλιν","O"
"5420","ἑαυτὸν","O"
"5421","ἐξηγεῖται","O"
"5422","παρακειμένωϲ","O"
"5423","δι","O"
"5424","ὧν","O"
"5425","φηϲιν","O"
"5426","Ἴρῳ","O"
"5427","δὲ","O"
"5428","κακῶϲ","O"
"5429","ὠρίνετο","O"
"5430","θυμόϲ","O"
"5431","ϲ","O"
"5432",".","O"
"5433","τί","O"
"5434","οὖν","O"
"5435","τὸ","O"
"5436","κακῶϲ","O"
"5437","ὀρίνεϲθαι","O"
"5438","τὸν","O"
"5439","θυμόν","O"
"5440",";","O"
"5441","ἐπάγει","O"
"5442","δειδιότα","O"
"5443",".","O"
"5444","τί","O"
"5445","οὖν","O"
"5446","παρακολούθημα","O"
"5447","δέουϲ","O"
"5448","ϲάρκεϲ","O"
"5449","δὲ","O"
"5450","περιτρομέοντο","O"
"5451","μέλεϲ","O"
"5452","ϲιν","O"
"5453","·","O"
"5454","ὁ","O"
"5455","δὲ","O"
"5456","δειλὸϲ","O"
"5457","κακόϲ","O"
"5458",",","O"
"5459","ἀφ","O"
"5460","οὗ","O"
"5461","τὸ","O"
"5462","κακῶϲ","O"
"5463",".","O"
"5464","πάλιν","O"
"5465","τὸ","O"
"5466","δεδιέναι","O"
"5467",",","O"
"5468","ὃ","O"
"5469","πάθοϲ","O"
"5470","ἐντὸϲ","O"
"5471","τῇ","O"
"5472","ψυχῇ","O"
"5473","γίνεται","O"
"5474",",","O"
"5475","καὶ","O"
"5476","τὸ","O"
"5477","τρέμειν","O"
"5478",",","O"
"5479","ὃ","O"
"5480","ἐντὸϲ","O"
"5481","τῷ","O"
"5482","ϲώματι","O"
"5483",",","O"
"5484","ἐπιτέμνων","O"
"5485","ἔφη","O"
"5486","·","O"
"5487","εἰ","O"
"5488","δὴ","O"
"5489","τοῦτόν","O"
"5490","γε","O"
"5491","τρομέειϲ","O"
"5492","καὶ","O"
"5493","δείδιαϲ","O"
"5494","αἰνῶϲ","O"
"5495",".","O"
"5496","ἐπιμένων","O"
"5497","δὲ","O"
"5498","τῇ","O"
"5499","ψυχρᾷ","O"
"5500","φύϲει","O"
"5501","τοῦ","O"
"5502","φόβου","O"
"5503",",","O"
"5504","κρυόεντα","O"
"5505","καλεῖ","O"
"5506","τὸν","O"
"5507","φόβον","O"
"5508","·","O"
"5509","φόβου","O"
"5510","κρυόεντοϲ","O"
"5511","ἑταίρη","O"
"5512",",","O"
"5513","καὶ","O"
"5514","ἐντὸϲ","O"
"5515","ἄλλοιϲ","O"
"5516","·","O"
"5517","ψυχρὸν","O"
"5518","δέοϲ","O"
"5519","εἷλε","O"
"5520","καὶ","O"
"5521","ῥίγηϲε","O"
"5522","δ","O"
"5523","ὁ","O"
"5524","γέρων","O"
"5525",",","O"
"5526","ἐφοβήθη","O"
"5527",".","O"
"5528","εἰ","O"
"5529","δ","O"
"5530","ὁ","O"
"5531","φόβοϲ","O"
"5532","ψύχει","O"
"5533",",","O"
"5534","δῆλον","O"
"5535","ὡϲ","O"
"5536","τὸ","O"
"5537","θάρϲοϲ","O"
"5538","θάλπει","O"
"5539","·","O"
"5540","εἰκότωϲ","O"
"5541","ἄρα","O"
"5542","θαλπωρὴν","O"
"5543","Κ","O"
"5544","λέγει","O"
"5545","τὸ","O"
"5546","θάρϲοϲ","O"
"5547",".","O"
"5548","ἐκ","O"
"5549","δὴ","O"
"5550","τούτων","O"
"5551","παρακειμέναϲ","O"
"5552","ἐχόντων","O"
"5553","τὰϲ","O"
"5554","ἐξηγήϲειϲ","O"
"5555","δεῖ","O"
"5556","παρατηρεῖϲθαι","O"
"5557","καὶ","O"
"5558","τὰ","O"
"5559","ἐντὸϲ","O"
"5560","διαφόροιϲ","O"
"5561","ἐπὶ","O"
"5562","τῆϲ","O"
"5563","αὐτῆϲ","O"
"5564","διανοίαϲ","O"
"5565","παραλαμ","O"
"5566","βανόμενα","O"
"5567","εἰϲ","O"
"5568","ἐξήγηϲιν","O"
"5569","τῶν","O"
"5570","ἀϲαφεϲτέρων","O"
"5571",".","O"
"5572","ιγ΄","O"
"5573",".","O"
"5574","ιδ΄","O"
"5575",".","O"
"5576","ιγ","O"
"5577","′.","O"
"5578","τηλυγέτω","O"
"5579","ε","O"
"5580",".","O"
"5581","Ὅτι","O"
"5582","μὲν","O"
"5583","ὁ","O"
"5584","τηλύγετοϲ","O"
"5585","δηλοῖ","O"
"5586","παρ","O"
"5587","αὐτῷ","O"
"5588","καὶ","O"
"5589","τὸν","O"
"5590","μόνον","O"
"5591","γενόμενον","O"
"5592","παρίϲτηϲι","O"
"5593","τὰ","O"
"5594","ὑφ","O"
"5595","ἑλένηϲ","O"
"5596","λεγόμενα","O"
"5597","περὶ","O"
"5598","ἑρμιόνηϲ","PERSON"
"5599","·","O"
"5600","παῖ","O"
"5601","δά","O"
"5602","τε","O"
"5603","τη","O"
"5604","λυγέτην","O"
"5605","καὶ","O"
"5606","ὁμηλικί","O"
"5607","ην","O"
"5608","ἐρατεινήν","O"
"5609","Γ","O"
"5610","ϲημαίνει","O"
"5611","δὲ","O"
"5612","καὶ","O"
"5613","τὸν","O"
"5614","τηλοῦ","O"
"5615","τῆϲ","O"
"5616","ἡλικίαϲ","O"
"5617","τῷ","O"
"5618","πατρὶ","O"
"5619","γεγονότα","O"
"5620",",","O"
"5621","ὡϲ","O"
"5622","ἐπὶ","O"
"5623","δυοῖν","O"
"5624","γηράϲκοντι","O"
"5625","τῷ","O"
"5626","πατρὶ","O"
"5627","γενομένων","O"
"5628","ἔφη","O"
"5629","ἄμφω","O"
"5630","τηλυγέτω","O"
"5631","·","O"
"5632","ὁ","O"
"5633","δ","O"
"5634","ἐτείρετο","O"
"5635","γήραϊ","O"
"5636","λυγρ","O"
"5637","ῷ","O"
"5638",",","O"
"5639","υἱὸν","O"
"5640","δ","O"
"5641","οὐ","O"
"5642","τέκετ","O"
"5643","ἄλλον","O"
"5644",".","O"
"5645","ἐπὶ","O"
"5646","τοίνυν","O"
"5647","τοῦ","O"
"5648","Ἰδομενέωϲ","O"
"5649","ὅταν","O"
"5650","λέγῃ","O"
"5651","ἀλλ","O"
"5652","οὐκ","O"
"5653","Ἰδομενῆα","O"
"5654","φόβοϲ","O"
"5655","λάβε","O"
"5656","τηλύγετον","O"
"5657","ὥϲ","O"
"5658","Ν","O"
"5659",",","O"
"5660","ἐνδέχεται","O"
"5661","μὲν","O"
"5662","ἀκοῦϲαι","O"
"5663","ἀπὸ","O"
"5664","τῶν","O"
"5665","μονογενῶν","O"
"5666","παίδων","O"
"5667","κατὰ","O"
"5668","μεταφορὰν","O"
"5669","τὸν","O"
"5670","μεμονωμένον","O"
"5671",",","O"
"5672","ἐνδέχεται","O"
"5673","δὲ","O"
"5674","καὶ","O"
"5675","ὡϲ","O"
"5676","τηλοῦ","O"
"5677","γενεᾶϲ","O"
"5678","ὄντα","O"
"5679",",","O"
"5680","ἤτοι","O"
"5681","πρεϲβύτην","O"
"5682","·","O"
"5683","ἔφη","O"
"5684","γὰρ","O"
"5685","περὶ","O"
"5686","αὐτοῦ","O"
"5687","·","O"
"5688","ἔνθα","O"
"5689",",","O"
"5690","μεϲαιπόλιόϲ","O"
"5691","περ","O"
"5692","ἐών","O"
"5693",",","O"
"5694","Δαναοῖϲι","O"
"5695","κελεύϲαϲ","O"
"5696","Ἰδομενεὺϲ","O"
"5697","Τρώ","O"
"5698","ε","O"
"5699",".","O"
"5700","ϲϲι","O"
"5701","μετά","O"
"5702","λμενοϲ","O"
"5703","ἐντὸϲ","O"
"5704","φ","O"
"5705","όβον","O"
"5706","ὧρϲε","O"
"5707",".","O"
"5708","παρέχει","O"
"5709","δὲ","O"
"5710","ὁ","O"
"5711","ποιητὴϲ","O"
"5712","τὴν","O"
"5713","ἀμφίβολον","O"
"5714","ἐκφράσαι","O"
"5715","δοχὴν","O"
"5716","αὐτὸν","O"
"5717","ποιήϲαϲ","O"
"5718","λέγοντα","O"
"5719","τὸν","O"
"5720","Ἰδομενέα","O"
"5721","ἐπιόντοϲ","O"
"5722","Αἰνείου","PERSON"
"5723","·","O"
"5724","δεῦτε","O"
"5725","φίλοι","O"
"5726","καί","O"
"5727","μ","O"
"5728","οἴ","O"
"5729","ῳ","O"
"5730","ἀμ","O"
"5731","ύνατε","O"
"5732",",","O"
"5733","δείδια","O"
"5734","δ","O"
"5735","αἰνῶϲ","O"
"5736",".","O"
"5737","ἐκ","O"
"5738","γὰρ","O"
"5739","τοῦ","O"
"5740","οἴῳ","O"
"5741","ἀμύν","O"
"5742","ατε","O"
"5743","τηλύγετον","O"
"5744","ἔϲτιν","O"
"5745","ἐκδέξαϲθαι","O"
"5746","τὸν","O"
"5747","μόνον","O"
"5748",".","O"
"5749","ὅταν","O"
"5750","δὲ","O"
"5751","ὁ","O"
"5752","αὐτὸϲ","O"
"5753","πάλιν","O"
"5754","λέγῃ","O"
"5755","καὶ","O"
"5756","δ","O"
"5757","ἔχει","O"
"5758","ἥβηϲ","O"
"5759","ἄνθοϲ","O"
"5760",",","O"
"5761","ὅ","O"
"5762","τε","O"
"5763","κράτοϲ","O"
"5764","ἐϲτὶ","O"
"5765","μἐ","O"
"5766","γιϲτον","O"
"5767","·","O"
"5768","εἰ","O"
"5769","γὰρ","O"
"5770","ὁμηλικίη","O"
"5771","γενοίμεθα","O"
"5772","τῷ","O"
"5773","δ","O"
"5774","ἐνὶ","O"
"5775","θυμ","O"
"5776","ῷ","O"
"5777",",","O"
"5778","αἰψά","O"
"5779","κεν","O"
"5780","ἠὲ","O"
"5781","φἐροιτο","O"
"5782","μέγα","O"
"5783","κράτοϲ","O"
"5784","ἠὲ","O"
"5785","φεροίμην","O"
"5786",".","O"
"5787","—","O"
"5788",",","O"
"5789","ἀμφίβολον","O"
"5790","γίνεται","O"
"5791","μὴ","O"
"5792","τὸ","O"
"5793","μὲν","O"
"5794","τηλύγετόν","O"
"5795","γε","O"
"5796","ἔοικεν","O"
"5797","ἐπὶ","O"
"5798","τοῦ","O"
"5799","μὴ","O"
"5800","ὁμήλικοϲ","O"
"5801","ἀλλὰ","O"
"5802","πρεϲβυτέρου","O"
"5803","καὶ","O"
"5804","τῆϲ","O"
"5805","τηλοτέραϲ","O"
"5806","γενεᾶϲ","O"
"5807","ὄντοϲ","O"
"5808",",","O"
"5809","ὡϲ","O"
"5810","ἔφη","O"
"5811","ποτὲ","O"
"5812","ἐπὶ","O"
"5813","τοῦ","O"
"5814","μὴ","O"
"5815","ὁμήλικοϲ","O"
"5816","οὗτοϲ","O"
"5817","δὲ","O"
"5818","προτέρηϲ","O"
"5819","γενεῆϲ","O"
"5820","προτέρ","O"
"5821","ων","O"
"5822","τ","O"
"5823","ἀνθρ","O"
"5824","ώπων","O"
"5825","Ψ","O"
"5826",".","O"
"5827","Ἀλλ","O"
"5828","Ἰδομενεὺϲ","O"
"5829","μὲν","O"
"5830","μεϲαιπόλιοϲ","O"
"5831","καὶ","O"
"5832","διὰ","O"
"5833","τοῦτο","O"
"5834","τῆϲ","O"
"5835","προτέρηϲ","O"
"5836","γενεῆϲ","O"
"5837",",","O"
"5838","έϲτωρ","O"
"5839","δὲ","O"
"5840","γέρων","O"
"5841","τρίτηϲ","O"
"5842",",","O"
"5843","ἀφ","O"
"5844","οὗ","O"
"5845","δύο","O"
"5846","μὲν","O"
"5847","γὰρ","O"
"5848","γενεαὶ","O"
"5849","ἑφθὰ","O"
"5850","ρηϲαν","O"
"5851","τῶν","O"
"5852","πρὸ","O"
"5853","αὐτοῦ","O"
"5854",",","O"
"5855","ἥ","O"
"5856","τε","O"
"5857","τῶν","O"
"5858","ὑφ","O"
"5859","ὧν","O"
"5860","γεννηθεὶϲ","O"
"5861","ἀν","O"
"5862","ἐτράφη","O"
"5863",",","O"
"5864","καὶ","O"
"5865","ἡ","O"
"5866","τῶν","O"
"5867","ἀδελφῶν","O"
"5868","—","O"
"5869","ἐλ","O"
"5870","θ","O"
"5871","ὼν","O"
"5872","γὰρ","O"
"5873","ἐκάκωϲε","O"
"5874","βίη","O"
"5875","Ἡρα","GOD"
"5876","κληείη","O"
"5877","τῶν","O"
"5878","οἶοϲ","O"
"5879","λιπόμην","O"
"5880","Λ","O"
"5881",".","O"
"5882","—","O"
"5883",",","O"
"5884","τρίτηϲ","O"
"5885","δὲ","O"
"5886","ἄρχει","O"
"5887","τῆϲ","O"
"5888","τῶν","O"
"5889","παίδων","O"
"5890","γενεᾶϲ","O"
"5891",",","O"
"5892","οἳ","O"
"5893","ϲὺν","O"
"5894","αὐτῷ","O"
"5895","ἐϲτρατεύοντο","O"
"5896",".","O"
"5897","καὶ","O"
"5898","γὰρ","O"
"5899","ὁ","O"
"5900","ληγούϲηϲ","O"
"5901","ἡμέραϲ","O"
"5902","ἐπιδημήϲαϲ","O"
"5903","καὶ","O"
"5904","τῆϲ","O"
"5905","τρίτηϲ","O"
"5906","ἐξιὼν","O"
"5907","τῇ","O"
"5908","τρίτῃ","O"
"5909","ἀποδημεῖν","O"
"5910","λέγεται","O"
"5911",",","O"
"5912","καίτοι","O"
"5913","μίαν","O"
"5914","τὴν","O"
"5915","μέϲην","O"
"5916","ὅλην","O"
"5917",".","O"
"5918","Α","O"
"5919",".","O"
"5920","δύο","O"
"5921","μὲν","O"
"5922","γενεάϲ","O"
"5923",",","O"
"5924","ἥ","O"
"5925","τε","O"
"5926","τῶν","O"
"5927","πατέπατρῴων","O"
"5928",",","O"
"5929","ρων","O"
"5930",",","O"
"5931","ὑφ","O"
"5932","ὧν","O"
"5933","γεννηθεὶϲ","O"
"5934","ἀνετράφης","O"
"5935","καὶ","O"
"5936","ἡ","O"
"5937","τῶν","O"
"5938","ἀδελφῶν","O"
"5939","ἐλθ","O"
"5940","ὼν","O"
"5941","γὰρ","O"
"5942","ἐκάκωϲε","O"
"5943","βίη","O"
"5944","Ἡρακληείη","O"
"5945","·","O"
"5946","τῶν","O"
"5947","οἶοϲ","O"
"5948","λιπόμην","O"
"5949","—","O"
"5950",",","O"
"5951","ταύτηϲ","O"
"5952","δὲ","O"
"5953","ἄρχει","O"
"5954","τῆϲ","O"
"5955","τῶν","O"
"5956","παίδων","O"
"5957","ἑαυτοῦ","O"
"5958","γενεᾶϲ","O"
"5959",",","O"
"5960","οἳ","O"
"5961","ϲὺν","O"
"5962","αὐτῷ","O"
"5963","ἐϲτρατεύϲαντο","O"
"5964",".","O"
"5965","καὶ","O"
"5966","γὰρ","O"
"5967","ὁ","O"
"5968","ληγούϲηϲ","O"
"5969","ἡμέραϲ","O"
"5970","ἀποδημήϲαϲ","O"
"5971","καὶ","O"
"5972","τῇ","O"
"5973","τρίτη","O"
"5974","ἐξ","O"
"5975","ἑωθινοῦ","O"
"5976","ἐξιὼν","O"
"5977","διὰ","O"
"5978","τρίἕωθεν","O"
"5979","τηϲ","O"
"5980","ἀποδημεῖν","O"
"5981","λέγεται","O"
"5982",",","O"
"5983","καίτοι","O"
"5984","μίαν","O"
"5985","μόνην","O"
"5986","τὴν","O"
"5987","μέϲην","O"
"5988","τελέϲαϲ","O"
"5989",".","O"
"5990","ἄλλωϲ","O"
"5991","τελέϲαϲ","O"
"5992",".","O"
"5993","εἰ","O"
"5994","δὲ","O"
"5995","γενεὰ","O"
"5996","λέγεται","O"
"5997","ἡ","O"
"5998","τοῦ","O"
"5999","τίκτειν","O"
"6000","καὶ","O"
"6001","γεννᾶν","O"
"6002","τελείωϲιϲ","O"
"6003",",","O"
"6004","ἥτιϲ","O"
"6005","τὴν","O"
"6006","τριακονταετῆ","O"
"6007","περίοδον","O"
"6008","ἔχει","O"
"6009",",","O"
"6010","ὁ","O"
"6011","τὰ","O"
"6012","ἑξήκοντα","O"
"6013","ἔτη","O"
"6014","πληρώϲαϲ","O"
"6015","δύο","O"
"6016","ἂν","O"
"6017","εἴη","O"
"6018","γενεὰϲ","O"
"6019","βιώϲαϲ","O"
"6020",",","O"
"6021","ἀπὸ","O"
"6022","δ","O"
"6023","ἑξήκοντα","O"
"6024","τῇ","O"
"6025","τρίτη","O"
"6026","ἂν","O"
"6027","καταλέγοιτο","O"
"6028",".","O"
"6029","ὥϲτε","O"
"6030","γενεαὶ","O"
"6031","ἀνθρώπων","O"
"6032","ἐφθάρηϲαν","O"
"6033",",","O"
"6034","οὐχ","O"
"6035","ὅτι","O"
"6036","καὶ","O"
"6037","ἀνθρώπουϲ","O"
"6038","φηϲὶν","O"
"6039","ἀπο","O"
"6040","ἀλλὰ","O"
"6041","δύο","O"
"6042","περιοδικὰϲ","O"
"6043","γενεὰϲ","O"
"6044","τὰϲ","O"
"6045","καλουμέναϲ","O"
"6046","ἀνθρωπίναϲ","O"
"6047",",","O"
"6048","ὡϲ","O"
"6049","εἰ","O"
"6050","ἔλεγε","O"
"6051","δύο","O"
"6052","τριακονταετίαϲ","O"
"6053",",","O"
"6054","αἳ","O"
"6055","καλοῦν","O"
"6056","ται","O"
"6057","γενεαὶ","O"
"6058","ἀνθρώπειοι","O"
"6059",".","O"
"6060","οὕτω","O"
"6061","δ","O"
"6062","ἂν","O"
"6063","ζώντων","O"
"6064","τινῶν","O"
"6065","τῶν","O"
"6066","ϲὺν","O"
"6067","αὐτῷ","O"
"6068","γεν","O"
"6069","νηθέντων","O"
"6070","ὁμοίωϲ","O"
"6071","αἱ","O"
"6072","γενεαὶ","O"
"6073","ἂν","O"
"6074","εἶεν","O"
"6075","ἐφθαρμέναι","O"
"6076",",","O"
"6077","αὐτὸϲ","O"
"6078","δ","O"
"6079","ἄρχοι","O"
"6080","τῶν","O"
"6081","ἐντὸϲ","O"
"6082","τῇ","O"
"6083","τρίτῃ","O"
"6084","γενεᾷ","O"
"6085","γενομένων","O"
"6086",",","O"
"6087","οἳ","O"
"6088","ἦγον","O"
"6089","τὴν","O"
"6090","ϲτρατεύϲιμον","O"
"6091","ἡλικίαν","O"
"6092",".","O"
"6093","ταῦτα","O"
"6094","τοίνυν","O"
"6095","καὶ","O"
"6096","τὰ","O"
"6097","τούτοιϲ","O"
"6098","ὅμοια","O"
"6099",",","O"
"6100","ὡϲ","O"
"6101","τὸ","O"
"6102","ἀμφίβολον","O"
"6103","ἔχοντα","O"
"6104",",","O"
"6105","ἐνδοιάζοντα","O"
"6106","δεῖ","O"
"6107","ἐξηγεῖϲθαι","O"
"6108",".","O"
"6109","τε","O"
"6110","ἡ","O"
"6111","γενεὰ","O"
"6112","λ","O"
"6113","′","O"
"6114","ἔτη","O"
"6115","ἔχει","O"
"6116","·","O"
"6117","δύο","O"
"6118","οὖν","O"
"6119","γενεὰϲ","O"
"6120","πληρώϲαϲ","O"
"6121","εἰϲ","O"
"6122","τρίτην","O"
"6123","κατελέγετο","O"
"6124",",","O"
"6125","ὥϲτε","O"
"6126","δύο","O"
"6127","γενεαὶ","O"
"6128","ἀνθρώἐντὸϲ","O"
"6129","πων","O"
"6130","ἐφθάρηϲαν","O"
"6131",",","O"
"6132","οὐχ","O"
"6133","ὅτι","O"
"6134","δὴ","O"
"6135","ἀνθρώδύο","O"
"6136","πουϲ","O"
"6137","φηϲὶν","O"
"6138","ἀποθανεῖν","O"
"6139",",","O"
"6140","ἀλλὰ","O"
"6141","δύο","O"
"6142","πεπεραϲμένην","O"
"6143","ριοδικὰϲ","O"
"6144","γενεάϲ","O"
"6145",",","O"
"6146","τουτέϲτι","O"
"6147","τὰϲ","O"
"6148","καλουθανεῖν","O"
"6149",",","O"
"6150","μένοϲ","O"
"6151","δύο","O"
"6152","γενεὰϲ","O"
"6153","ἀνθρωπείαϲ","O"
"6154",",","O"
"6155","ὡϲ","O"
"6156","εἰ","O"
"6157","ἔλεγε","O"
"6158","δύο","O"
"6159","τριακονταετίαϲ","O"
"6160",".","O"
"6161","οὕτω","O"
"6162","δὲ","O"
"6163","ζώντων","O"
"6164","τινῶν","O"
"6165","τῶν","O"
"6166","ϲὺν","O"
"6167","αὐτῷ","O"
"6168","ἀνθρώπων","O"
"6169",",","O"
"6170","ὁμῶϲ","O"
"6171","αἱ","O"
"6172","γενεαὶ","O"
"6173","ἂν","O"
"6174","εἶεν","O"
"6175","ἐφθαρμέναι","O"
"6176",",","O"
"6177","αὐτὸϲ","O"
"6178","δὲ","O"
"6179","ναύαρχοϲ","O"
"6180","τῶν","O"
"6181","ἐν","O"
"6182","τῇ","O"
"6183","τρίτη","O"
"6184","γενεᾷ","O"
"6185","γενομένων","O"
"6186",",","O"
"6187","οἳ","O"
"6188","ἦγον","O"
"6189","τὴν","O"
"6190","ϲτρατεύϲιμον","O"
"6191","ἡλικίαν","O"
"6192",".","O"
"6193","ιε΄","O"
"6194",".","O"
"6195","Τ","O"
"6196",".","O"
"6197","χολωϲἐμεν","O"
"6198","Α","O"
"6199",".","O"
"6200","Πρῶτοϲ","O"
"6201","δοκεῖ","O"
"6202","Πλάτων","PERSON"
"6203","Ρ","O"
"6204",".","O"
"6205","Ε","O"
"6206","λύπαϲ","O"
"6207","ἡδοναῖϲ","O"
"6208","μιγνυμέναϲ","O"
"6209","δεικνύναι","O"
"6210","ἐπ","O"
"6211","ὀργαῖϲ","O"
"6212","καὶ","O"
"6213","πένθεϲιν","O"
"6214",",","O"
"6215","Ὁμήρου","PERSON"
"6216","πρότερον","O"
"6217","τουτὶ","O"
"6218","ϲυνεωρακότοϲ","O"
"6219","κότοϲ","O"
"6220","καὶ","O"
"6221","τὸν","O"
"6222","Πλάτωνα","PERSON"
"6223","διδάξαντοϲ","O"
"6224",".","O"
"6225","ὀργὴν","O"
"6226","μὲν","O"
"6227","γὰρ","O"
"6228","οὐδέποτε","O"
"6229","Ὅμηροϲ","O"
"6230","εἴρηκε","O"
"6231",",","O"
"6232","χόλον","O"
"6233","δὲ","O"
"6234","αὐτὴν","O"
"6235","προϲαγορεύει","O"
"6236","οἰκειοτέρωϲ","O"
"6237",",","O"
"6238","ἀπὸ","O"
"6239","τῆϲ","O"
"6240","χολῆϲ","O"
"6241",",","O"
"6242","ἥτιϲ","O"
"6243","ἐντὸϲ","O"
"6244","τῷ","O"
"6245","πάθει","O"
"6246","κρατεῖ","O"
"6247",",","O"
"6248","ἄχοϲ","O"
"6249","δὲ","O"
"6250","μεμίχθαι","O"
"6251","καὶ","O"
"6252","ἡδονὴν","O"
"6253","τῷ","O"
"6254","χόλῳ","O"
"6255","φηϲίν","O"
"6256",",","O"
"6257","ἄχοϲ","O"
"6258","μὲν","O"
"6259","ὅταν","O"
"6260","λέγῃ","O"
"6261","·","O"
"6262","Πηλείωνι","PERSON"
"6263","δ","O"
"6264","ἄχοϲ","O"
"6265","γένετ′","O"
"6266",",","O"
"6267","ἐντὸϲ","O"
"6268","δέ","O"
"6269","οἱ","O"
"6270","ἦτορ","O"
"6271","ϲτήθεϲϲι","O"
"6272","λαϲίοιϲι","O"
"6273","διόν","O"
"6274","διχα","O"
"6275","μερμήριξεν","O"
"6276","Α","O"
"6277","ἄχευϲ","O"
"6278","οὖν","O"
"6279","παρουϲίαν","O"
"6280","ὁ","O"
"6281","χόλοϲ","O"
"6282","ὑφίϲταται","O"
"6283",",","O"
"6284","ὃν","O"
"6285","καὶ","O"
"6286","θυμὸν","O"
"6287","κέκληκεν","O"
"6288","·","O"
"6289","ἠὲ","O"
"6290","χόλον","O"
"6291","παύϲειεν","O"
"6292","ἐρητύϲειέ","O"
"6293","τε","O"
"6294","θυμόν","O"
"6295","Α","O"
"6296","θυμὸν","O"
"6297","γὰρ","O"
"6298","νῦν","O"
"6299","τὸν","O"
"6300","χόλον","O"
"6301","ἔφη","O"
"6302",",","O"
"6303","οὐχ","O"
"6304","ὡϲ","O"
"6305","ἀλλαχοῦ","O"
"6306","τὴν","O"
"6307","ψυχήν","O"
"6308",".","O"
"6309","ὅτι","O"
"6310","δὲ","O"
"6311","οὐ","O"
"6312","γεννᾷ","O"
"6313","μόνον","O"
"6314","ὀργὴν","O"
"6315","ἡ","O"
"6316","λύπη","O"
"6317",",","O"
"6318","ἀλλὰ","O"
"6319","καὶ","O"
"6320","ϲυμπαραμένει","O"
"6321",",","O"
"6322","δηλοῖ","O"
"6323","ἐπὶ","O"
"6324","τοῦ","O"
"6325","Ἀλχιλλέωϲ","O"
"6326","μηνίοντοϲ","O"
"6327","λέγων","O"
"6328","κούρηε","O"
"6329","χωόμενοϲ","O"
"6330","Β","O"
"6331","καὶ","O"
"6332","ἐπάγων","O"
"6333","·","O"
"6334","τῆϲ","O"
"6335","ὅγε","O"
"6336","κεῖτ","O"
"6337","ἀχέων","O"
"6338","Β","O"
"6339",".","O"
"6340","ὅτι","O"
"6341","δ","O"
"6342","ἡδονῇ","O"
"6343","ϲυμμιγὴϲ","O"
"6344","ἡ","O"
"6345","ὀργὴ","O"
"6346","καὶ","O"
"6347","ὅτι","O"
"6348","ἔφεϲίϲ","O"
"6349","ἐϲτι","O"
"6350","καὶ","O"
"6351","μέτοχοϲ","O"
"6352","ἐπιθυμίαϲ","O"
"6353",",","O"
"6354","ἐξηγεῖται","O"
"6355","λέγων","O"
"6356","·","O"
"6357","χόλοϲ","O"
"6358","ὅϲ","O"
"6359","τ","O"
"6360","ἐφέηκε","O"
"6361","πολύ","O"
"6362","φρονά","O"
"6363","περ","O"
"6364","χαλεπῆναι","O"
"6365",",","O"
"6366","ἤτοι","O"
"6367","ἐντὸϲ","O"
"6368","ἐφέϲει","O"
"6369","καὶ","O"
"6370","ἐπιθυμίᾳ","O"
"6371","τοῦ","O"
"6372","χαλεπαίνειν","O"
"6373","ἐποίηϲε","O"
"6374",".","O"
"6375","πῶϲ","O"
"6376","οὖν","O"
"6377","ἡδονῆϲ","O"
"6378","μέτοχο","O"
"6379",";","O"
"6380","ὅ","O"
"6381","τε","O"
"6382","πολ","O"
"6383","ὺ","O"
"6384","γλυκίων","O"
"6385","μέλιτοϲ","O"
"6386","καταλειβομένοιο","O"
"6387","ἀνδρῶν","O"
"6388","ἐντὸϲ","O"
"6389","ϲτή","O"
"6390","θεϲϲιν","O"
"6391","ἀέξεται","O"
"6392","ἠύτε","O"
"6393","καπνόϲ","O"
"6394",".","O"
"6395","καρδίαϲ","O"
"6396","γὰρ","O"
"6397","ἔπαρϲιν","O"
"6398","εἶναι","O"
"6399","καὶ","O"
"6400","ὁρμὴν","O"
"6401","ἐγειρομένην","O"
"6402","τὴν","O"
"6403","ὀργήν","O"
"6404",",","O"
"6405","ὅπερ","O"
"6406","αὐτὸϲ","O"
"6407","ἐντὸϲ","O"
"6408","ἄλλοιϲ","O"
"6409","ἔφη","O"
"6410","·","O"
"6411","ἀ","O"
"6412","λλά","O"
"6413","μοι","O"
"6414","οἰδάνεται","O"
"6415","κραδίη","O"
"6416","χόλ","O"
"6417","ῳ","O"
"6418","Ι","O"
"6419",",","O"
"6420","καὶ","O"
"6421","ἐπὶ","O"
"6422","τοῦ","O"
"6423","Μελεάγρου","PERSON"
"6424","·","O"
"6425","ἀλλ","O"
"6426","ὅτε","O"
"6427","δὴ","O"
"6428","Με","O"
"6429","λέαγρον","O"
"6430","ἔδυ","O"
"6431","χόλοϲ","O"
"6432",",","O"
"6433","ὅϲ","O"
"6434","τε","O"
"6435","καὶ","O"
"6436","ἄλλων","O"
"6437","οἰδάνει","O"
"6438","ἐντὸϲ","O"
"6439","ϲτήθεϲϲι","O"
"6440","νόον","O"
"6441","Ι","O"
"6442",".","O"
"6443","οὐ","O"
"6444","μόνον","O"
"6445","δὲ","O"
"6446","αὐτὴν","O"
"6447","ἔπαρϲιν","O"
"6448","καὶ","O"
"6449","ἔφεϲιν","O"
"6450","ἀποδεδώκαϲιν","O"
"6451","ἀλλὰ","O"
"6452","καὶ","O"
"6453","ζέϲιν","O"
"6454",".","O"
"6455","διὸ","O"
"6456","καπνῷ","O"
"6457","τε","O"
"6458","ἀπεικάζει","O"
"6459","τὴν","O"
"6460","ἔπαρϲιν","O"
"6461","καὶ","O"
"6462","τοῦ","O"
"6463","ὀργιϲθέντοϲ","O"
"6464","πυρὶ","O"
"6465","τοὺϲ","O"
"6466","ὀφθαλμοὺϲ","O"
"6467","ἐοικέναι","O"
"6468","φηϲίν","O"
"6469","Α","O"
"6470",".","O"
"6471","καὶ","O"
"6472","μὴν","O"
"6473","ἡ","O"
"6474","λύπη","O"
"6475","μελαίνει","O"
"6476","τοὺϲ","O"
"6477","ὀφθαλμούϲ","O"
"6478",",","O"
"6479","μελαίνει","O"
"6480","δὲ","O"
"6481","καὶ","O"
"6482","ὁ","O"
"6483","καπνόϲ","O"
"6484","·","O"
"6485","ῥωγαλέα","O"
"6486","ῥυπόωντα","O"
"6487","κακῷ","O"
"6488","μεμορυγμένα","O"
"6489","καπνῷ","O"
"6490","ν","O"
"6491",".","O"
"6492","τὸ","O"
"6493","οὖν","O"
"6494","ἄχοϲ","O"
"6495","τῆϲ","O"
"6496","ὀργῆϲ","O"
"6497","αἴτιον","O"
"6498","ὄν","O"
"6499",",","O"
"6500","καπνίζον","O"
"6501","τὴν","O"
"6502","ὀργήν","O"
"6503",",","O"
"6504","μελαίνει","O"
"6505","τὰϲ","O"
"6506","φρέναϲ","O"
"6507","·","O"
"6508","μένεοϲ","O"
"6509","δὲ","O"
"6510","μέγα","O"
"6511","φρένεϲ","O"
"6512","ἀμφιμέλαιναι","O"
"6513","πίμπ","O"
"6514","λαντο","O"
"6515","Α","O"
"6516",".","O"
"6517","τ","O"
"6518","δ","O"
"6519","ἄχοϲ","O"
"6520","καὶ","O"
"6521","τὸ","O"
"6522","ἄχνυϲθαι","O"
"6523","ὅτι","O"
"6524","μελαίνει","O"
"6525",",","O"
"6526","φηϲὶν","O"
"6527","ἀχθομένην","O"
"6528","ὀδύνῃϲι","O"
"6529",",","O"
"6530","μελαίνετο","O"
"6531","δὲ","O"
"6532","χρόα","O"
"6533","καλόν","O"
"6534","ε","O"
"6535",".","O"
"6536","τὸ","O"
"6537","δ","O"
"6538","ἄχθεϲθαι","O"
"6539","τοῦ","O"
"6540","ἄχνυϲθαι","O"
"6541","πλεοναϲμῷ","O"
"6542","δηκτικῆϲ","O"
"6543","ἀγανακτήϲεωϲ","O"
"6544","διαφέρει","O"
"6545",",","O"
"6546","λύπη","O"
"6547","δ","O"
"6548","ἑκάτερον","O"
"6549",".","O"
"6550","ἐπιμένων","O"
"6551","δὲ","O"
"6552","τῇ","O"
"6553","ἐξάψει","O"
"6554","τῇ","O"
"6555","ἐπὶ","O"
"6556","τῶν","O"
"6557","ὀργιζομένων","O"
"6558","ἔφη","O"
"6559","·","O"
"6560","κεῖν","O"
"6561","οϲ","O"
"6562","δ","O"
"6563","οὐκ","O"
"6564","ἐθέλει","O"
"6565","ϲβ","O"
"6566","έϲϲαι","O"
"6567","χόλον","O"
"6568","Ι","O"
"6569",".","O"
"6570","κατηγορεῖ","O"
"6571","δὲ","O"
"6572","τοῦ","O"
"6573","πάθουϲ","O"
"6574","καὶ","O"
"6575","ἀγριότητα","O"
"6576","·","O"
"6577","αὐτὰρ","O"
"6578","Ἀχιλλεὺϲ","O"
"6579","ἄγριον","O"
"6580","ἐντὸϲ","O"
"6581","ϲτή","O"
"6582","θεϲϲι","O"
"6583","θέτο","O"
"6584","μεγαλήτορα","O"
"6585","θυμόν","O"
"6586","Ι","O"
"6587",",","O"
"6588","καὶ","O"
"6589","πάλιν","O"
"6590","·","O"
"6591","χόλοϲ","O"
"6592","δέ","O"
"6593","μιν","O"
"6594","ἄγριοϲ","O"
"6595","ᾕρει","O"
"6596","Δ","O"
"6597",",","O"
"6598","πρὸϲ","O"
"6599","ὃν","O"
"6600","καὶ","O"
"6601","ὁ","O"
"6602","παραινῶν","O"
"6603","ἔφη","O"
"6604","ὡϲ","O"
"6605","ἐπὶ","O"
"6606","ἀγρίου","O"
"6607","θηρίου","O"
"6608","·","O"
"6609","ἀλλ","O"
"6610","Ἀχιλεῦ","O"
"6611",",","O"
"6612","δάμαϲον","O"
"6613","θυμὸν","O"
"6614","μέγαν","O"
"6615","Ι","O"
"6616",".","O"
"6617","καὶ","O"
"6618","πάλιν","O"
"6619","ἐνδεικττύμενοϲ","O"
"6620","τὴν","O"
"6621","θηριωδίαν","O"
"6622","φηϲίν","O"
"6623","·","O"
"6624","εἰ","O"
"6625","δὲ","O"
"6626","ϲύ","O"
"6627","γ","O"
"6628","εἰϲελθοῦϲα","O"
"6629","πύλαϲ","O"
"6630","καὶ","O"
"6631","τείχεα","O"
"6632","μακρὰ","O"
"6633","ὠμὸν","O"
"6634","βεβρ","O"
"6635","ώθ","O"
"6636","οιϲ","O"
"6637","Πρίαμον","PERSON"
"6638","Πριάμοιό","PERSON"
"6639","τε","O"
"6640","παῖδαϲ","O"
"6641","ἄλλουϲ","O"
"6642","τε","O"
"6643","Τρῶαϲ","O"
"6644",",","O"
"6645","τότε","O"
"6646","κεν","O"
"6647","χόλον","O"
"6648","ἐξακέϲαιο","O"
"6649","Δ","O"
"6650",".","O"
"6651","καὶ","O"
"6652","ὅτι","O"
"6653","τῶν","O"
"6654","ἐντὸϲ","O"
"6655","κινήϲει","O"
"6656","ἀλλ","O"
"6657","οὐκ","O"
"6658","ἐντὸϲ","O"
"6659","ϲχέϲει","O"
"6660","ἐϲτὶν","O"
"6661","ὁ","O"
"6662","χόλοϲ","O"
"6663",",","O"
"6664","καθάπερ","O"
"6665","καὶ","O"
"6666","τὴν","O"
"6667","ὀργὴν","O"
"6668","τῶν","O"
"6669","ἐντὸϲ","O"
"6670","κινήϲει","O"
"6671","φαϲὶν","O"
"6672","εἶναι","O"
"6673","οἱ","O"
"6674","φιλόϲοφοι","O"
"6675",",","O"
"6676","δηλοῖ","O"
"6677","τὰ","O"
"6678","τοιαῦτα","O"
"6679","·","O"
"6680","Ἀτρείωνα","PERSON"
"6681","δ","O"
"6682","ἔπειτα","O"
"6683","χόλοϲ","O"
"6684","λάβεν","O"
"6685",",","O"
"6686","αἰ","O"
"6687","ψα","O"
"6688","δ","O"
"6689","ἀν","O"
"6690","αϲτὰϲ","O"
"6691","ἠ","O"
"6692","πείληϲε","O"
"6693","μῦθον","O"
"6694","Α","O"
"6695",".","O"
"6696","καὶ","O"
"6697","πάλιν","O"
"6698","·","O"
"6699","Πηλείδηϲ","PERSON"
"6700","δ","O"
"6701","ἐξαῦτιϲ","O"
"6702","ἀταρτηροῖϲ","O"
"6703","ἐπέεϲϲιν","O"
"6704","Ἀτρείδην","PERSON"
"6705","προϲέειπε","O"
"6706","καὶ","O"
"6707","ο","O"
"6708","ὔπω","O"
"6709","λῆγε","O"
"6710","χόλοι","O"
"6711","ο","O"
"6712","Α","O"
"6713",".","O"
"6714",",","O"
"6715","ὡϲ","O"
"6716","ἂν","O"
"6717","δυναμένου","O"
"6718","καὶ","O"
"6719","παύϲαϲθαι","O"
"6720",".","O"
"6721","ὅταν","O"
"6722","δ","O"
"6723","ἐντὸϲ","O"
"6724","ϲχέϲει","O"
"6725","γένηται","O"
"6726","καὶ","O"
"6727","ἡϲυχάζῃ","O"
"6728",",","O"
"6729","κότον","O"
"6730","καλεῖ","O"
"6731",".","O"
"6732","διὸ","O"
"6733","φηϲιν","O"
"6734",".","O"
"6735","εἴπερ","O"
"6736","γάρ","O"
"6737","τε","O"
"6738","χόλον","O"
"6739","γε","O"
"6740","καὶ","O"
"6741","αὐτῆμαρ","O"
"6742","καταπέ","O"
"6743","ψ","O"
"6744","ῃ","O"
"6745",",","O"
"6746","ἀλλά","O"
"6747","τε","O"
"6748","καὶ","O"
"6749","μετόπιϲθεν","O"
"6750","ἔχει","O"
"6751","κότον","O"
"6752",",","O"
"6753","ὄφρα","O"
"6754","τελέϲϲῃ","O"
"6755","Α","O"
"6756",".","O"
"6757","ὡϲ","O"
"6758","ἐγχωροῦν","O"
"6759","ἐᾶϲαι","O"
"6760","μὲν","O"
"6761","τὸν","O"
"6762","χόλον","O"
"6763",",","O"
"6764","περιποιεῖν","O"
"6765","δὲ","O"
"6766","τὸν","O"
"6767","κότον","O"
"6768",",","O"
"6769","μηνίειν","O"
"6770","δὲ","O"
"6771","εἰκότωϲ","O"
"6772",",","O"
"6773","ἀφ","O"
"6774","οὗ","O"
"6775","κινηθέντοϲ","O"
"6776","πάλιν","O"
"6777","χόλοϲ","O"
"6778",".","O"
"6779","ταὐτὸν","O"
"6780","δὲ","O"
"6781","καὶ","O"
"6782","ὁ","O"
"6783","θυμόϲ","O"
"6784",",","O"
"6785","ὅταν","O"
"6786","μὴ","O"
"6787","τὴν","O"
"6788","ψυχὴν","O"
"6789","ϲημαίνῃ","O"
"6790",",","O"
"6791","δηλοῖ","O"
"6792","τῷ","O"
"6793","χόλῳ","O"
"6794","·","O"
"6795","ἀλλ","O"
"6796","ὁ","O"
"6797","μὲν","O"
"6798","θυμὸϲ","O"
"6799","ἀπὸ","O"
"6800","τοῦ","O"
"6801","θύειν","O"
"6802",",","O"
"6803","ὁ","O"
"6804","δὲ","O"
"6805","χόλοϲ","O"
"6806","ἀπὸ","O"
"6807","τοῦ","O"
"6808","χολᾶν","O"
"6809","προϲηγόρευται","O"
"6810",".","O"
"6811","εἰπὼν","O"
"6812","γοῦν","O"
"6813","·","O"
"6814","μήτι","O"
"6815","χολωϲάμενοϲ","O"
"6816","ῥέξ","O"
"6817","ῃ","O"
"6818","κακὸν","O"
"6819","υἷαϲ","O"
"6820","Ἀχ","O"
"6821","αιῶν","O"
"6822","ἐπάγει","O"
"6823",".","O"
"6824","θυμὸϲ","O"
"6825","δὲ","O"
"6826","μέγαϲ","O"
"6827","ἐϲτὶ","O"
"6828","διοτρεφέων","O"
"6829","βαϲιλήων","O"
"6830","Β","O"
"6831",".","O"
"6832",",","O"
"6833","καὶ","O"
"6834","πάλιν","O"
"6835","·","O"
"6836","ἠὲ","O"
"6837","χόλον","O"
"6838","παύϲειεν","O"
"6839","ἐρητύϲειέ","O"
"6840","τε","O"
"6841","θυμόν","O"
"6842","Α","O"
"6843",",","O"
"6844","καὶ","O"
"6845","πάλιν","O"
"6846","·","O"
"6847","καὶ","O"
"6848","μάλα","O"
"6849","περ","O"
"6850","θυμ","O"
"6851","ῷ","O"
"6852","κεχο","O"
"6853","λωμένον","O"
"6854","Α","O"
"6855",",","O"
"6856","εἰ","O"
"6857","μή","O"
"6858","τιϲ","O"
"6859","ἐνταῦθα","O"
"6860","θυμὸν","O"
"6861","τὴν","O"
"6862","ψυχὴν","O"
"6863","ἀκούοι","O"
"6864","ὡϲ","O"
"6865","τὸ","O"
"6866","ἄγριον","O"
"6867","ἐντὸϲ","O"
"6868","ϲτήθ","O"
"6869","εϲϲι","O"
"6870","θέτο","O"
"6871","μεγαλήτορα","O"
"6872","θυμόν","O"
"6873","Ι","O"
"6874",".","O"
"6875","τὸ","O"
"6876","δ","O"
"6877","ἄληκτόν","O"
"6878","τε","O"
"6879","κακόν","O"
"6880","τε","O"
"6881","θυμὸν","O"
"6882","ἐνὶ","O"
"6883","ϲτή","O"
"6884","θεϲϲι","O"
"6885","θεοὶ","O"
"6886","θέϲαν","O"
"6887","ὐρανίωνεϲ","O"
"6888","ὕνεκα","O"
"6889","κούρηϲ","O"
"6890","Ι","O"
"6891",".","O"
"6892","ἐπὶ","O"
"6893","τοῦ","O"
"6894","χόλου","O"
"6895","λέγεται","O"
"6896","καὶ","O"
"6897","ἀντὶ","O"
"6898","τῆϲ","O"
"6899","ὀργῆϲ","O"
"6900","παραλαμβάνει","O"
"6901",".","O"
"6902","ὅτι","O"
"6903","δὲ","O"
"6904","παρὰ","O"
"6905","τὸ","O"
"6906","θύειν","O"
"6907","καὶ","O"
"6908","ἐγείρεϲθαι","O"
"6909","καὶ","O"
"6910","ἡ","O"
"6911","ψυχὴ","O"
"6912","καὶ","O"
"6913","ἡ","O"
"6914","ὀργὴ","O"
"6915","θυμόϲ","O"
"6916",",","O"
"6917","δηλοῖ","O"
"6918","λέγων","O"
"6919","·","O"
"6920","Τ","O"
"6921","ρωϲὶ","O"
"6922","θυμὸν","O"
"6923","ἐγεῖραι","O"
"6924","Θ","O"
"6925",".","O"
"6926","θυμὸϲ","O"
"6927","δὲ","O"
"6928","καὶ","O"
"6929","χόλοϲ","O"
"6930","προϲλαβ","O"
"6931","ὼν","O"
"6932","τὴν","O"
"6933","ἐπὶ","O"
"6934","τὸ","O"
"6935","δρᾶϲαι","O"
"6936","κακὸν","O"
"6937","ἀγανάκτηϲιν","O"
"6938","χ","O"
"6939","ώεϲθαι","O"
"6940","λέγεται","O"
"6941",",","O"
"6942","καὶ","O"
"6943","ὁ","O"
"6944","ἐντὸϲ","O"
"6945","τῷ","O"
"6946","τοιούτῳ","O"
"6947","πάθει","O"
"6948","χ","O"
"6949","ωόμενοϲ","O"
"6950","κῆρ","O"
"6951","Α","O"
"6952","·","O"
"6953","αὐτίκα","O"
"6954","γοῦν","O"
"6955","τὸν","O"
"6956","λοιμὸν","O"
"6957","ἐπάγει","O"
"6958",",","O"
"6959","καὶ","O"
"6960","δράϲαντοϲ","O"
"6961","ἐρωτῶϲιν","O"
"6962","·","O"
"6963","ὅϲ","O"
"6964","κεἴπ","O"
"6965","ῃ","O"
"6966","ὅ","O"
"6967","τι","O"
"6968","τόϲϲον","O"
"6969","ἐχ","O"
"6970","ώϲατο","O"
"6971","Φοῖβ","O"
"6972","οϲ","O"
"6973","Ἀπ","O"
"6974","όλλων","O"
"6975","Α","O"
"6976","διὸ","O"
"6977","καὶ","O"
"6978","ἐπὶ","O"
"6979","τοῦ","O"
"6980","δρᾶϲαί","O"
"6981","τι","O"
"6982","πονηρὸν","O"
"6983","δυναμένου","O"
"6984","δι","O"
"6985","ὀργὴν","O"
"6986","βαϲιλέωϲ","O"
"6987","εἴρηται","O"
"6988","·","O"
"6989","κρείϲϲων","O"
"6990","γὰ","O"
"6991","ρ","O"
"6992","βαϲιλεύϲ","O"
"6993",",","O"
"6994","ὅτε","O"
"6995","χ","O"
"6996","ώ","O"
"6997","ϲεται","O"
"6998","ἀνδρὶ","O"
"6999","χέρηι","O"
"7000","Α","O"
"7001",".","O"
"7002","οὕτωϲ","O"
"7003","εἴρηκε","O"
"7004","καὶ","O"
"7005","τὸ","O"
"7006","ϲ","O"
"7007","δ","O"
"7008","ἔν","O"
"7009","δοθι","O"
"7010","θυμὸν","O"
"7011","ἀμύξειϲ","O"
"7012","χ","O"
"7013","ωόμενοϲ","O"
"7014","Α","O"
"7015",",","O"
"7016","δηλῶν","O"
"7017","τὸ","O"
"7018","δραϲτικὸν","O"
"7019","δι","O"
"7020","ἀγανάκτηϲιν","O"
"7021","περιέχειν","O"
"7022","τὸ","O"
"7023","χώεϲθαι","O"
"7024",".","O"
"7025","καὶ","O"
"7026","τοίνυν","O"
"7027","τὸ","O"
"7028","χ","O"
"7029","ωόμεν","O"
"7030","οϲ","O"
"7031","δ","O"
"7032","ὁ","O"
"7033","γέρων","O"
"7034","πάλιν","O"
"7035","ᾤχετο","O"
"7036","Α","O"
"7037","ἀκουϲόμεθα","O"
"7038","οὐχ","O"
"7039","ἁπλῶϲ","O"
"7040","ὀργιζόμενοϲ","O"
"7041",",","O"
"7042","ἀλλὰ","O"
"7043","μετ","O"
"7044","ἀγανακτήϲεωϲ","O"
"7045","ἀμυντικῆϲ","O"
"7046",",","O"
"7047","διὸ","O"
"7048","καταρᾶται","O"
"7049",",","O"
"7050","καὶ","O"
"7051","οὕτωϲ","O"
"7052","ἀμυνόμενοϲ","O"
"7053",".","O"
"7054","καὶ","O"
"7055","χ","O"
"7056","ωόμενοϲ","O"
"7057","δὲ","O"
"7058","κα","O"
"7059","τὰ","O"
"7060","θυμὸν","O"
"7061","ἐυζώνοιο","O"
"7062","γυναικὸϲ","O"
"7063","Α","O"
"7064","Ἀχιλλεὺϲ","O"
"7065","τῇ","O"
"7066","ὀργῇ","O"
"7067","δηλοῦϲθαι","O"
"7068","ποιεῖ","O"
"7069","τὴν","O"
"7070","τιμωρητικὴν","O"
"7071","δι","O"
"7072","ἀγανάκτηϲιν","O"
"7073","ἄμυναν","O"
"7074","·","O"
"7075","ἐπεξέρχεται","O"
"7076","οὖν","O"
"7077","διὰ","O"
"7078","τῆϲ","O"
"7079","μητρὸϲ","O"
"7080","τοῖϲ","O"
"7081","ἕλληϲι","O"
"7082","καὶ","O"
"7083","οὐχ","O"
"7084","ἁπλῶϲ","O"
"7085","ὀργίζεται","O"
"7086",".","O"
"7087","ὥϲπερ","O"
"7088","γὰρ","O"
"7089","τὸ","O"
"7090","ἄχθεται","O"
"7091","πρὸϲ","O"
"7092","τὸ","O"
"7093","ἄχνυται","O"
"7094","ἔχει","O"
"7095","περιττεύουϲαν","O"
"7096","ἀγανάκτηϲιν","O"
"7097",",","O"
"7098","οὕτω","O"
"7099","τὸ","O"
"7100","χ","O"
"7101","ώεϲθαι","O"
"7102","πρὸϲ","O"
"7103","τὸ","O"
"7104","χολοῦϲθαι","O"
"7105","·","O"
"7106","μή","O"
"7107","οἱ","O"
"7108","γοῦνα","O"
"7109","λαβ","O"
"7110","όν","O"
"7111","τι","O"
"7112","χολ","O"
"7113","ώϲαιτο","O"
"7114","φρένα","O"
"7115","κο","O"
"7116","ύρη","O"
"7117","ζ","O"
"7118",",","O"
"7119","ἀντὶ","O"
"7120","τοῦ","O"
"7121","ὀργιϲθείη","O"
"7122",",","O"
"7123","γαῖα","O"
"7124","δ","O"
"7125","ὑπεϲτονάχιζε","O"
"7126","Διὶ","GOD"
"7127","ὡϲ","O"
"7128","τερπικεραύν","O"
"7129","ῳ","O"
"7130","χ","O"
"7131","ωομέν","O"
"7132","ῳ","O"
"7133",",","O"
"7134","καὶ","O"
"7135","ἐπάγει","O"
"7136","τὰ","O"
"7137","ἐκ","O"
"7138","τοῦ","O"
"7139","χώεϲθαι","O"
"7140","ὅτε","O"
"7141","τ","O"
"7142","ἀμφὶ","O"
"7143","Τυφωέι","O"
"7144","γαῖαν","O"
"7145","ἱμάϲϲ","O"
"7146","ῃ","O"
"7147",".","O"
"7148","ἐντὸϲ","O"
"7149","κινήϲει","O"
"7150","μὲν","O"
"7151","οὖν","O"
"7152","χόλοϲ","O"
"7153","καὶ","O"
"7154","θυμόϲ","O"
"7155",".","O"
"7156","καὶ","O"
"7157","ταὐτὸν","O"
"7158","δὲ","O"
"7159","τῷ","O"
"7160","χώεϲθαι","O"
"7161","τὸ","O"
"7162","ϲκύζεϲθαι","O"
"7163",".","O"
"7164","εἰπὼν","O"
"7165","γοῦν","O"
"7166","ϲέθεν","O"
"7167","δ","O"
"7168","ἐγ","O"
"7169","ὼ","O"
"7170","οὐκ","O"
"7171","ἀλεγίζω","O"
"7172","χ","O"
"7173","ωομέ","O"
"7174","νηϲ","O"
"7175","Θ","O"
"7176","ἐπάγει","O"
"7177","·","O"
"7178","ο","O"
"7179","ὔ","O"
"7180","ϲευ","O"
"7181","ἔγωγε","O"
"7182","ϲκυζομένηϲ","O"
"7183","ἀ","O"
"7184","λέγω","O"
"7185","Θ","O"
"7186",",","O"
"7187","ἐπὶ","O"
"7188","δὲ","O"
"7189","τοῦ","O"
"7190","Ἀχιλλέωϲ","PERSON"
"7191","χωόμενοϲ","O"
"7192","κα","O"
"7193","τὰ","O"
"7194","θυμόν","O"
"7195","Α","O"
"7196","εἰπὼν","O"
"7197","ποιεῖ","O"
"7198","λέγοντα","O"
"7199","·","O"
"7200","ο","O"
"7201","μοι","O"
"7202","ϲκυζομέν","O"
"7203","ῳ","O"
"7204","περ","O"
"7205","Ἀχαιῶν","NORP"
"7206","ῶν","O"
"7207","φίλτατοί","O"
"7208","ἐϲτον","O"
"7209",".","O"
"7210","ἐντὸϲ","O"
"7211","δὲ","O"
"7212","ϲχέϲει","O"
"7213","μῆνιϲ","O"
"7214",",","O"
"7215","μένοϲ","O"
"7216","καὶ","O"
"7217","κότοϲ","O"
"7218","·","O"
"7219","καὶ","O"
"7220","μῆνιϲ","O"
"7221","μὲν","O"
"7222","καὶ","O"
"7223","μένοϲ","O"
"7224","ὀργὴ","O"
"7225","ἐναπόθετοϲ","O"
"7226","καὶ","O"
"7227","ἔμμονοϲ","O"
"7228","·","O"
"7229","πάλιν","O"
"7230","δὲ","O"
"7231","μῆνιϲ","O"
"7232",",","O"
"7233","προϲειληφυῖα","O"
"7234","τὸ","O"
"7235","ἐπιπολλῆϲ","O"
"7236","τηρητικὸν","O"
"7237","μετ","O"
"7238","ἀγανακτήϲεωϲ","O"
"7239","καὶ","O"
"7240","κακοποιίαϲ","O"
"7241",",","O"
"7242","κότοϲ","O"
"7243","γίνεται","O"
"7244",",","O"
"7245","ὡϲ","O"
"7246","τὴν","O"
"7247","μὲν","O"
"7248","μῆνιν","O"
"7249","ἐκ","O"
"7250","τοῦ","O"
"7251","χόλου","O"
"7252","ἐναποκεῖϲθαι","O"
"7253",",","O"
"7254","τὸν","O"
"7255","δὲ","O"
"7256","κότον","O"
"7257","ἐκ","O"
"7258","τοῦ","O"
"7259","χώεϲθαι","O"
"7260",".","O"
"7261","ὅτι","O"
"7262","δὲ","O"
"7263","παρὰ","O"
"7264","τὸ","O"
"7265","μένειν","O"
"7266","ἡ","O"
"7267","μῆνιϲ","O"
"7268","·","O"
"7269","αὐτὰρ","O"
"7270","ὁ","O"
"7271","μήνιε","O"
"7272","νηυϲὶ","O"
"7273","παρήμενοϲ","O"
"7274","ὠκυπόροιϲι","O"
"7275","Α","O"
"7276","καὶ","O"
"7277","ἀλλὰ","O"
"7278","ϲ","O"
"7279","ὺ","O"
"7280","μὲν","O"
"7281","νῦν","O"
"7282","νηυϲὶ","O"
"7283","πα","O"
"7284","ρήμενοϲ","O"
"7285","ὠκυπόροιϲι","O"
"7286","μήνι","O"
"7287","Ἀχαιοῖϲι","O"
"7288","Α","O"
"7289",".","O"
"7290",",","O"
"7291","καὶ","O"
"7292","ὅτι","O"
"7293","διὰ","O"
"7294","τὸ","O"
"7295","μένειν","O"
"7296","καὶ","O"
"7297","κεῖϲθαι","O"
"7298","ἡϲυχάζοντα","O"
"7299","καὶ","O"
"7300","ϲιγῶντα","O"
"7301",",","O"
"7302","φηϲὶ","O"
"7303","κεῖτ","O"
"7304","ἀπομηνίϲαϲ","O"
"7305","Β","O"
"7306",",","O"
"7307","παρὰ","O"
"7308","τὸ","O"
"7309","κεῖϲθαι","O"
"7310","τὸν","O"
"7311","μηνίοντα","O"
"7312","·","O"
"7313","καὶ","O"
"7314","ὁ","O"
"7315","πᾶϲ","O"
"7316","χρὸ","O"
"7317","νοϲ","O"
"7318","μηνιθμόϲ","O"
"7319","·","O"
"7320","πάν","O"
"7321","θ","O"
"7322","ὑπὸ","O"
"7323","μηνιθμόν","O"
"7324","Π","O"
"7325",".","O"
"7326","ὅτι","O"
"7327","δὲ","O"
"7328","μένοϲ","O"
"7329","καὶ","O"
"7330","μῆνιϲ","O"
"7331","ταὐτόν","O"
"7332","Ἀτρείδη","O"
"7333",",","O"
"7334","ϲὺ","O"
"7335","δὲ","O"
"7336","παῦε","O"
"7337","τεὸν","O"
"7338","μένοϲ","O"
"7339","Α","O"
"7340",".","O"
"7341","τίϲ","O"
"7342","οὖν","O"
"7343","μῆνιϲ","O"
"7344",";","O"
"7345","χόλοϲ","O"
"7346",",","O"
"7347","φηϲὶ","O"
"7348",",","O"
"7349","μὴ","O"
"7350","ἀφεθείϲ","O"
"7351","·","O"
"7352","ἐπάγει","O"
"7353","γοῦν","O"
"7354","·","O"
"7355","αὐτὰρ","O"
"7356","ἔγωγε","O"
"7357","λίϲϲομ","O"
"7358","Ἀχιλλῆι","PERSON"
"7359","μεθέμεν","O"
"7360","χόλον","O"
"7361","Α","O"
"7362",".","O"
"7363","καὶ","O"
"7364","πάλιν","O"
"7365","ἀντὶ","O"
"7366","τοῦ","O"
"7367","φάναι","O"
"7368","μὴ","O"
"7369","μήνιε","O"
"7370","ἔφη","O"
"7371","·","O"
"7372","ἔα","O"
"7373","δὲ","O"
"7374","χόλον","O"
"7375","θυμαλγέα","O"
"7376",",","O"
"7377","καὶ","O"
"7378","παυϲαμένῳ","O"
"7379","μήνιδόϲ","O"
"7380","φηϲι","O"
"7381","μεταλλήξαντι","O"
"7382","χόλοιο","O"
"7383",".","O"
"7384","καὶ","O"
"7385","ὁ","O"
"7386","μεθεὶϲ","O"
"7387","τὸν","O"
"7388","χόλον","O"
"7389","καὶ","O"
"7390","ἀμήνιτοϲ","O"
"7391","μεθήμων","O"
"7392","ἀλλὰ","O"
"7393","μά","O"
"7394","λ","O"
"7395","οὐκ","O"
"7396","Ἀλχιλῆι","O"
"7397","χόλοϲ","O"
"7398","φρεϲίν","O"
"7399",",","O"
"7400","ἀλλὰ","O"
"7401","με","O"
"7402","θήμων","O"
"7403","καὶ","O"
"7404","ὁ","O"
"7405","ἄγαν","O"
"7406","τηρῶν","O"
"7407","καὶ","O"
"7408","ἀναφαιρέτωϲ","O"
"7409","τὸν","O"
"7410","χόλον","O"
"7411","αἰὲ","O"
"7412","ν","O"
"7413","ἐπιζαφελ","O"
"7414","ῶϲ","O"
"7415","χαλεπαίνει","O"
"7416","ζαφελὲϲ","O"
"7417","γὰρ","O"
"7418","τὸ","O"
"7419","ἀναφαίρετον","O"
"7420",",","O"
"7421","καὶ","O"
"7422","ζαφελὴϲ","O"
"7423","οὖν","O"
"7424","χόλοϲ","O"
"7425","ἡ","O"
"7426","μῆνιϲ","O"
"7427",",","O"
"7428","ὅτε","O"
"7429","κέν","O"
"7430","τιν","O"
"7431","ἐπιζαφελὴϲ","O"
"7432","χόλοϲ","O"
"7433","ἵκοι","O"
"7434","·","O"
"7435","περὶ","O"
"7436","γὰρ","O"
"7437","τῶν","O"
"7438","μηνιόντων","O"
"7439","ὁ","O"
"7440","λόγοϲ","O"
"7441",".","O"
"7442","καὶ","O"
"7443","τὸ","O"
"7444","μένοϲ","O"
"7445","δὲ","O"
"7446","παρὰ","O"
"7447","τὸ","O"
"7448","μένειν","O"
"7449",",","O"
"7450","μένειν","O"
"7451","δὲ","O"
"7452","ἀκίνητον","O"
"7453","καὶ","O"
"7454","ἄτρομον","O"
"7455","καὶ","O"
"7456","μὴ","O"
"7457","φεύγειν","O"
"7458","·","O"
"7459","ἐντὸϲ","O"
"7460","γάρ","O"
"7461","τοι","O"
"7462","ϲτή","O"
"7463","θεϲϲι","O"
"7464","μένοϲ","O"
"7465","πατρ","O"
"7466","ώιον","O"
"7467","ἧκα","O"
"7468","ἄτρομον","O"
"7469","ε","O"
"7470",".","O"
"7471","ὅτι","O"
"7472","γὰρ","O"
"7473","παρὰ","O"
"7474","τὸ","O"
"7475","μένειν","O"
"7476","·","O"
"7477","ἔτι","O"
"7478","μοι","O"
"7479","μένοϲ","O"
"7480","ἔμπεδόν","O"
"7481","ἐϲτι","O"
"7482","ε","O"
"7483",".","O"
"7484","καὶ","O"
"7485","μένοϲ","O"
"7486","οὖν","O"
"7487","χειρῶν","O"
"7488","τὸ","O"
"7489","ἔμμονον","O"
"7490","ἔργον","O"
"7491","πρὸϲ","O"
"7492","τὸ","O"
"7493","δράξαϲθαι","O"
"7494","·","O"
"7495","οἱ","O"
"7496","δὲ","O"
"7497","μένοϲ","O"
"7498","χειρῶν","O"
"7499","ἰθὺϲ","O"
"7500","φέρον","O"
"7501","ε","O"
"7502",".","O"
"7503","ὅτι","O"
"7504","δὲ","O"
"7505","τὸ","O"
"7506","μένοϲ","O"
"7507","ϲθένοϲ","O"
"7508","·","O"
"7509","πάντωϲ","O"
"7510","οἷον","O"
"7511","ἐμόν","O"
"7512","γε","O"
"7513","μέν","O"
"7514","ο","O"
"7515","ϲ","O"
"7516","καὶ","O"
"7517","χεἰρεϲ","O"
"7518","ἄαπτοι","O"
"7519","Θ","O"
"7520","εἰπόντοϲ","O"
"7521","Διόϲ","O"
"7522",",","O"
"7523","εὖ","O"
"7524","νυ","O"
"7525",",","O"
"7526","φηϲὶ","O"
"7527",",","O"
"7528","καὶ","O"
"7529","ἡμεῖϲ","O"
"7530","ἴδμεν","O"
"7531","ὅ","O"
"7532","τοι","O"
"7533","ϲθένοϲ","O"
"7534","οὐκ","O"
"7535","ἐπιει","O"
"7536","κτόν","O"
"7537","Θ","O"
"7538",".","O"
"7539","ὡϲ","O"
"7540","οὖν","O"
"7541","τὸ","O"
"7542","ϲθένοϲ","O"
"7543","μένοϲ","O"
"7544",",","O"
"7545","οὕτω","O"
"7546","καὶ","O"
"7547","χόλοϲ","O"
"7548","μένων","O"
"7549","μένοϲ","O"
"7550","καὶ","O"
"7551","μῆνιϲ","O"
"7552",".","O"
"7553","εἰπών","O"
"7554","γοῦν","O"
"7555","χα","O"
"7556","λεπ","O"
"7557","ὴ","O"
"7558","δὲ","O"
"7559","θεοῦ","O"
"7560","ἔπι","O"
"7561","μῆνιϲ","O"
"7562","ε","O"
"7563",".","O"
"7564","γ","O"
"7565","ἐπάγει","O"
"7566","·","O"
"7567","οὐ","O"
"7568","γάρ","O"
"7569","τ","O"
"7570","αἶψα","O"
"7571","θεῶν","O"
"7572","τρέπεται","O"
"7573","νόοϲ","O"
"7574","αἰὲν","O"
"7575","ἐόντων","O"
"7576","γ","O"
"7577",".","O"
"7578","ἔτι","O"
"7579","δὲ","O"
"7580","μῆνιϲ","O"
"7581","ἐπιτηροῦϲα","O"
"7582","καιρὸν","O"
"7583","τιμωρίαϲ","O"
"7584","κότον","O"
"7585","ποιεῖ","O"
"7586","·","O"
"7587","ἀλλὰ","O"
"7588","γε","O"
"7589","καὶ","O"
"7590","μετό","O"
"7591","πιϲθεν","O"
"7592","ἔχει","O"
"7593","κότον","O"
"7594",",","O"
"7595","ὄφρα","O"
"7596","τελέϲϲῃ","O"
"7597","Α","O"
"7598",",","O"
"7599","τὸ","O"
"7600","γὰρ","O"
"7601","ὄφρα","O"
"7602","τελέϲϲῃ","O"
"7603","·","O"
"7604","ἕωϲ","O"
"7605","ἂν","O"
"7606","κατεργάϲηται","O"
"7607","καὶ","O"
"7608","λυπήϲῃ","O"
"7609","τὸν","O"
"7610","λυπήϲαντα","O"
"7611",".","O"
"7612","ὅτι","O"
"7613","δὲ","O"
"7614","παρὰ","O"
"7615","τὸ","O"
"7616","ἐγκεῖϲθαι","O"
"7617","κότοϲ","O"
"7618","εἴρηται","O"
"7619",",","O"
"7620","ἐξηγεῖται","O"
"7621","·","O"
"7622","ὅ","O"
"7623","τοι","O"
"7624","κό","O"
"7625","τον","O"
"7626","ἔνθετο","O"
"7627","θυμῷ","O"
"7628","λ","O"
"7629",",","O"
"7630","καὶ","O"
"7631","ὅτι","O"
"7632","ἐπιτηρητικὸν","O"
"7633","ὁ","O"
"7634","κότοϲ","O"
"7635","εἰϲ","O"
"7636","τὸ","O"
"7637","δρᾶϲαί","O"
"7638","τι","O"
"7639","πονηρήν","O"
"7640","·","O"
"7641","Ζεὺϲ","O"
"7642","δέ","O"
"7643","ϲφι","O"
"7644","Κρονίδηϲ","GOD"
"7645","ὑ","O"
"7646","ψίζυγοϲ","O"
"7647","αἰ","O"
"7648","θέρι","O"
"7649","ναίων","O"
"7650","αὐτὸϲ","O"
"7651","ἐπιϲϲείῃϲιν","O"
"7652","ἐρεμνὴν","O"
"7653","αἰγίδα","O"
"7654","ππ","O"
"7655","ᾶϲιν","O"
"7656","τῆϲδ","O"
"7657","ἀπ","O"
"7658","ά","O"
"7659","τηϲ","O"
"7660","κοτέων","O"
"7661",",","O"
"7662","τὰ","O"
"7663","μὲν","O"
"7664","ἔϲϲεται","O"
"7665","οὐκ","O"
"7666","ἀτέλεϲτα","O"
"7667","Δ","O"
"7668",",","O"
"7669","ὅμοιον","O"
"7670","τῷ","O"
"7671","ἔχει","O"
"7672","κότον","O"
"7673","ὄ","O"
"7674","φρα","O"
"7675","τελέϲϲῃ","O"
"7676","Α","O"
"7677",".","O"
"7678","καὶ","O"
"7679","πάλιν","O"
"7680","ὀλλῦϲαι","O"
"7681","Τρῶαϲ","O"
"7682","τοῖϲιν","O"
"7683","κότον","O"
"7684","αἰν","O"
"7685","ὸν","O"
"7686","ἔθεϲθε","O"
"7687","θ","O"
"7688","ἔθεϲθε","O"
"7689","δὲ","O"
"7690","ἐντὸϲ","O"
"7691","τῷ","O"
"7692","θυμῷ","O"
"7693","ἀκουϲτέον","O"
"7694",",","O"
"7695","τὸ","O"
"7696","γὰρ","O"
"7697","αὐτό","O"
"7698","ἐϲτι","O"
"7699","τῷ","O"
"7700","κότον","O"
"7701","ἔνθετο","O"
"7702","λ","O"
"7703",".","O"
"7704","καὶ","O"
"7705","εἰπὼν","O"
"7706","ὅτι","O"
"7707","τῷ","O"
"7708","Ἀλγαμέμνονι","O"
"7709","καὶ","O"
"7710","ἐκπάγλωϲ","O"
"7711","κοτέοντο","O"
"7712","νεμέϲϲη","O"
"7713","θέν","O"
"7714","τ","O"
"7715","ἐνὶ","O"
"7716","θυμῷ","O"
"7717","Β","O"
"7718","προϲάγει","O"
"7719","τὰ","O"
"7720","ἐκ","O"
"7721","τοῦ","O"
"7722","κότου","O"
"7723","·","O"
"7724","νῦν","O"
"7725","δή","O"
"7726","ϲε","O"
"7727",",","O"
"7728","ἄναξ","O"
"7729",",","O"
"7730","ἐθἐλουϲιν","O"
"7731","Ἀλχαιοὶ","O"
"7732","πᾶϲιν","O"
"7733","ἐλέγχιϲτον","O"
"7734","θέμεναι","O"
"7735","Β","O"
"7736",".","O"
"7737","καὶ","O"
"7738","ὅτι","O"
"7739","μὲν","O"
"7740","ἡ","O"
"7741","μῆνιϲ","O"
"7742","μέγαν","O"
"7743","χόλον","O"
"7744","δηλοῖ","O"
"7745","·","O"
"7746","πὰρ","O"
"7747","Διὸϲ","O"
"7748","αἰγιοχοιο","O"
"7749","χόλοϲ","O"
"7750","καὶ","O"
"7751","μῆνιϲ","O"
"7752","ἐτύχθη","O"
"7753","ὅτι","O"
"7754","δὲ","O"
"7755","μῆνιϲ","O"
"7756","ἀγανάκτηϲιν","O"
"7757","ἀμυντικὴν","O"
"7758","περιέχουϲά","O"
"7759","ἐϲτιν","O"
"7760","ὁ","O"
"7761","κότοϲ","O"
"7762",",","O"
"7763","παρίϲτηϲι","O"
"7764","διὰ","O"
"7765","τούτων","O"
"7766","·","O"
"7767","εἰ","O"
"7768","μή","O"
"7769","τιϲ","O"
"7770","θεόϲ","O"
"7771","ἐϲτι","O"
"7772","κοτεϲϲάμενοϲ","O"
"7773","Τρ","O"
"7774","ώεϲϲιν","O"
"7775","ἱρ","O"
"7776","ῶν","O"
"7777","μηνίϲαϲ","O"
"7778","·","O"
"7779","χα","O"
"7780","λεπ","O"
"7781","ὴ","O"
"7782","δὲ","O"
"7783","θεοῦ","O"
"7784","ἔπι","O"
"7785","μ","O"
"7786","ῆνιϲ","O"
"7787","θ","O"
"7788","μηνίϲαϲ","O"
"7789","οὖν","O"
"7790","ὁ","O"
"7791","θεὸϲ","O"
"7792","εἰϲ","O"
"7793","κότον","O"
"7794","μεθίϲταται","O"
"7795",".","O"
"7796","εἴρηται","O"
"7797","τοίνυν","O"
"7798",",","O"
"7799","ὅτι","O"
"7800","ἡ","O"
"7801","μὲν","O"
"7802","κατὰ","O"
"7803","κίνηϲιν","O"
"7804","πρόϲκαιροϲ","O"
"7805","ὀργὴ","O"
"7806","χόλοϲ","O"
"7807","καὶ","O"
"7808","θυμόϲ","O"
"7809",",","O"
"7810","ἡ","O"
"7811","δὲ","O"
"7812","μετ","O"
"7813","ἀγανακτήϲεωϲ","O"
"7814","δραϲτικῆϲ","O"
"7815","ἐνέργεια","O"
"7816","χώεϲθαι","O"
"7817","λέγεται","O"
"7818","καὶ","O"
"7819","ϲκύζεϲθαι","O"
"7820",",","O"
"7821","ὁ","O"
"7822","δ","O"
"7823","ἀπόθετοϲ","O"
"7824","χόλοϲ","O"
"7825","μένοϲ","O"
"7826","καὶ","O"
"7827","μῆνιϲ","O"
"7828",",","O"
"7829","αὕτη","O"
"7830","δὲ","O"
"7831","τὸ","O"
"7832","ἀμύνεϲθαι","O"
"7833","ἐπιτηροῦϲα","O"
"7834","κότοϲ","O"
"7835",",","O"
"7836","καὶ","O"
"7837","ὅπωϲ","O"
"7838","ὁρμὴ","O"
"7839","ἐπηρτημένη","O"
"7840","μετὰ","O"
"7841","λύπηϲ","O"
"7842","καὶ","O"
"7843","ὀρέξεωϲ","O"
"7844","ἡ","O"
"7845","ὀργή","O"
"7846",",","O"
"7847","καὶ","O"
"7848","ὅπωϲ","O"
"7849","κατὰ","O"
"7850","αὔξηϲιν","O"
"7851","τοῦ","O"
"7852","θυμοῦ","O"
"7853","γίνεται","O"
"7854",".","O"
"7855","ις΄","O"
"7856",".","O"
"7857","ιζ΄","O"
"7858",".","O"
"7859","Παρατηρεῖν","O"
"7860","δεῖ","O"
"7861",",","O"
"7862","ὡϲ","O"
"7863",",","O"
"7864","ὅταν","O"
"7865","ἐκ","O"
"7866","προϲώπου","O"
"7867","τινὸϲ","O"
"7868","ἐπάγειν","O"
"7869","λόγουϲ","O"
"7870","μέλλῃ","O"
"7871","τινὰϲ","O"
"7872","ὁ","O"
"7873","ποιητήϲ","O"
"7874",",","O"
"7875","προλέγει","O"
"7876","προϲημαίνων","O"
"7877",",","O"
"7878","οἷοϲ","O"
"7879","ἔϲται","O"
"7880","ὁ","O"
"7881","λόγοϲ","O"
"7882","ἢ","O"
"7883","μεθ","O"
"7884","οἵαϲ","O"
"7885","διαθέϲεωϲ","O"
"7886","λεγόμενοϲ","O"
"7887",".","O"
"7888","οὕγὰρ","O"
"7889","ὅρον","O"
"7890","λαβόντεϲ","O"
"7891","παρὰ","O"
"7892","τοῦ","O"
"7893","ποιητοῦ","O"
"7894","ἐπὶ","O"
"7895","τὰ","O"
"7896","αὐτὰ","O"
"7897","οἶϲ","O"
"7898","αὐτὸϲ","O"
"7899","παρήγγειλε","O"
"7900","τῶν","O"
"7901","λεγομένων","O"
"7902","ἀκουϲό","O"
"7903","μεθα","O"
"7904",",","O"
"7905","οἷον","O"
"7906","εἰπόντοϲ","O"
"7907","τὸν","O"
"7908","δ","O"
"7909","ἄ","O"
"7910","ρ","O"
"7911","ὑ","O"
"7912","πόδρα","O"
"7913","ἰδ","O"
"7914","ὼν","O"
"7915","προϲέ","O"
"7916","φη","O"
"7917","Α","O"
"7918",".","O"
"7919","ὑβριϲτικοὺϲ","O"
"7920","προϲεκτέον","O"
"7921","ἔϲεϲθαι","O"
"7922","τοὸϲ","O"
"7923","λόγουϲ","O"
"7924",",","O"
"7925","οἷοι","O"
"7926","ἂν","O"
"7927","γένοιντο","O"
"7928","ὑπὸ","O"
"7929","τοῦ","O"
"7930","ὑποβλεπομένου","O"
"7931","·","O"
"7932","καὶ","O"
"7933","πάλιν","O"
"7934","προει","O"
"7935","πὸντοϲ","O"
"7936","καί","O"
"7937","μιν","O"
"7938","νεικείων","O"
"7939","ἔ","O"
"7940","πεα","O"
"7941","πτερόεντα","O"
"7942","προϲηύδα","O"
"7943","ϲ","O"
"7944",",","O"
"7945","θεω","O"
"7946","εἰ","O"
"7947","οἱ","O"
"7948","ἐπάγεϲθαι","O"
"7949","μέλλοντεϲ","O"
"7950","ὀνείδη","O"
"7951","παρέχουϲιν","O"
"7952",".","O"
"7953","ὅταν","O"
"7954","δέ·.","O"
"7955","ἠμείβετ","O"
"7956","Α","O"
"7957",".","O"
"7958","Παρατηρεῖν","O"
"7959","δεῖ","O"
"7960",",","O"
"7961","ὅτι","O"
"7962",",","O"
"7963","ὅταν","O"
"7964","ἐκ","O"
"7965","προϲώπου","O"
"7966","τινὸϲ","O"
"7967","μετάγειν","O"
"7968","λόγουϲ","O"
"7969","μέλλῃ","O"
"7970","τινὰϲ","O"
"7971","ὁ","O"
"7972","ποιητήϲ","O"
"7973",",","O"
"7974","καὶ","O"
"7975","προλέγει","O"
"7976","προϲημαίνων","O"
"7977",",","O"
"7978","οἷοϲ","O"
"7979","ἔϲται","O"
"7980","ὁ","O"
"7981","λόγοϲ","O"
"7982","ἢ","O"
"7983","μεθ","O"
"7984","οἵαϲ","O"
"7985","διαθέϲεωϲ","O"
"7986","λεγόμενοϲ","O"
"7987",".","O"
"7988","οὕτω","O"
"7989","τω","O"
"7990","γὰρ","O"
"7991","ὅρον","O"
"7992","λαβόντεϲ","O"
"7993","παρὰ","O"
"7994","τοῦ","O"
"7995","ποιητοῦ","O"
"7996","ἐπὶ","O"
"7997","τοῖϲ","O"
"7998","αὐτοῖϲ","O"
"7999","οἶϲπερ","O"
"8000","ὁ","O"
"8001","ποιητὴϲ","O"
"8002","παρήγγειλε","O"
"8003","τῶν","O"
"8004","λεγομένων","O"
"8005","ἀκουϲόμεθα","O"
"8006","·","O"
"8007","οἷον","O"
"8008","εἰπόντοϲ","O"
"8009","τὸν","O"
"8010","δ","O"
"8011","ἄρ","O"
"8012","ὑπόδρα","O"
"8013","ἱδ","O"
"8014","ὼν","O"
"8015","προϲέφη","O"
"8016",",","O"
"8017","ὑβριϲτικοὸϲ","O"
"8018","προϲδεκϲτέον","O"
"8019","ἔϲεϲθαι","O"
"8020","τοὺϲ","O"
"8021","λόγουϲ","O"
"8022",",","O"
"8023","οἷοι","O"
"8024","ἂν","O"
"8025","γένοιντο","O"
"8026","ὑπὸ","O"
"8027","τοῦ","O"
"8028","ὑποβλεπομένου","O"
"8029","·","O"
"8030","καὶ","O"
"8031","πάλιν","O"
"8032","προτάττειν","O"
"8033","ειπόντοϲ","O"
"8034","·","O"
"8035","καί","O"
"8036","μιν","O"
"8037","νεικείων","O"
"8038","ἔπεα","O"
"8039","πτερόεντα","O"
"8040",",","O"
"8041","θεωρητέον","O"
"8042",",","O"
"8043","εἰ","O"
"8044","οἱ","O"
"8045","μέλρητέον","O"
"8046",",","O"
"8047","λοντεϲ","O"
"8048","ἐπάγεϲθαι","O"
"8049","λόγοι","O"
"8050","ὀνείδη","O"
"8051","παρλόγοι","O"
"8052","έχουϲιν","O"
"8053",".","O"
"8054","ὅταν","O"
"8055","δέ","O"
"8056","ὅ","O"
"8057","ϲφιν","O"
"8058","εὖ","O"
"8059","φρο","O"
"8060","ὅϲ","O"
"8061","ϲφιν","O"
"8062","εὖ","O"
"8063","φρον","O"
"8064","έων","O"
"8065","ἀγορήϲατο","O"
"8066","καὶ","O"
"8067","μετέειπε","O"
"8068","Α","O"
"8069",",","O"
"8070","νίμουϲ","O"
"8071","προϲδεκτέον","O"
"8072","λόγουϲ","O"
"8073",".","O"
"8074","φρονί","O"
"8075","μου","O"
"8076","δ","O"
"8077","ἐϲτι","O"
"8078","τὰϲ","O"
"8079","αἰτίαϲ","O"
"8080","τῶν","O"
"8081","ἐνεϲτη","O"
"8082","των","O"
"8083","εἰπεῖν","O"
"8084",",","O"
"8085","καὶ","O"
"8086","μετὰ","O"
"8087","ταῦτα","O"
"8088","ἐπάγειν","O"
"8089","τὰ","O"
"8090","ποιητά","O"
"8091",".","O"
"8092","τὸ","O"
"8093","μὲν","O"
"8094","οὖν","O"
"8095","ἀγορήϲατο","O"
"8096","δηλοῖ","O"
"8097","τὴν","O"
"8098","ἐξήγηϲιν","O"
"8099","καὶ","O"
"8100","φανέρωϲιν","O"
"8101","τῶν","O"
"8102","ἐνεϲτηκότων","O"
"8103",",","O"
"8104","οἶον","O"
"8105","ο","O"
"8106","ὔτ","O"
"8107","ἄρ","O"
"8108","εὐχ","O"
"8109","ωλῆϲ","O"
"8110","ἐπιμέμφεται","O"
"8111","καὶ","O"
"8112","τὰ","O"
"8113","ἑξῆϲ","O"
"8114","Α","O"
"8115",",","O"
"8116","τὸ","O"
"8117","δὲ","O"
"8118","μετέειπε","O"
"8119","τὸ","O"
"8120","τὸ","O"
"8121","ποιητέον","O"
"8122",",","O"
"8123","ἐπάγει","O"
"8124","γάρ","O"
"8125","·","O"
"8126","μηϲ","O"
"8127","ὐδ","O"
"8128","ὅγε","O"
"8129","πρὶν","O"
"8130","λοιμοῖο","O"
"8131","βαρείαϲ","O"
"8132","χεῖραϲ","O"
"8133","ἀφέξει","O"
"8134","καὶ","O"
"8135","τὰ","O"
"8136","ἑξῆϲ","O"
"8137",".","O"
"8138","καὶ","O"
"8139","ἐπὶ","O"
"8140","τοῦ","O"
"8141","Νέϲτοροϲ","O"
"8142","·","O"
"8143","π","O"
"8144","όποι","O"
"8145",",","O"
"8146","ἦ","O"
"8147","μέγα","O"
"8148","πέν","O"
"8149","θοϲ","O"
"8150","Ἀχαιίδα","PERSON"
"8151","γαῖαν","O"
"8152","ἱκάνει","O"
"8153","Α","O"
"8154",",","O"
"8155","διήγηϲιν","O"
"8156","ἔχει","O"
"8157","τῶν","O"
"8158","ἃ","O"
"8159","ἀγορήϲατο","O"
"8160",",","O"
"8161","τὸ","O"
"8162","δὲ","O"
"8163","ἀλλὰ","O"
"8164","πείθεϲθε","O"
"8165","καὶ","O"
"8166","ὔμμεϲ","O"
"8167","Α","O"
"8168","ἃ","O"
"8169","δεῖ","O"
"8170","πράττειν","O"
"8171","λέγει","O"
"8172",".","O"
"8173","καὶ","O"
"8174","πά","O"
"8175","λῖν","O"
"8176","ὅταν","O"
"8177","εἴπῃ","O"
"8178","·","O"
"8179","καὶ","O"
"8180","τότε","O"
"8181","κουφό","O"
"8182","μετεφώνεε","O"
"8183","αιήκεϲϲι","O"
"8184","θ","O"
"8185",".","O"
"8186","ἡμᾶϲ","O"
"8187","τῶν","O"
"8188","μελλόντων","O"
"8189","λέγεϲθαι","O"
"8190","λόγων","O"
"8191","ἀκούειν","O"
"8192","ὡϲ","O"
"8193","κούφων","O"
"8194","καὶ","O"
"8195","ἐπηρμένων","O"
"8196",",","O"
"8197","ὑηλολογοῦντοϲ","O"
"8198","διὰ","O"
"8199","τὴν","O"
"8200","νίκην","O"
"8201","τοῦ","O"
"8202","Ὀδυϲϲέωϲ","O"
"8203",".","O"
"8204","τοιοῦτον","O"
"8205","γὰρ","O"
"8206","τὸ","O"
"8207","τούτων","O"
"8208","νῦν","O"
"8209","ἐφίκεϲθε","O"
"8210",",","O"
"8211","νέοι","O"
"8212",",","O"
"8213","καὶ","O"
"8214","τὰ","O"
"8215","ἑξῆϲ","O"
"8216","προθεωροῦντι","O"
"8217","νέων","O"
"8218","ἀγορήϲατο","O"
"8219","καὶ","O"
"8220","μετέειπε","O"
"8221",",","O"
"8222","φρο","O"
"8223","φρονίμουϲ","O"
"8224","προϲδεκτέον","O"
"8225","λόγουϲ","O"
"8226",".","O"
"8227","φρονίμου","O"
"8228","γάρ","O"
"8229","ἐϲτι","O"
"8230","τὰϲ","O"
"8231","αἰτίαϲ","O"
"8232","τῶν","O"
"8233","ἐνεϲτηκότων","O"
"8234","εἰπεῖν","O"
"8235","καὶ","O"
"8236","μετὰ","O"
"8237","ταῦτα","O"
"8238","ἐπάγειν","O"
"8239","τὰ","O"
"8240","ποιητά","O"
"8241",".","O"
"8242","τὸ","O"
"8243","μὲν","O"
"8244","οὖν","O"
"8245","ἀγορήϲατο","O"
"8246","δηλοῖ","O"
"8247","τὴν","O"
"8248","ἐξήγηϲιν","O"
"8249","καὶ","O"
"8250","φανέρωϲιν","O"
"8251","τῶν","O"
"8252","ἐνεϲτηκότων","O"
"8253",",","O"
"8254","ὡϲ","O"
"8255","ὁ","O"
"8256","λέγων","O"
"8257","ὔτ","O"
"8258","ἄρ","O"
"8259","ὅγ","O"
"8260","εὐχωλῆϲ","O"
"8261","ἐπιμέμφεται","O"
"8262","ὔθ","O"
"8263","ἑκατόμβηϲ","O"
"8264",",","O"
"8265","ἀλλ","O"
"8266","ἕνεκ","O"
"8267","ἀρητῆροϲ","O"
"8268",",","O"
"8269","ὃν","O"
"8270","ἠτί","O"
"8271","μετάγειν","O"
"8272","Ἀλγαμέμνων","O"
"8273",",","O"
"8274","τὸ","O"
"8275","δὲ","O"
"8276","μετ","O"
"8277","έειπε","O"
"8278","τὸ","O"
"8279","μετὰ","O"
"8280","ταῦτα","O"
"8281","ἐπαγαγεῖν","O"
"8282","τὸ","O"
"8283","ποιητέον","O"
"8284","·","O"
"8285","ἐπάγει","O"
"8286","γάρ","O"
"8287","·","O"
"8288","οὐδ","O"
"8289","ὅγε","O"
"8290","πρὶν","O"
"8291","λοιμοῖο","O"
"8292","βαρείαϲ","O"
"8293","χεῖραϲ","O"
"8294","ἀφέξει","O"
"8295",",","O"
"8296","πρίν","O"
"8297","γ","O"
"8298","ἀ","O"
"8299","πὸ","O"
"8300","πατρὶ","O"
"8301","φίλῳ","O"
"8302","δόμεναι","O"
"8303","καὶ","O"
"8304","τὰ","O"
"8305","ἑξῆϲ","O"
"8306",".","O"
"8307","καὶ","O"
"8308","τὰ","O"
"8309","ἐπὶ","O"
"8310","τοῦ","O"
"8311","Νέϲτοροϲ","O"
"8312","·","O"
"8313","ὦ","O"
"8314","πόποι","O"
"8315",",","O"
"8316","ἦ","O"
"8317","μέγα","O"
"8318","πένθοϲ","O"
"8319","Ἀχαιίδα","PERSON"
"8320","γαῖαν","O"
"8321","ἱκάνει","O"
"8322",",","O"
"8323","διήγηϲιν","O"
"8324","ἔχει","O"
"8325","τῶν","O"
"8326","ἐνεϲτώἐνεϲτώτων","O"
"8327","τῶν","O"
"8328","ἄπερ","O"
"8329","ἀγορήϲατο","O"
"8330",",","O"
"8331","ἐπὶ","O"
"8332","δὲ","O"
"8333","τοῦ","O"
"8334","ἀλλὰ","O"
"8335","πίθεϲθε","O"
"8336","καὶ","O"
"8337","ὔμμεϲ","O"
"8338","μετὰ","O"
"8339","τὸ","O"
"8340","διηγήϲαϲθαι","O"
"8341","τὰ","O"
"8342","ἐνεϲτηκότα","O"
"8343","εἶπεν","O"
"8344","ἃ","O"
"8345","δεῖ","O"
"8346","πράττειν","O"
"8347",".","O"
"8348","πάλιν","O"
"8349","ὅταν","O"
"8350","προείτερον","O"
"8351","εφώνεε","O"
"8352","Φαιήκεϲϲι","O"
"8353",",","O"
"8354","δεῖ","O"
"8355","ἡμᾶϲ","O"
"8356","τῶν","O"
"8357","μελλόντων","O"
"8358","λέγεϲθαι","O"
"8359","λόγων","O"
"8360","ἀκούειν","O"
"8361","ᾡϲ","O"
"8362","κούφων","O"
"8363","καὶ","O"
"8364","ἐπηρμένων","O"
"8365",",","O"
"8366","ὑψηλολογοῦντοϲ","O"
"8367","διὰ","O"
"8368","τὴν","O"
"8369","νίκην","O"
"8370","τοῦ","O"
"8371","τον","O"
"8372","νῦν","O"
"8373","ἐφίκεϲθε","O"
"8374",",","O"
"8375","νέοι","O"
"8376",",","O"
"8377","καὶ","O"
"8378","τὰ","O"
"8379","ἑξῆϲ","O"
"8380","·","O"
"8381","προθεωροῦντι","O"
"8382","γὰρ","O"
"8383","ἔοικεν","O"
"8384","ὁ","O"
"8385","γὰρ","O"
"8386","ἔοικεν","O"
"8387","ὁ","O"
"8388","ποιητὴϲ","O"
"8389","ἑαυτὸν","O"
"8390","καὶ","O"
"8391","προδιατιθέντι","O"
"8392","τοὺϲ","O"
"8393","ἀκουϲομένουϲ","O"
"8394","περὶ","O"
"8395","τοῦ","O"
"8396","εἴδουϲ","O"
"8397","τῶν","O"
"8398","λόγων","O"
"8399",".","O"
"8400","ἐκ","O"
"8401","τούτων","O"
"8402","δὲ","O"
"8403","πολλὰ","O"
"8404","ἔνεϲτι","O"
"8405","λύ","O"
"8406","ειν","O"
"8407","τῶν","O"
"8408","παρεωραμένων","O"
"8409","τοῖϲ","O"
"8410","γραμ","O"
"8411","αὐτίκα","O"
"8412","τὸ","O"
"8413","ἐπὶ","O"
"8414","τοῦ","O"
"8415","Διόϲ","O"
"8416","·","O"
"8417","αὐτίκ","O"
"8418","ἐπειρᾶ","O"
"8419","το","O"
"8420","Κρονίδηϲ","GOD"
"8421","ἐρε","O"
"8422","Ἥἰρην","O"
"8423",",","O"
"8424","κερτομίοιϲ","O"
"8425","ἐπέ","O"
"8426","θιζέμεν","O"
"8427","παραβλήδην","O"
"8428","ἀγορεύων","O"
"8429","Δ","O"
"8430",".","O"
"8431",",","O"
"8432","μὴ","O"
"8433","νοήϲαντέϲ","O"
"8434","τινεϲ","O"
"8435","ὅτι","O"
"8436","περὶ","O"
"8437","τοῦ","O"
"8438","μέλλοντοϲ","O"
"8439","τρόπου","O"
"8440","τοῦ","O"
"8441","λόγου","O"
"8442","ἀλλοκότουϲ","O"
"8443","ἐξηγήϲειϲ","O"
"8444","πε","O"
"8445","κεν","O"
"8446",",","O"
"8447","ποίηνται","O"
"8448","·","O"
"8449","φηϲὶ","O"
"8450","δὲ","O"
"8451","ὅτι","O"
"8452","παραβλητι","O"
"8453","ποιητὴϲ","O"
"8454","ἑαυτὸν","O"
"8455","καὶ","O"
"8456","προδιατιθέντι","O"
"8457","τοὺϲ","O"
"8458","ἀκουϲομένουϲ","O"
"8459","περὶ","O"
"8460","τοῦ","O"
"8461","εἴδουϲ","O"
"8462","τῶν","O"
"8463","λόγων","O"
"8464",".","O"
"8465","ἐκ","O"
"8466","δὲ","O"
"8467","τούτου","O"
"8468","πολλὰ","O"
"8469","ἔνεϲτι","O"
"8470","λύοντεϲ","O"
"8471","ειν","O"
"8472","τῶν","O"
"8473","παρεωραμένων","O"
"8474","τοῖϲ","O"
"8475","γραμματικοῖϲ","O"
"8476",".","O"
"8477","ματικοῖϲ","O"
"8478","·","O"
"8479","αὐτίκα","O"
"8480","τὸ","O"
"8481","ἐπὶ","O"
"8482","τοῦ","O"
"8483","Διόϲ","O"
"8484","·","O"
"8485","αὐτίκ","O"
"8486","ἐπειρᾶτο","O"
"8487","Κρονίδηϲ","GOD"
"8488","ἐρεθιζέμεν","O"
"8489","Ἥρην","O"
"8490","κερτομιίοιϲ","O"
"8491","ἐπέεϲϲι","O"
"8492","εϲϲι","O"
"8493","παραβ","O"
"8494","λή","O"
"8495","δην","O"
"8496","ἀγορεύω","O"
"8497","ν","O"
"8498",",","O"
"8499","μὴ","O"
"8500","νοήϲαντέϲ","O"
"8501","τινεϲ","O"
"8502","ὅτι","O"
"8503","περὶ","O"
"8504","τοῦ","O"
"8505","μέλλοντοϲ","O"
"8506","τρόπου","O"
"8507","τοῦ","O"
"8508","λόγου","O"
"8509","εἴρηεἴρηκεν","O"
"8510","ἀλλοκότουϲ","O"
"8511","ἐξηγήϲειϲ","O"
"8512","πεποίηνται","O"
"8513",".","O"
"8514","φηϲὶ","O"
"8515","γὰρ","O"
"8516","ὅτι","O"
"8517","παραβλητικοῖϲ","O"
"8518","κοῖϲ","O"
"8519","ἐχρῆτο","O"
"8520","λόγοιϲ","O"
"8521","παραβάλλων","O"
"8522","καὶ","O"
"8523","ἀντεξετάζων","O"
"8524","τὴν","O"
"8525","Ἀλφροδίτηϲ","PERSON"
"8526","Ἀλε","O"
"8527","ξάνδρῳ","PERSON"
"8528","ἐπικουρίαν","O"
"8529","πρὸϲ","O"
"8530","τὴν","O"
"8531","Ἥραϲ","O"
"8532","καὶ","O"
"8533","Ἀθηνᾶϲ","O"
"8534","τῷ","O"
"8535","Μενελάῳ","GOD"
"8536","γινομέ","O"
"8537","νην","O"
"8538",".","O"
"8539","τὸ","O"
"8540","οὖν","O"
"8541","παραβλήδην","O"
"8542","τὸ","O"
"8543","μετὰ","O"
"8544","τοῦ","O"
"8545","παραβάλλειν","O"
"8546","λέγει","O"
"8547",",","O"
"8548","εἰώθαϲι","O"
"8549","λέγειν","O"
"8550","ϲυγκρίνειν","O"
"8551",".","O"
"8552","καὶ","O"
"8553","ὅτι","O"
"8554","τοῦθ","O"
"8555","οὕτωϲ","O"
"8556","ἔχει","O"
"8557",",","O"
"8558","δηλοῖ","O"
"8559","ὁ","O"
"8560","τοῦ","O"
"8561","Διὸϲ","O"
"8562","λόγοϲ","O"
"8563","ϲυγκριτικὸϲ","O"
"8564","ὤν","O"
"8565","δοιαὶ","O"
"8566","μὲν","O"
"8567","Μενε","O"
"8568","λά","O"
"8569","ῳ","O"
"8570","ἀρηγόνεϲ","O"
"8571","εἰϲὶ","O"
"8572","θεάων","O"
"8573",",","O"
"8574","Ἥρη","GOD"
"8575","τ","O"
"8576","Ἀργείη","NORP"
"8577","καὶ","O"
"8578","ἀλαλκομε","O"
"8579","νηὶϲ","O"
"8580","Ἀθ","O"
"8581","ήνη","O"
"8582","·","O"
"8583","ἀλλ","O"
"8584","ἤτοι","O"
"8585","ταὶ","O"
"8586","νὸϲφι","O"
"8587","καθ","O"
"8588","ήμεναι","O"
"8589","είϲο","O"
"8590","ρό","O"
"8591","ωϲαι","O"
"8592","ρπεϲθον","O"
"8593",",","O"
"8594","τ","O"
"8595","ῷ","O"
"8596","δ","O"
"8597","α","O"
"8598","ὖτε","O"
"8599","φιλο","O"
"8600","μειδὴϲ","O"
"8601","Ἀλφροδίτη","PERSON"
"8602","αἰεὶ","O"
"8603","παρμιέμ","O"
"8604","β","O"
"8605","λωκε","O"
"8606","καὶ","O"
"8607","αὐτοῦ","O"
"8608","κῆρα","O"
"8609","ϲ","O"
"8610","ἀμύνει","O"
"8611","Δ","O"
"8612",".","O"
"8613","καὶ","O"
"8614","οὐκ","O"
"8615","ἔϲτιν","O"
"8616","ἁπλῶϲ","O"
"8617","παραβολὴ","O"
"8618","καὶ","O"
"8619","ἀντεξέταϲιϲ","O"
"8620",",","O"
"8621","ἀλλ","O"
"8622","οὕ","O"
"8623","τωϲ","O"
"8624","ἐρεθιϲτικὴ","O"
"8625","καὶ","O"
"8626","κέρτομοϲ","O"
"8627",",","O"
"8628","ὡϲ","O"
"8629","προεῖπεν","O"
"8630","·","O"
"8631","δύο","O"
"8632","μὲν","O"
"8633","Μενελάῳ","PERSON"
"8634",",","O"
"8635","μία","O"
"8636","δ","O"
"8637","Ἀλεξάνδρῳ","PERSON"
"8638",",","O"
"8639","καὶ","O"
"8640","ἡ","O"
"8641","μὲν","O"
"8642","Ἥρα","GOD"
"8643","ὡϲ","O"
"8644","καὶ","O"
"8645","ἡ","O"
"8646","μὲν","O"
"8647","Ἥρα","GOD"
"8648","κηδεμὼν","O"
"8649","τοῦ","O"
"8650","Ἄργουϲ","O"
"8651","κἀκεῖ","O"
"8652","χρηματίζουϲα","O"
"8653","καὶ","O"
"8654","διὰ","O"
"8655","Ἀλργεία","O"
"8656","τῷ","O"
"8657","Μενελάῳ","PERSON"
"8658","ἐπαρκεῖν","O"
"8659","ὀφεί","O"
"8660","λουϲα","O"
"8661",",","O"
"8662","ἡ","O"
"8663","δὲ","O"
"8664","Ἀθηνᾶ","GOD"
"8665","ἀλαλκομενηίϲ","O"
"8666",",","O"
"8667","δὲ","O"
"8668","Ἀρροδίτη","PERSON"
"8669","φιλομειδὴϲ","O"
"8670","καὶ","O"
"8671","οὐκ","O"
"8672","ἀπ","O"
"8673","Ἰλίου","LOC"
"8674","·","O"
"8675","καὶ","O"
"8676","ὅμωϲ","O"
"8677","αἱ","O"
"8678","μὲν","O"
"8679","νόϲφι","O"
"8680","τοῦ","O"
"8681","Μενελάου","PERSON"
"8682","κάθηϲθε","O"
"8683",",","O"
"8684","ἡ","O"
"8685","δὲ","O"
"8686","ἀεὶ","O"
"8687","παρμέμβλωκε","O"
"8688","·","O"
"8689","καὶ","O"
"8690","αἱ","O"
"8691","μὲν","O"
"8692","θεωροὶ","O"
"8693","εἰϲ","O"
"8694","τέρψιν","O"
"8695","τῶν","O"
"8696","ἀγώνων","O"
"8697",",","O"
"8698","ἡ","O"
"8699","δὲ","O"
"8700","αὐτοῦ","O"
"8701","κῆ","O"
"8702","ραϲ","O"
"8703","ἀμύνει","O"
"8704","ϲυμπαραμένουϲα","O"
"8705","·","O"
"8706","νῦν","O"
"8707","ἐξεϲάωϲαϲ","O"
"8708","ὀιόμενον","O"
"8709","νουϲα","O"
"8710","·","O"
"8711","θανέεϲθαι","O"
"8712","Δ","O"
"8713",".","O"
"8714","ὀρθῶϲ","O"
"8715","ἄρα","O"
"8716","προεῖπεν","O"
"8717","ὅτι","O"
"8718","ἐρεθιϲτικὸϲ","O"
"8719","ὁ","O"
"8720","λόγοϲ","O"
"8721","ἔϲται","O"
"8722","καὶ","O"
"8723","χλευαϲτικόϲ","O"
"8724",".","O"
"8725","πάλιν","O"
"8726","ὅταν","O"
"8727","ἐπὶ","O"
"8728","τῆϲ","O"
"8729","Θέτιδοϲ","O"
"8730","λέγῃ","O"
"8731","ὣϲ","O"
"8732","ἔχετ","O"
"8733","ἐμπεφυυῖα","O"
"8734","καὶ","O"
"8735","εἴρετο","O"
"8736","δεύτερον","O"
"8737","αὖτιϲ","O"
"8738","Α","O"
"8739",",","O"
"8740","ἐχρῆτο","O"
"8741","λόγοιϲ","O"
"8742","ὁ","O"
"8743","εὺϲ","O"
"8744","παραβάλλων","O"
"8745","καὶ","O"
"8746","ἀντεξετάζων","O"
"8747","τὴν","O"
"8748","Ἀλφροδίτηϲ","PERSON"
"8749","Ἀλεξάνδρῳ","PERSON"
"8750","ἐπικουρίαν","O"
"8751","πρὸϲ","O"
"8752","τὴν","O"
"8753","Ἥραϲ","O"
"8754","καὶ","O"
"8755","Ἀθηνᾶϲ","O"
"8756","τῷ","O"
"8757","Μενελάῳ","GOD"
"8758","γιγνομένην","O"
"8759",".","O"
"8760","τὸ","O"
"8761","οὖν","O"
"8762","παραβ","O"
"8763","λήδ","O"
"8764","ην","O"
"8765","τὸ","O"
"8766","μετὰ","O"
"8767","τοῦ","O"
"8768","παραβάλλειν","O"
"8769","λέγει","O"
"8770",",","O"
"8771","ὅτι","O"
"8772","τοῦθ","O"
"8773","οὕτωϲ","O"
"8774","ἔχει","O"
"8775",",","O"
"8776","δηλοῖ","O"
"8777","ὁ","O"
"8778","τοῦ","O"
"8779","Διὸϲ","O"
"8780","λόγοϲ","O"
"8781","ϲυγκριτικὸϲ","O"
"8782","ὤν","O"
"8783","·","O"
"8784","δοιαὶ","O"
"8785","μὲν","O"
"8786","Μενελά","GOD"
"8787","ῳ","O"
"8788","ἀρηγόνεϲ","O"
"8789","εἰϲὶ","O"
"8790","θεάων","O"
"8791",",","O"
"8792","Ἥρη","GOD"
"8793","τ","O"
"8794","Ἀργείη","NORP"
"8795","καὶ","O"
"8796","ἀλαλκομενηὶϲ","O"
"8797","Ἀθήνη","GOD"
"8798",".","O"
"8799","ἀλλ","O"
"8800","ἤτοι","O"
"8801","ταὶ","O"
"8802","νόϲφι","O"
"8803","καθήμεναι","O"
"8804","εἰϲορόωϲαι","O"
"8805","τἐρπεϲθον","O"
"8806",",","O"
"8807","τ","O"
"8808","ῷ","O"
"8809","δ","O"
"8810","αὖτε","O"
"8811","φιλομειδὴϲ","O"
"8812","Ἀὰφροδίτη","GOD"
"8813","αἰεὶ","O"
"8814","παρμέμβ","O"
"8815","λωκε","O"
"8816","καὶ","O"
"8817","αὐτοῦ","O"
"8818","κῆραϲ","O"
"8819","ἀμ","O"
"8820","ύνει","O"
"8821",".","O"
"8822","καὶ","O"
"8823","οὐκ","O"
"8824","ἔϲτιν","O"
"8825","ἁπλῶϲ","O"
"8826","παραβολὴ","O"
"8827","καὶ","O"
"8828","ἀντεξέταϲιϲ","O"
"8829",",","O"
"8830","ἀλλ","O"
"8831","οὕτωϲ","O"
"8832","ἐρεθιϲτικὴ","O"
"8833","καὶ","O"
"8834","κέρτομοϲ","O"
"8835",",","O"
"8836","ὡϲ","O"
"8837","προεῖπεν","O"
"8838","ἔϲεϲθαι","O"
"8839","·","O"
"8840","δοιαὶ","O"
"8841","μὲν","O"
"8842","Μενελάῳ","PERSON"
"8843",",","O"
"8844","μία","O"
"8845","δὲ","O"
"8846","τῷ","O"
"8847","Ἀλεξάνδρῳ","PERSON"
"8848","τοῦτο","O"
"8849","καὶ","O"
"8850","τοῦ","O"
"8851","Μενελάου","PERSON"
"8852","κήδεϲθαι","O"
"8853","ὀφείλουϲα","O"
"8854",",","O"
"8855","ἡ","O"
"8856","δὲ","O"
"8857","Ἀλθηνᾶ","O"
"8858","ἀλαλκομε","O"
"8859","ἡ","O"
"8860","νηίϲ","O"
"8861",",","O"
"8862","ἡ","O"
"8863","δ","O"
"8864","Ἀλφροδίτη","GOD"
"8865","φιλομειδὴϲ","O"
"8866","καὶ","O"
"8867","οὐκ","O"
"8868","ἀπ","O"
"8869","Ἰλίου","LOC"
"8870",",","O"
"8871","καὶ","O"
"8872","ὅμωϲ","O"
"8873","αἱ","O"
"8874","μὲν","O"
"8875","νόϲφι","O"
"8876","τοῦ","O"
"8877","Μενελάου","PERSON"
"8878","κάθηϲθε","O"
"8879",",","O"
"8880","ἡ","O"
"8881","δὲ","O"
"8882","ἀεὶ","O"
"8883","παρμέμβ","O"
"8884","λωκε","O"
"8885","·","O"
"8886","καὶ","O"
"8887","αἱ","O"
"8888","μὲν","O"
"8889","θεωροὶ","O"
"8890","εἰϲ","O"
"8891","τέρψιν","O"
"8892","τῶν","O"
"8893","ἀγώνων","O"
"8894",",","O"
"8895","ἡ","O"
"8896","δὲ","O"
"8897","αὐτῷ","O"
"8898","κῆραϲ","O"
"8899","ἀμύνει","O"
"8900","ϲυμπαραμέκαὶ","O"
"8901","καὶ","O"
"8902","νῦν","O"
"8903","ἐξεϲάωϲεν","O"
"8904","ὀι","O"
"8905","όμενον","O"
"8906","θανέεϲθαι","O"
"8907",".","O"
"8908","ὀρθῶϲ","O"
"8909","ἄρα","O"
"8910","προείρηκεν","O"
"8911",",","O"
"8912","ὅτι","O"
"8913","ἐρεθιϲτικὸϲ","O"
"8914","ὁ","O"
"8915","λόγοϲ","O"
"8916","ἔϲται","O"
"8917","καὶ","O"
"8918","χλευαϲτικὸϲ","O"
"8919","καὶ","O"
"8920","παραβλη","O"
"8921","τικόϲ","O"
"8922",".","O"
"8923","λέγῃ","O"
"8924","ὣϲ","O"
"8925","ἔχετ","O"
"8926","ἐμπεφυυῖα","O"
"8927","καὶ","O"
"8928","ἤρετο","O"
"8929","δεύτερον","O"
"8930","αὖτιϲ","O"
"8931",",","O"
"8932","τὸ","O"
"8933","τὸ","O"
"8934","εἴρετο","O"
"8935","οὐ","O"
"8936","χρὴ","O"
"8937","ἀκούειν","O"
"8938","ἀντὶ","O"
"8939","τοῦ","O"
"8940","ἠρώτηϲεν","O"
"8941","ἁπλῶϲ","O"
"8942",",","O"
"8943","ἀλλ","O"
"8944","ἀντὶ","O"
"8945","τοῦ","O"
"8946","ἠρώτα","O"
"8947","τὸ","O"
"8948","ἀληθὲϲ","O"
"8949","μαθεῖν","O"
"8950","θέλουϲα","O"
"8951","·","O"
"8952","ἐπάγει","O"
"8953","γὰρ","O"
"8954","νημερτὲϲ","O"
"8955","μὲν","O"
"8956","δ","O"
"8957","ή","O"
"8958","μοι","O"
"8959","καὶ","O"
"8960","κατάνευϲον","O"
"8961","ἢ","O"
"8962","ἐπεὶ","O"
"8963","ο","O"
"8964","ὔτοι","O"
"8965","ἔπι","O"
"8966","δέοϲ","O"
"8967",",","O"
"8968","ὄφρεὖ","O"
"8969","εἰδ","O"
"8970","ῶ","O"
"8971",".","O"
"8972","καὶ","O"
"8973","ἐντὸϲ","O"
"8974","ἄλλοιϲ","O"
"8975","ἔφη","O"
"8976","·","O"
"8977","εἰρωτᾷϲ","O"
"8978","μ","O"
"8979","ἐλθόντα","O"
"8980","θεὰ","O"
"8981","θεόν","O"
"8982",",","O"
"8983","αὐτὰρ","O"
"8984","ἐγώ","O"
"8985","τοι","O"
"8986","νημερτέωϲ","O"
"8987","τὸν","O"
"8988","μῦθον","O"
"8989","νιϲπήϲω","O"
"8990","ε","O"
"8991",".","O"
"8992","καὶ","O"
"8993","τὸ","O"
"8994","εἴρεαι","O"
"8995","τοίνυν","O"
"8996","ὁ","O"
"8997","π","O"
"8998","π","O"
"8999","όθεν","O"
"9000","εἰμέν","O"
"9001","γ","O"
"9002","οὕτωϲ","O"
"9003","ἀκουϲόμεθα","O"
"9004","·","O"
"9005","τἀλη","O"
"9006","θὲϲ","O"
"9007","ἀκοῦϲαι","O"
"9008","βουλόμενοϲ","O"
"9009","ἐξετάζειϲ","O"
"9010","·","O"
"9011","τὸ","O"
"9012","ἑρμείαν","O"
"9013","ἐρέεινε","O"
"9014","Καλυ","O"
"9015","ψ","O"
"9016","ὼ","O"
"9017","δῖα","GOD"
"9018","θεάων","O"
"9019","ε","O"
"9020","ἐπάγει","O"
"9021","γὰρ","O"
"9022","α","O"
"9023","ὔδα","O"
"9024","ὅτι","O"
"9025","φρονέειϲ","O"
"9026","ε","O"
"9027","ἐνιϲπεῖν","O"
"9028","καὶ","O"
"9029","τὸ","O"
"9030","νημερτέωϲ","O"
"9031","τὸν","O"
"9032","μῦθον","O"
"9033","ἐνιϲπήϲω","O"
"9034","ε","O"
"9035","ἤτοι","O"
"9036","ἀναμαρτήτωϲ","O"
"9037","τἀληθὲϲ","O"
"9038","ἐρῶ","O"
"9039",".","O"
"9040","κεῖται","O"
"9041","γὰρ","O"
"9042","ὡϲ","O"
"9043","εἰ","O"
"9044","ἔλεγεν","O"
"9045","ϲοι","O"
"9046","ἀψευδῆ","O"
"9047","τὸν","O"
"9048","λό","O"
"9049","ϲομαί","O"
"9050","ϲοι","O"
"9051","ἀψευδῆ","O"
"9052","τὸν","O"
"9053","λόγον","O"
"9054",".","O"
"9055","καὶ","O"
"9056","γον","O"
"9057",".","O"
"9058","καὶ","O"
"9059","τὸ","O"
"9060","ἔν","O"
"9061","νε","O"
"9062","πε","O"
"9063","οὖν","O"
"9064","ἀληθῆ","O"
"9065","λέγε","O"
"9066",",","O"
"9067","καὶ","O"
"9068","τὸ","O"
"9069","ἄειδε","O"
"9070","πάλιν","O"
"9071","ἀληθῆ","O"
"9072","ἐντὸϲ","O"
"9073","ποιή","O"
"9074","μαϲι","O"
"9075","λέγε","O"
"9076","·","O"
"9077","ἀοιδὴ","O"
"9078","γὰρ","O"
"9079","ἡ","O"
"9080","ποίηϲιϲ","O"
"9081","εἰπὼν","O"
"9082","οὖν","O"
"9083","ἀλλ","O"
"9084","ἄγε","O"
"9085","δὴ","O"
"9086","μετάβ","O"
"9087","ηθι","O"
"9088","καὶ","O"
"9089","ἵππου","O"
"9090","κόϲμον","O"
"9091","ἄειϲον","O"
"9092","θ","O"
"9093",",","O"
"9094","ἤρετο","O"
"9095","οὐ","O"
"9096","χρὴ","O"
"9097","ἀκούειν","O"
"9098","ἀντὶ","O"
"9099","τοῦ","O"
"9100","ἠρώτα","O"
"9101","ἁπλῶϲ","O"
"9102",",","O"
"9103","ἀλλ","O"
"9104","ἀντὶ","O"
"9105","τοῦ","O"
"9106","ἠρώτα","O"
"9107","τὸ","O"
"9108","ἀληθὲϲ","O"
"9109","μαθεῖν","O"
"9110","θέλουϲα","O"
"9111","·","O"
"9112","ἐπάγει","O"
"9113","γὰρ","O"
"9114","νημερτὲϲ","O"
"9115","μὲν","O"
"9116","δή","O"
"9117","μοι","O"
"9118","ὑπό","O"
"9119","ὑπὸϲχεο","O"
"9120","ϲχεο","O"
"9121","καὶ","O"
"9122","κατάνευϲον","O"
"9123","ἢ","O"
"9124","ἀ","O"
"9125","πό","O"
"9126","ἀπόειπ′","O"
"9127",",","O"
"9128","ειπ′","O"
"9129",",","O"
"9130","ἐπεὶ","O"
"9131","ο","O"
"9132","ὔ","O"
"9133","τοι","O"
"9134","ἔπι","O"
"9135","δέοϲ","O"
"9136",",","O"
"9137","ὄφρε","O"
"9138","ὖ","O"
"9139","εἰ","O"
"9140","δ","O"
"9141","ῶ","O"
"9142",",","O"
"9143","ὅϲϲον","O"
"9144","ἐγὼ","O"
"9145","μετὰ","O"
"9146","πᾶϲιν","O"
"9147","ἀτιμοτάτη","O"
"9148","θεόϲ","O"
"9149","είμι","O"
"9150","ἐπεὶ","O"
"9151","καὶ","O"
"9152","ἐντὸϲ","O"
"9153","ἄλλοιϲ","O"
"9154","ἔφη","O"
"9155","εἰρωτ","O"
"9156","ᾷϲ","O"
"9157","μ","O"
"9158","ἐλθόν","O"
"9159","τα","O"
"9160","θεὰ","O"
"9161","θεόν","O"
"9162",",","O"
"9163","αὐτὰρ","O"
"9164","ἐγ","O"
"9165","ώ","O"
"9166","τοι","O"
"9167","νημερτέωϲ","O"
"9168","τὸν","O"
"9169","μῦθον","O"
"9170","ἐνιϲπήϲω","O"
"9171",".","O"
"9172","καὶ","O"
"9173","τὸ","O"
"9174","εἴρεαι","O"
"9175","τοίνυν","O"
"9176","ὁππόθεν","O"
"9177","εἰμέν","O"
"9178","ἐ","O"
"9179","γ","O"
"9180","ὼ","O"
"9181","δέ","O"
"9182","κέ","O"
"9183","τοι","O"
"9184","καταλέξω","O"
"9185","οὕτωϲ","O"
"9186","ἀκουϲόμεθα","O"
"9187","·","O"
"9188","εἰ","O"
"9189","τἀληθὲϲ","O"
"9190","ἀκοῦϲαι","O"
"9191","βουλόμενοϲ","O"
"9192","ἐξετάκαὶ","O"
"9193","ζειϲ","O"
"9194",".","O"
"9195","καὶ","O"
"9196","τὸ","O"
"9197","ἑρμείαν","PERSON"
"9198","ἐρέεινε","O"
"9199","Καλυ","O"
"9200","ψ","O"
"9201","ὼ","O"
"9202","δῖα","O"
"9203","θεάων","O"
"9204","·","O"
"9205","ἐπάγει","O"
"9206","γὰρ","O"
"9207","α","O"
"9208","ὔδα","O"
"9209","ὃ","O"
"9210","τι","O"
"9211","φρονέειϲ","O"
"9212",".","O"
"9213","τὸ","O"
"9214","ἐνιϲπεῖν","O"
"9215","παραπληϲίωϲ","O"
"9216","οὐ","O"
"9217","μὴν","O"
"9218","ἁπλῶϲ","O"
"9219","τὸ","O"
"9220","εἰπεῖν","O"
"9221",",","O"
"9222","ἀλλ","O"
"9223","ἀληθῶϲ","O"
"9224","εἰπεῖν","O"
"9225","·","O"
"9226","εἴ","O"
"9227","κ","O"
"9228","ἐθέλ","O"
"9229","ῃϲθα","O"
"9230","κείνου","O"
"9231","λυγρὸν","O"
"9232","ὄλε","O"
"9233","θρον","O"
"9234","ἐνιϲπεῖν","O"
"9235","γ","O"
"9236",".","O"
"9237","δ","O"
"9238",",","O"
"9239","καὶ","O"
"9240","τὸ","O"
"9241","νημερτέωϲ","O"
"9242","τὸν","O"
"9243","μῦθον","O"
"9244","ἐνιϲπήϲω","O"
"9245",",","O"
"9246","ἀναμαρτήτωϲ","O"
"9247","τἀληθὲϲ","O"
"9248","ἐρῶ","O"
"9249","·","O"
"9250","κεῖται","O"
"9251","γὰρ","O"
"9252","ὡϲ","O"
"9253","εἰ","O"
"9254","ἔλεγεν","O"
"9255","ἐπαληθεύἐπαληθεύϲομαί","O"
"9256","τὸ","O"
"9257","ἔννεπε","O"
"9258","οὖν","O"
"9259","ἀληθῆ","O"
"9260","λέγε","O"
"9261","·","O"
"9262","τίϲ","O"
"9263","γὰρ","O"
"9264","τ","O"
"9265","ῶν","O"
"9266","ὄχ","O"
"9267","ἄριϲτοϲ","O"
"9268","ἔην","O"
"9269",",","O"
"9270","ϲύ","O"
"9271","μοι","O"
"9272","ἔννεπ","O"
"9273","ε","O"
"9274","Μοῦϲα","O"
"9275","Β","O"
"9276",",","O"
"9277","καὶ","O"
"9278","τὸ","O"
"9279","ἄειδε","O"
"9280","πάλιν","O"
"9281","ἀληθῆ","O"
"9282","ἐντὸϲ","O"
"9283","ποιήμαϲι","O"
"9284","λέγε","O"
"9285","·","O"
"9286","ἀοιδὴ","O"
"9287","γὰρ","O"
"9288","ἡ","O"
"9289","ποίηϲιϲ","O"
"9290",".","O"
"9291","εἰπὼν","O"
"9292","γοῦν","O"
"9293","ἀλλ","O"
"9294","ἄγε","O"
"9295","δὴ","O"
"9296","μετάβ","O"
"9297","ηθι","O"
"9298","καὶ","O"
"9299","ἵππου","O"
"9300","κόϲμον","O"
"9301","ἄειϲον","O"
"9302",",","O"
"9303","ἐπάγει","O"
"9304","·","O"
"9305","ἐπάγει","O"
"9306","·","O"
"9307","αἴ","O"
"9308","κεν","O"
"9309","δή","O"
"9310","μοι","O"
"9311","κατὰ","O"
"9312","μοῖ","O"
"9313","κα","O"
"9314","ταλέξῃϲ","O"
"9315","θ","O"
"9316",",","O"
"9317","ὅπερ","O"
"9318","ἐντὸϲ","O"
"9319","ἄλλοιϲ","O"
"9320","·","O"
"9321","πάντα","O"
"9322","κατ","O"
"9323","αἶϲαν","O"
"9324","ἕει","O"
"9325","—","O"
"9326","ἀ","O"
"9327","γακλεέϲ","O"
"9328",".","O"
"9329","τί","O"
"9330","οὖν","O"
"9331","τὸ","O"
"9332","κατ","O"
"9333","αἶϲαν","O"
"9334","εἰπεῖν","O"
"9335","οὐδ","O"
"9336","ἄν","O"
"9337","ἔγωγε","O"
"9338","ἄλλα","O"
"9339","πάρεξ","O"
"9340","εἴποιμι","O"
"9341","παρακλιδὸν","O"
"9342","οὐδ","O"
"9343","ἀ","O"
"9344","πατήϲω","O"
"9345","δ","O"
"9346","καὶ","O"
"9347","ὅταν","O"
"9348","δὲ","O"
"9349","προείπῃ","O"
"9350","εἶθαρ","O"
"9351","δὲ","O"
"9352","προϲῆύδα","O"
"9353",",","O"
"9354","τὸ","O"
"9355","εὐθὺ","O"
"9356","καὶ","O"
"9357","ἀληθὲϲ","O"
"9358","καὶ","O"
"9359","φανερὸν","O"
"9360","ἀκουϲόμεθα","O"
"9361",".","O"
"9362","πάλιν","O"
"9363","ἔφη","O"
"9364","ἔποϲ","O"
"9365","ἀντίον","O"
"9366","η","O"
"9367","ὔδα","O"
"9368",",","O"
"9369","ηὔδα","O"
"9370",",","O"
"9371","τὸ","O"
"9372","ἄντικρυϲ","O"
"9373","καὶ","O"
"9374","διαρρήδην","O"
"9375",",","O"
"9376","ὃ","O"
"9377","ἐντὸϲ","O"
"9378","ἔφη","O"
"9379","ἀν","O"
"9380","τικρ","O"
"9381","ὺ","O"
"9382","δ","O"
"9383","ἀ","O"
"9384","πόφημι","O"
"9385","τικρυ","O"
"9386","δ","O"
"9387","γὰρ","O"
"9388","εὐθέωϲ","O"
"9389","λόγου","O"
"9390","δύναμιϲ","O"
"9391","τὸ","O"
"9392","μὴ","O"
"9393","πάρεξ","O"
"9394","εἰπεῖν","O"
"9395","μηδὲ","O"
"9396","καὶ","O"
"9397","τὸ","O"
"9398","ἀντίον","O"
"9399","δὲ","O"
"9400","η","O"
"9401","ὔδα","O"
"9402","ἐξηγήϲατο","O"
"9403","·","O"
"9404","τῶν","O"
"9405","οὐδέν","O"
"9406","τοι","O"
"9407","ἐγ","O"
"9408","ὼν","O"
"9409","κρύ","O"
"9410","ψω","O"
"9411","ἔποϲ","O"
"9412","δ","O"
"9413","οἱ","O"
"9414","γὰρ","O"
"9415","ἰθὺ","O"
"9416","καὶ","O"
"9417","κατεναντίον","O"
"9418","ἰόντεϲ","O"
"9419","οὐ","O"
"9420","κρύπτονται","O"
"9421","ὡϲ","O"
"9422","οἱ","O"
"9423","κλέπτοντεϲ","O"
"9424",".","O"
"9425","ὅθεν","O"
"9426","τοῦ","O"
"9427","οὐκ","O"
"9428","ἀπατῶντοϲ","O"
"9429","μ","O"
"9430","ὴ","O"
"9431","κλέ","O"
"9432","πτε","O"
"9433","νό","O"
"9434","ῳ","O"
"9435","Α","O"
"9436",".","O"
"9437","τί","O"
"9438","οὖν","O"
"9439","τὸ","O"
"9440","ὅϲ","O"
"9441","χ","O"
"9442","ἕτερον","O"
"9443","μὲν","O"
"9444","κεύθει","O"
"9445","ἐνὶ","O"
"9446","φρεϲὶν","O"
"9447","ἄλλο","O"
"9448","δὲ","O"
"9449","β","O"
"9450","άζει","O"
"9451","Ι","O"
"9452","πάλιν","O"
"9453","ὁ","O"
"9454","ποιητὴϲ","O"
"9455",",","O"
"9456","τοῦ","O"
"9457","Ἀλγαμέμνονοϲ","O"
"9458","μέλλοντοϲ","O"
"9459","λέγειν","O"
"9460","πρὸϲ","O"
"9461","τὸν","O"
"9462","αἴ","O"
"9463","κεν","O"
"9464","δή","O"
"9465","μοι","O"
"9466","τάδε","O"
"9467","κατὰ","O"
"9468","μοῖ","O"
"9469","ραν","O"
"9470","ραν","O"
"9471","καταλέξῃϲ","O"
"9472",",","O"
"9473","ὅπερ","O"
"9474","ἐντὸϲ","O"
"9475","ἄλλοιϲ","O"
"9476","·","O"
"9477","πάντα","O"
"9478","κα","O"
"9479","τ","O"
"9480","αἶϲαν","O"
"9481","ἔειπεϲ","O"
"9482",",","O"
"9483","ἀ","O"
"9484","γα","O"
"9485","πεϲ","O"
"9486",",","O"
"9487","κλεέϲ","PERSON"
"9488",".","O"
"9489","τί","O"
"9490","οὖν","O"
"9491","τὸ","O"
"9492","κατ","O"
"9493","αἶϲαν","O"
"9494","εἰπεῖν","O"
"9495",";","O"
"9496","φηϲὶν","O"
"9497","οὐδ","O"
"9498","ἄν","O"
"9499","ἔγωγε","O"
"9500","ἄλλα","O"
"9501","πάρεξ","O"
"9502","εἴποιμι","O"
"9503","παρακλιδὸν","O"
"9504","οὐδ","O"
"9505","ἀπα","O"
"9506","τήϲω","O"
"9507","καὶ","O"
"9508","ὅταν","O"
"9509","δὲ","O"
"9510","προείκαὶ","O"
"9511","πῃ","O"
"9512","εἶθαρ","O"
"9513","δὲ","O"
"9514","προϲηύδα","O"
"9515",",","O"
"9516","τὸ","O"
"9517","εὐθὺ","O"
"9518","καὶ","O"
"9519","ἀληθὲϲ","O"
"9520","καὶ","O"
"9521","φανερὸν","O"
"9522","ἀκουϲόμεθα","O"
"9523",".","O"
"9524","ὅπερ","O"
"9525","πάλιν","O"
"9526","ἔφη","O"
"9527","ἔποϲ","O"
"9528","ἀντίον","O"
"9529","ἐξηγήϲατο","O"
"9530","τὸ","O"
"9531","ἄντικρυϲ","O"
"9532","καὶ","O"
"9533","διαρρήδην","O"
"9534",",","O"
"9535","ὅπερ","O"
"9536","ἐντὸϲ","O"
"9537","ἄλλοιϲ","O"
"9538","ἔφη","O"
"9539","ἄν","O"
"9540","ἄλλοιϲ","O"
"9541","ἀπόφημι","O"
"9542","·","O"
"9543","τοῦ","O"
"9544","γὰρ","O"
"9545","εὐτοῦ","O"
"9546","θέοϲ","O"
"9547","λόγου","O"
"9548","δύναμιϲ","O"
"9549","τὸ","O"
"9550","μὴ","O"
"9551","πόρεξ","O"
"9552","εἰπεῖν","O"
"9553","ἀλλὰ","O"
"9554","μηδὲ","O"
"9555","παρεκκλῖναι","O"
"9556",",","O"
"9557","καπαρεκκλῖναι","O"
"9558",".","O"
"9559","θάπερ","O"
"9560","ἐπὶ","O"
"9561","τῶν","O"
"9562","οὕτω","O"
"9563","βαδιζόντων","O"
"9564",".","O"
"9565","καὶ","O"
"9566","τὸ","O"
"9567","ἀντίον","O"
"9568","δὲ","O"
"9569","η","O"
"9570","ὔδα","O"
"9571","ἐξηγήϲατο","O"
"9572","·","O"
"9573","τῶν","O"
"9574","οὐδέν","O"
"9575","τοι","O"
"9576","ἐγ","O"
"9577","ὼ","O"
"9578","κρύ","O"
"9579","ψω","O"
"9580","ἔποϲ","O"
"9581","οὐδ","O"
"9582","ἐπικεύϲω","O"
"9583","·","O"
"9584","οἱ","O"
"9585","γὰρ","O"
"9586","ἰθὺ","O"
"9587","καὶ","O"
"9588","κατεναντίον","O"
"9589","ἰόντεϲ","O"
"9590","οὐ","O"
"9591","κρυπτά","O"
"9592","ἐπὶ","O"
"9593","ζονται","O"
"9594",",","O"
"9595","κρύπτουϲι","O"
"9596","δὲ","O"
"9597","μάλιϲτα","O"
"9598","οἱ","O"
"9599","κλέπτε","O"
"9600","κλέπτοντεϲ","O"
"9601",",","O"
"9602","ὅθεν","O"
"9603","ἐπὶ","O"
"9604","τοῦ","O"
"9605","ἀπατῶννόῳ","O"
"9606","τοϲ","O"
"9607","κλέπ","O"
"9608","τε","O"
"9609","νό","O"
"9610","ῳ","O"
"9611",".","O"
"9612","τί","O"
"9613","οὖν","O"
"9614","τὸ","O"
"9615","κλέπτε","O"
"9616","νόῳ","O"
"9617",";","O"
"9618","ὅϲ","O"
"9619","χ","O"
"9620","ἕτερον","O"
"9621","μὲν","O"
"9622","κε","O"
"9623","ύθῃ","O"
"9624","ἐνὶ","O"
"9625","φρεϲὶν","O"
"9626","ἄλλο","O"
"9627","δὲ","O"
"9628","εἴπῃ","O"
"9629",".","O"
"9630","μάντι","O"
"9631","κακ","O"
"9632","ῶν","O"
"9633",",","O"
"9634","οὐ","O"
"9635","πώ","O"
"9636","ποτέ","O"
"9637","μοι","O"
"9638","τὸ","O"
"9639","κρήγυον","O"
"9640","εἶπαϲ","O"
"9641","·","O"
"9642","αἰεί","O"
"9643","τοι","O"
"9644","τὰ","O"
"9645","κάκ","O"
"9646","ἐϲτὶ","O"
"9647","φίλα","O"
"9648","φρεϲὶ","O"
"9649","μαντεύεϲθαι","O"
"9650",",","O"
"9651","ἐϲθλ","O"
"9652","ὸν","O"
"9653","δ","O"
"9654","ὔτε","O"
"9655","τί","O"
"9656","πω","O"
"9657","εἶπεϲ","O"
"9658","ἔπ","O"
"9659","οϲ","O"
"9660","ὔτ","O"
"9661","ἐτέλεϲ","O"
"9662","ϲαϲ","O"
"9663","Α","O"
"9664",",","O"
"9665","καὶ","O"
"9666","διὰ","O"
"9667","τῆϲ","O"
"9668","κακῶν","O"
"9669","μάντιν","O"
"9670","κακῶν","O"
"9671","πολλάκιϲ","O"
"9672","ἀγορεύοντοϲ","O"
"9673",",","O"
"9674","προλέγων","O"
"9675","ὅτι","O"
"9676","τοιοῦτοι","O"
"9677","ἔϲονται","O"
"9678","οἱ","O"
"9679","λόγοι","O"
"9680","φηϲίν","O"
"9681","·","O"
"9682","Κάλχαντα","O"
"9683","μάντιν","O"
"9684","πρ","O"
"9685","ώτιϲτα","O"
"9686","κακοϲϲόμε","O"
"9687","νοϲ","O"
"9688","προϲέειπεν","O"
"9689","Α","O"
"9690",",","O"
"9691","οὐ","O"
"9692","κα","O"
"9693","ὑποβλεψάμενοϲ","O"
"9694","·","O"
"9695","οὐ","O"
"9696","γὰρ","O"
"9697","οἷόν","O"
"9698","τε","O"
"9699","τὸ","O"
"9700","κακῶϲ","O"
"9701","ϲυναλεῖψαι","O"
"9702","διὰ","O"
"9703","τὸ","O"
"9704","ϲύμφωνον","O"
"9705",",","O"
"9706","οὐδ","O"
"9707","ἐϲτιν","O"
"9708","ὅπου","O"
"9709","τὸ","O"
"9710","ὑπο","O"
"9711","βλέπεϲθαι","O"
"9712","ὄϲϲεϲθαι","O"
"9713","λέγει","O"
"9714",".","O"
"9715","ἀλλὰ","O"
"9716","ϲη","O"
"9717","μαίνει","O"
"9718","τὸ","O"
"9719","κακοϲϲὸμενοϲ","O"
"9720","ἐντὸϲ","O"
"9721","ϲυν","O"
"9722","θέτῳ","O"
"9723","ῥηθέν","O"
"9724","κακόμαντιν","O"
"9725","ἀπο","O"
"9726","ἐπεὶ","O"
"9727","γὰρ","O"
"9728","ὄϲϲα","O"
"9729","ἡ","O"
"9730","θεία","O"
"9731","φήμη","O"
"9732",",","O"
"9733","ἥν","O"
"9734","καὶ","O"
"9735","Διὸϲ","O"
"9736","ἄγγελον","O"
"9737","ἔφη","O"
"9738","μετὰ","O"
"9739","δέ","O"
"9740","ϲφιϲιν","O"
"9741","ὄϲϲα","O"
"9742","δεδήει","O"
"9743","ὀτρύνουϲ","O"
"9744","ἰέναι","O"
"9745",",","O"
"9746","Διὸϲ","O"
"9747","ἄγγελοϲ","O"
"9748","Β","O"
"9749","—","O"
"9750",",","O"
"9751","Διὸϲ","O"
"9752","δὲ","O"
"9753","ἄγγελοι","O"
"9754","καὶ","O"
"9755","οἱ","O"
"9756","Β","O"
"9757",".","O"
"9758","κακοϲϲόμενοϲ","O"
"9759","Α","O"
"9760",";","O"
"9761","τὸ","O"
"9762","κακοϲϲόμενοϲ","O"
"9763","οὐ","O"
"9764","ϲημαίκῶϲ","O"
"9765","νεῖ","O"
"9766","τὸ","O"
"9767","κακῶϲ","O"
"9768","ὑποβλεψάμενοϲ","O"
"9769","·","O"
"9770","οὐ","O"
"9771","γὰρ","O"
"9772","οἷόν","O"
"9773","τε","O"
"9774","τὸ","O"
"9775","κακῶϲ","O"
"9776","ϲυναλεῖψαι","O"
"9777",".","O"
"9778","διὰ","O"
"9779","τὸ","O"
"9780","ϲύμφωνον","O"
"9781",",","O"
"9782","οὐδ","O"
"9783","ἔϲτιν","O"
"9784","ὅπου","O"
"9785","τὸ","O"
"9786","ὑποβλέψαϲθαι","O"
"9787","ὄϲϲεϲθαι","O"
"9788","λέγει","O"
"9789","ἀλλὰ","O"
"9790","ϲημαίνει","O"
"9791","τὸ","O"
"9792","κακοϲϲὸμενοϲ","O"
"9793","ἐν","O"
"9794","ϲυνθέτῳ","O"
"9795","γὰρ","O"
"9796","εἴρηται","O"
"9797","κακόμανκαλεῖ","O"
"9798",".","O"
"9799","τιϲ","O"
"9800",".","O"
"9801","ἐπεὶ","O"
"9802","γὰρ","O"
"9803","ὄϲϲα","O"
"9804","ἡ","O"
"9805","θεία","O"
"9806","φωνή","O"
"9807",",","O"
"9808","ἥν","O"
"9809","καὶ","O"
"9810","Διὸϲ","O"
"9811","ἄγγελον","O"
"9812","ἔφη","O"
"9813","μετὰ","O"
"9814","δέ","O"
"9815","ϲφιϲιν","O"
"9816","ὄϲϲα","O"
"9817","δεδήει","O"
"9818",",","O"
"9819","ὀτρύν","O"
"9820","ουϲ","O"
"9821","ἰἐναι","O"
"9822",",","O"
"9823","Διὸϲ","O"
"9824","ἄγγελοϲ","O"
"9825",",","O"
"9826","Διὸϲ","O"
"9827","δὲ","O"
"9828","ἄγγελοι","O"
"9829","καὶ","O"
"9830","οἱ","O"
"9831","μάντειϲ","O"
"9832","καὶ","O"
"9833","τῆϲ","O"
"9834","μάντειϲ","O"
"9835","καὶ","O"
"9836","τῆϲ","O"
"9837","ὀπὸϲ","O"
"9838","τῶν","O"
"9839","θεῶν","O"
"9840","ἀκούουϲιν","O"
"9841",",","O"
"9842","ἥτιϲ","O"
"9843","ἐϲτὶν","O"
"9844","ὄϲϲα","O"
"9845","ὣϲ","O"
"9846","γὰρ","O"
"9847","ὄπ","O"
"9848","ἄκουϲα","O"
"9849","θεῶν","O"
"9850","Η","O"
"9851",",","O"
"9852","ἀπὸ","O"
"9853","τῆϲ","O"
"9854","ὄϲϲηϲ","O"
"9855","πεποίηται","O"
"9856","τὸ","O"
"9857","κα","O"
"9858","κοϲϲόμενοϲ","O"
"9859",",","O"
"9860","ἤτοι","O"
"9861","ὡϲ","O"
"9862","κακόμαντιν","O"
"9863","αὐτὸν","O"
"9864","ὀνειδίζων","O"
"9865",",","O"
"9866","ὡϲ","O"
"9867","εἰ","O"
"9868","ἔλεγε","O"
"9869","·","O"
"9870","κα","O"
"9871","κὸν","O"
"9872","ἄγγελον","O"
"9873","τῆϲ","O"
"9874","Διὸϲ","O"
"9875","ὄϲϲηϲ","O"
"9876","ἀπὸ","O"
"9877","καλῶν","O"
"9878",".","O"
"9879","οὐ","O"
"9880","γάρ","O"
"9881","ἐϲτιν","O"
"9882","ἁπλῶϲ","O"
"9883","κακο","O"
"9884","λογῶν","O"
"9885",",","O"
"9886","ὅτι","O"
"9887","οὐδ","O"
"9888","ὄϲϲαν","O"
"9889","ἁπλῶϲ","O"
"9890","τὴν","O"
"9891","φωνὴν","O"
"9892","ϲημαίνει","O"
"9893","ἀλλὰ","O"
"9894","τὴν","O"
"9895","θείαν","O"
"9896",",","O"
"9897","ἀλλ","O"
"9898","ὡϲ","O"
"9899","ἐπὶ","O"
"9900","κακῷ","O"
"9901","χρώμιενον","O"
"9902","τῇ","O"
"9903","θείᾳ","O"
"9904","λοιδορῶν","O"
"9905",".","O"
"9906","καὶ","O"
"9907","ἐντὸϲ","O"
"9908","ἄλλοιϲ","O"
"9909","·","O"
"9910","οὐ","O"
"9911","μὲν","O"
"9912","γάρ","O"
"9913","τοι","O"
"9914","ἐγὼ","O"
"9915","κακὸν","O"
"9916","ὀϲϲο","O"
"9917","τόδ","O"
"9918","ἱκάνω","O"
"9919",",","O"
"9920","ἀλλ","O"
"9921","ἀγαθὰ","O"
"9922","φρονἐουϲα","O"
"9923","Ω","O"
"9924",",","O"
"9925","οὐ","O"
"9926","κακὸν","O"
"9927","καὶ","O"
"9928","ὀϲϲόμενοϲ","O"
"9929","πατέρ","O"
"9930","ἐϲθλ","O"
"9931","ὸν","O"
"9932","ἐνὶ","O"
"9933","φρεϲίν","O"
"9934","α","O"
"9935",",","O"
"9936","ἤτοι","O"
"9937","ἐντὸϲ","O"
"9938","ἑαυτῷ","O"
"9939","κληδονιζόμενοϲ","O"
"9940","καὶ","O"
"9941","εὐχόμενοϲ","O"
"9942","θείαϲ","O"
"9943","τυχεῖν","O"
"9944","φήμηϲ","O"
"9945","τῆϲ","O"
"9946","ἐπανόδου","O"
"9947","τοῦ","O"
"9948","πατρόϲ","O"
"9949",".","O"
"9950","καὶ","O"
"9951","τὸ","O"
"9952","ὔποτέ","O"
"9953","μοι","O"
"9954","θάνατον","O"
"9955","προ","O"
"9956","ὀπὸϲ","O"
"9957","τῶν","O"
"9958","θεῶν","O"
"9959","ἀκούουϲιν","O"
"9960",",","O"
"9961","ἥτιϲ","O"
"9962","ἐϲτὶν","O"
"9963","ὄϲϲα","O"
"9964","ὣϲ","O"
"9965","γὰρ","O"
"9966","ἐγὼν","O"
"9967","ὄ","O"
"9968","π","O"
"9969","ἄκουϲα","O"
"9970","θεῶν","O"
"9971",",","O"
"9972","ἀπὸ","O"
"9973","τῆϲ","O"
"9974","ὄϲϲηϲ","O"
"9975","πεποίηκε","O"
"9976","τὸ","O"
"9977","κακοϲϲόμενοϲ","O"
"9978",",","O"
"9979","ἀντὶ","O"
"9980","τοῦ","O"
"9981","ὡϲ","O"
"9982","κακόμαντιν","O"
"9983","αὐτὸν","O"
"9984","ὀνειδίζων","O"
"9985",",","O"
"9986","ὡϲ","O"
"9987","εἰ","O"
"9988","ἔλεγε","O"
"9989","·","O"
"9990","κακὸν","O"
"9991","ἄγγελον","O"
"9992","τῆϲ","O"
"9993","Διὸϲ","O"
"9994","ὄϲϲηϲ","O"
"9995","ἀποκαλῶν","O"
"9996",".","O"
"9997","οὐδὲ","O"
"9998","γάρ","O"
"9999","ἐϲτιν","O"
"10000","ἁπλῶϲ","O"
"10001","κακολογῶν","O"
"10002",",","O"
"10003","ὅτι","O"
"10004","οὐδὲ","O"
"10005","ὄϲϲαν","O"
"10006","ἁπλῶϲ","O"
"10007","τὴν","O"
"10008","φωνὴν","O"
"10009","ϲημαίνει","O"
"10010",",","O"
"10011","ἀλλὰ","O"
"10012","τὴν","O"
"10013","θείαν","O"
"10014","ἀλλ","O"
"10015","ἔϲτιν","O"
"10016","ὡϲ","O"
"10017","ἐπὶ","O"
"10018","κακῷ","O"
"10019","χρώμενον","O"
"10020","τῇ","O"
"10021","θείᾳ","O"
"10022","φωνῇ","O"
"10023","λοιφωνῇ","O"
"10024","δορῶν","O"
"10025",".","O"
"10026","εἴρηται","O"
"10027","δὲ","O"
"10028","καὶ","O"
"10029","ἐντὸϲ","O"
"10030","ἄλλοιϲ","O"
"10031","·","O"
"10032","ο","O"
"10033","ὐ","O"
"10034","μὲν","O"
"10035","γάρ","O"
"10036","τοι","O"
"10037","ἐγ","O"
"10038","ὼ","O"
"10039","κακὸν","O"
"10040","ὀϲϲο","O"
"10041","μένη","O"
"10042","μένη","O"
"10043","τὸδ","O"
"10044","ἱκάνω","O"
"10045",",","O"
"10046","ἀλλ","O"
"10047","ἀγαθὰ","O"
"10048","φορέουϲα","O"
"10049",",","O"
"10050","οὐ","O"
"10051","κακὸν","O"
"10052","κληδονιζο","O"
"10053","κληδονιζομένη","O"
"10054",",","O"
"10055","μένη","O"
"10056",".","O"
"10057","καὶ","O"
"10058","ὀϲϲόμενοϲ","O"
"10059","πατέρ","O"
"10060","ἐϲθλ","O"
"10061","ὸν","O"
"10062","ἐνὶ","O"
"10063","φρεϲί","O"
"10064","ϲημαίνει","O"
"10065","·","O"
"10066","ὁ","O"
"10067","ἐντὸϲ","O"
"10068","αὑτῷ","O"
"10069","κληδονιζόμενοϲ","O"
"10070","καὶ","O"
"10071","εὐχόμενοϲ","O"
"10072","θείαϲ","O"
"10073","τυχεῖν","O"
"10074","φήμηϲ","O"
"10075","περὶ","O"
"10076","τῆϲ","O"
"10077","ἐπανπερὶ","O"
"10078","όδου","O"
"10079","τοῦ","O"
"10080","πατρὸϲ","O"
"10081",".","O"
"10082","καὶ","O"
"10083","τὸ","O"
"10084","ὔ","O"
"10085","ποτέ","O"
"10086","μοι","O"
"10087","προτιόϲϲετο","O"
"10088","θυμόϲ","O"
"10089","ἀντὶ","O"
"10090","τιόϲϲετο","O"
"10091","θυμόϲ","O"
"10092","ξ","O"
"10093",",","O"
"10094","ἀντὶ","O"
"10095","τοῦ","O"
"10096","προεμαντεύετο","O"
"10097",".","O"
"10098","καὶ","O"
"10099","ἔτι","O"
"10100","μᾶλλον","O"
"10101","τῆϲ","O"
"10102","ὄϲϲηϲ","O"
"10103","τὸ","O"
"10104","ὄϲϲεϲθαι","O"
"10105","αὐτὸϲ","O"
"10106","ἐδή","O"
"10107","λωϲεν","O"
"10108","ἐπὶ","O"
"10109","τῶν","O"
"10110","μνηϲτήρων","O"
"10111","λέγων","O"
"10112","ἐϲ","O"
"10113","δἰδέτην","O"
"10114","πάντων","O"
"10115","κεφαλάϲ","O"
"10116",",","O"
"10117","ϲϲοντο","O"
"10118","δ","O"
"10119","ὄλεθρον","O"
"10120","β","O"
"10121",",","O"
"10122","ὃ","O"
"10123","ἄλλου","O"
"10124","ἐξηγήϲατο","O"
"10125","εἰπών","O"
"10126","·","O"
"10127","Ξάν","O"
"10128","θε","O"
"10129",",","O"
"10130","τί","O"
"10131","μοι","O"
"10132","θάνατον","O"
"10133","μαντεύεαι","O"
"10134","Τ","O"
"10135",";","O"
"10136","τὴν","O"
"10137","δὲ","O"
"10138","ὄϲϲαν","O"
"10139","ὅτι","O"
"10140","θεία","O"
"10141","φωνὴ","O"
"10142","ἐξηγεῖται","O"
"10143","λέγων","O"
"10144","·","O"
"10145","ἢ","O"
"10146","ὄϲϲαν","O"
"10147","ύϲῃϲ","O"
"10148","ἐκ","O"
"10149","Διόϲ","O"
"10150","α","O"
"10151",".","O"
"10152","λέγει","O"
"10153","δὲ","O"
"10154","αὐτὴν","O"
"10155","καὶ","O"
"10156","κληδόνα","O"
"10157","·","O"
"10158","ἦλθον","O"
"10159",",","O"
"10160","εἴ","O"
"10161","τινά","O"
"10162","μοι","O"
"10163","κληδόνα","O"
"10164","πατρὸϲ","O"
"10165","ἐνίϲποιϲ","O"
"10166","δ","O"
"10167",".","O"
"10168","κληδών","O"
"10169","δὲ","O"
"10170","παρὰ","O"
"10171","τὸ","O"
"10172","κλέοϲ","O"
"10173","διδόναι","O"
"10174","καὶ","O"
"10175","φέρειν","O"
"10176","·","O"
"10177","ἢ","O"
"10178","ὄϲ","O"
"10179","ϲαν","O"
"10180","ἀκούϲηϲ","O"
"10181",",","O"
"10182","ἥ","O"
"10183","τε","O"
"10184","κλέοϲ","O"
"10185","μά","O"
"10186","λιϲτα","O"
"10187","φέρει","O"
"10188","ἀνθρ","O"
"10189","ώποιϲι","O"
"10190","α","O"
"10191",".","O"
"10192",",","O"
"10193","καὶ","O"
"10194","αὐτὸϲ","O"
"10195","ὁ","O"
"10196","Τηλέμαχοϲ","PERSON"
"10197","πα","O"
"10198","τρὸϲ","O"
"10199","ἐμο","O"
"10200","ῦ","O"
"10201",",","O"
"10202","φηϲὶ","O"
"10203",",","O"
"10204","κλἐοϲ","PERSON"
"10205","εὐρ","O"
"10206","ὺ","O"
"10207","μετέρχομαι","O"
"10208","γ","O"
"10209",",","O"
"10210","καὶ","O"
"10211","ᾤ","O"
"10212","μετὰ","O"
"10213","ϲὸν","O"
"10214","κλέοϲ","PERSON"
"10215","νοϲ","O"
"10216","μετὰ","O"
"10217","ϲὸν","O"
"10218","κλέοϲ","PERSON"
"10219",",","O"
"10220","εἴ","O"
"10221","που","O"
"10222","ν","O"
"10223",",","O"
"10224","καὶ","O"
"10225","ἡ","O"
"10226","μεγάλη","O"
"10227","καὶ","O"
"10228","ἔνδοξοϲ","O"
"10229","φήμη","O"
"10230","μέγα","O"
"10231","κλέοϲ","O"
"10232","·","O"
"10233","πεύθετο","O"
"10234","γὰρ","O"
"10235","μέγα","O"
"10236","κλέοϲ","O"
"10237","Λ","O"
"10238",".","O"
"10239","δὲ","O"
"10240","ὄϲϲαν","O"
"10241",",","O"
"10242","οὖϲαν","O"
"10243","θείαν","O"
"10244","φωνήν","O"
"10245",",","O"
"10246","καὶ","O"
"10247","ὀμφὴν","O"
"10248","προϲαγορεύει","O"
"10249","·","O"
"10250","θείη","O"
"10251","δέ","O"
"10252","μιν","O"
"10253","ἀμφέχυτ","O"
"10254","ὀμφή","O"
"10255","Β","O"
"10256","καὶ","O"
"10257","ἔν","O"
"10258","θα","O"
"10259","παν","O"
"10260","ομφαί","O"
"10261","ῳ","O"
"10262","Ζηνὶ","GOD"
"10263","ῥέζε","O"
"10264","τοῦ","O"
"10265","προεμαντεύετο","O"
"10266",".","O"
"10267","καὶ","O"
"10268","ὅτι","O"
"10269","μᾶλλον","O"
"10270","ἀπὸ","O"
"10271","ἀπὸ","O"
"10272","τῆϲ","O"
"10273","ὄϲϲηϲ","O"
"10274","τὸ","O"
"10275","ὄϲϲεϲθαι","O"
"10276",",","O"
"10277","αὐτὸϲ","O"
"10278","ἐδήλωϲεν","O"
"10279","ἐπὶ","O"
"10280","τῶν","O"
"10281","μνηϲτήρων","O"
"10282","λέγων","O"
"10283","ἐϲ","O"
"10284","δἰδέτην","O"
"10285","πάντων","O"
"10286","κεφα","O"
"10287","λάϲ","O"
"10288",",","O"
"10289","ὄϲϲοντο","O"
"10290","δ","O"
"10291","ὄλεθρον","O"
"10292",",","O"
"10293","τουτέϲτιν","O"
"10294","ἐμαντεύοντο","O"
"10295","τοῖϲ","O"
"10296","μνηϲτῆρϲιν","O"
"10297","ὄλεἐπ","O"
"10298","θρον","O"
"10299",".","O"
"10300","τοῦτο","O"
"10301","ἐπ","O"
"10302","ἄλλου","O"
"10303","ἐξηγήϲατο","O"
"10304","εἰπών","O"
"10305","Ξάνθε","O"
"10306",",","O"
"10307","τί","O"
"10308","μοι","O"
"10309","θάνατον","O"
"10310","μαντεύεαι","O"
"10311",";","O"
"10312","τὴν","O"
"10313","δὲ","O"
"10314","ὄϲϲαν","O"
"10315","ὅτι","O"
"10316","θεία","O"
"10317","φωνή","O"
"10318",",","O"
"10319","ἐξηγεῖται","O"
"10320","λέγων","O"
"10321","·","O"
"10322","ἤ","O"
"10323","ὄϲ","O"
"10324","ἀκο","O"
"10325","ϲαν","O"
"10326","ἀκούϲαϲ","O"
"10327","ἐκ","O"
"10328","Διόϲ","O"
"10329",".","O"
"10330","λέγει","O"
"10331","δὲ","O"
"10332","αὐτὴν","O"
"10333","καὶ","O"
"10334","κληδόνα","O"
"10335","·","O"
"10336","ἤλυθον","O"
"10337",",","O"
"10338","εἴ","O"
"10339","τινά","O"
"10340","μοι","O"
"10341","καὶ","O"
"10342","κληδόνα","O"
"10343","πατρὸϲ","O"
"10344","ἐνίϲ","O"
"10345","ποιϲ","O"
"10346",".","O"
"10347","κληδών","O"
"10348","δὲ","O"
"10349","παρὰ","O"
"10350","τὸ","O"
"10351","κλέοϲ","O"
"10352","διδόναι","O"
"10353","καὶ","O"
"10354","φέρειν","O"
"10355","·","O"
"10356","ἢ","O"
"10357","ὄϲϲαν","O"
"10358","ἀκούϲαϲ","O"
"10359",",","O"
"10360","ἥ","O"
"10361","τε","O"
"10362","κλέοϲ","O"
"10363","μάλιϲτα","O"
"10364","φέρει","O"
"10365","ἀνθρώποιϲι","O"
"10366",".","O"
"10367","καὶ","O"
"10368","αὐτὸϲ","O"
"10369","ὁ","O"
"10370","Πηλέμαχοϲ","O"
"10371","πατρὸϲ","O"
"10372","ἐμο","O"
"10373","ῦ","O"
"10374",",","O"
"10375","φηϲὶ","O"
"10376",",","O"
"10377","κλέοϲ","O"
"10378","εὐρ","O"
"10379","ὺμετέρχομαι","O"
"10380",",","O"
"10381","ἤν","O"
"10382","που","O"
"10383","χετο","O"
"10384","ἀκούϲ","O"
"10385","ω","O"
"10386",",","O"
"10387","καὶ","O"
"10388","ᾤ","O"
"10389","χετο","O"
"10390","πευϲόμε","O"
"10391","πευϲόμενοϲ","O"
"10392","ἔτ","O"
"10393","εἴηϲ","O"
"10394",".","O"
"10395","καὶ","O"
"10396","ἡ","O"
"10397","μεγάλη","O"
"10398","καὶ","O"
"10399","ἔνδοξοϲ","O"
"10400","φήμη","O"
"10401","καὶ","O"
"10402","κληδὼν","O"
"10403","μέγα","O"
"10404","κλέοϲ","O"
"10405","·","O"
"10406","πεύ","O"
"10407","ύπρονδε","O"
"10408","θετο","O"
"10409","γὰρ","O"
"10410","Κ","O"
"10411","προνδε","O"
"10412","μέγα","O"
"10413","κλέοϲ","O"
"10414",",","O"
"10415","ο","O"
"10416","ὕνεκ","O"
"10417","Ἀχαιοὶ","NORP"
"10418","νήεϲϲ","O"
"10419","ἐϲ","O"
"10420","Τροίαν","GPE"
"10421","ἀναπλεύϲαϲθαι","O"
"10422","ἔ","O"
"10423","τὴν","O"
"10424","μελλον","O"
"10425",".","O"
"10426","τὴν","O"
"10427","δὲ","O"
"10428","ὄϲϲαν","O"
"10429",",","O"
"10430","οὖϲαν","O"
"10431","θείαν","O"
"10432","φωνήν","O"
"10433",",","O"
"10434","καὶ","O"
"10435","ὀμφὴν","O"
"10436","προϲαγορεύει","O"
"10437","·","O"
"10438","θείη","O"
"10439","δέ","O"
"10440","μιν","O"
"10441","ἀμφέχυτ","O"
"10442","ὀμρ","O"
"10443","ή","O"
"10444",",","O"
"10445","καὶ","O"
"10446","τὸ","O"
"10447","ἔνθα","O"
"10448","πανομφαί","O"
"10449","ῳ","O"
"10450","Ζηνὶ","GOD"
"10451","ϲκον","O"
"10452","Ἀχαιοί","NORP"
"10453","Θ","O"
"10454",",","O"
"10455","ἐπεὶ","O"
"10456","καὶ","O"
"10457","ἡ","O"
"10458","ὄϲϲα","O"
"10459","καὶ","O"
"10460","η","O"
"10461","ὀμφὴ","O"
"10462","Διὸϲ","O"
"10463","ἄγγελοι","O"
"10464",".","O"
"10465","ἔϲτι","O"
"10466","δέ","O"
"10467","τιϲ","O"
"10468","ἄλλη","O"
"10469","δήμου","O"
"10470","φήμη","O"
"10471","ἡ","O"
"10472","ὑπὸ","O"
"10473","οϲ","O"
"10474","ἀγγελίαϲ","O"
"10475","·","O"
"10476","εὐνήν","O"
"10477","τ","O"
"10478","αἰθομένη","O"
"10479","πόϲιοϲ","O"
"10480","δήμοιό","O"
"10481","τε","O"
"10482","τινοϲ","O"
"10483","φήμην","O"
"10484","π","O"
"10485","ιϲ","O"
"10486",".","O"
"10487","καὶ","O"
"10488","ἀγορὰ","O"
"10489","πολύφημοϲ","O"
"10490","β","O"
"10491","ἐντὸϲ","O"
"10492","πολλὰ","O"
"10493","φατίζεται","O"
"10494",".","O"
"10495","ἤδη","O"
"10496","δὲ","O"
"10497","καὶ","O"
"10498","τὴν","O"
"10499","κληδόνα","O"
"10500","φήμην","O"
"10501","που","O"
"10502","εἴρηκε","O"
"10503","·","O"
"10504","φήμήν","O"
"10505","δ","O"
"10506","ἐξ","O"
"10507","οἴκοιο","O"
"10508","γυνὴ","O"
"10509","προέη","O"
"10510","κεν","O"
"10511","ἀλετρίϲ","O"
"10512","υ","O"
"10513",".","O"
"10514","ὥϲτε","O"
"10515","ὄϲϲα","O"
"10516","μὲν","O"
"10517","καὶ","O"
"10518","ὀμφή","O"
"10519","καὶ","O"
"10520","κληδ","O"
"10521","ὠν","O"
"10522","ἐπὶ","O"
"10523","τοῦ","O"
"10524","αὐτοῦ","O"
"10525",",","O"
"10526","φήμη","O"
"10527","δὲ","O"
"10528","ἐπὶ","O"
"10529","τῆϲ","O"
"10530","θείαϲ","O"
"10531","κληδόνοϲ","O"
"10532","καὶ","O"
"10533","τῆϲ","O"
"10534","ἀνθρωπίνηϲ","O"
"10535","δια","O"
"10536","οἱεται","O"
"10537","γὰρ","O"
"10538","φωνὴν","O"
"10539","εἰναι","O"
"10540","ὔμηροϲ","O"
"10541",",","O"
"10542","ἧϲ","O"
"10543","τοὺϲ","O"
"10544","μάντειϲ","O"
"10545","ὣϲ","O"
"10546","γὰρ","O"
"10547","ἐγών","O"
"10548","ὸ","O"
"10549","π","O"
"10550","ἄκουϲα","O"
"10551","θεῶν","O"
"10552","Η","O"
"10553","—","O"
"10554",",","O"
"10555","ταύτην","O"
"10556","διαδίδοϲθαι","O"
"10557","μηδενὸϲ","O"
"10558","προκατάρ","O"
"10559","ξαντοϲ","O"
"10560","ἀνθρώπου","O"
"10561","·","O"
"10562","ὄϲϲα","O"
"10563","δ","O"
"10564","ἄρ","O"
"10565","ἄγγελοϲ","O"
"10566","ὧκα","O"
"10567","κατὰ","O"
"10568","πόλιν","O"
"10569","ῷχε","O"
"10570","τὸ","O"
"10571","πάντη","O"
"10572",",","O"
"10573","μνηϲτήρων","O"
"10574","ϲτυγε","O"
"10575","θάνατον","O"
"10576","καὶ","O"
"10577","κρ","O"
"10578","ἐννἐπουϲα","O"
"10579","ω","O"
"10580",".","O"
"10581","παρὰ","O"
"10582","γὰρ","O"
"10583","τὴν","O"
"10584","ὄπα","O"
"10585","τὸ","O"
"10586","ἐννέ","O"
"10587","πουϲα","O"
"10588",".","O"
"10589","τὸ","O"
"10590","μὲν","O"
"10591","οὖν","O"
"10592","κακοϲϲόμενοϲ","O"
"10593","ϲημαίνει","O"
"10594","τὸ","O"
"10595","εἰρημένον","O"
"10596",",","O"
"10597","τὸ","O"
"10598","δὲ","O"
"10599","κρ","O"
"10600","ή","O"
"10601","γύον","O"
"10602","Α","O"
"10603","οὐκ","O"
"10604","οἶδ","O"
"10605","ὅπωϲ","O"
"10606","τὸ","O"
"10607","ὸέζεϲκον","O"
"10608","Ἀχαιοί","NORP"
"10609",",","O"
"10610","ἐπειδὴ","O"
"10611","ἡ","O"
"10612","ὄϲϲα","O"
"10613","καὶ","O"
"10614","ἡ","O"
"10615","ὀμφὴ","O"
"10616","Διὸϲ","O"
"10617","ἄγγελόϲ","O"
"10618","ἐϲτιν","O"
"10619",".","O"
"10620","ἔϲτι","O"
"10621","δέ","O"
"10622","τιϲ","O"
"10623","ἄλλη","O"
"10624","ἡ","O"
"10625","δήμου","O"
"10626","φήμη","O"
"10627",",","O"
"10628","ἡ","O"
"10629","ὑπὸ","O"
"10630","τοῦ","O"
"10631","δήμου","O"
"10632","διαδιδομένη","O"
"10633","περί","O"
"10634","ἀγγελία","O"
"10635",",","O"
"10636","ὡϲ","O"
"10637","τὸ","O"
"10638","εὐνήν","O"
"10639","τ","O"
"10640","αἰ","O"
"10641","δομένη","O"
"10642","πόϲιοϲ","O"
"10643","δήμοιό","O"
"10644","τε","O"
"10645","φή","O"
"10646","μήν","O"
"10647",",","O"
"10648","δήμου","O"
"10649","φήμη","O"
"10650",".","O"
"10651","καὶ","O"
"10652","ἀγορὰ","O"
"10653","πολύ","O"
"10654","ᾗ","O"
"10655","καὶ","O"
"10656","πάλιν","O"
"10657","χαλεπ","O"
"10658","ὴ","O"
"10659","δ","O"
"10660","ἔχε","O"
"10661","φημοϲ","O"
"10662",",","O"
"10663","ἐντὸϲ","O"
"10664","ᾗ","O"
"10665","πολλὰ","O"
"10666","φατίζεται","O"
"10667",".","O"
"10668","ἤδη","O"
"10669","δὲ","O"
"10670","φήμην","O"
"10671","καὶ","O"
"10672","τὴν","O"
"10673","κληδόνα","O"
"10674","που","O"
"10675","εἴρηκεν","O"
"10676","·","O"
"10677","φήμην","O"
"10678","δ","O"
"10679","ἐξ","O"
"10680","οἴκοιο","O"
"10681","γυνὴ","O"
"10682","προέηκεν","O"
"10683","ἀλετρίϲ","O"
"10684","·","O"
"10685","ὥὑϲτε","O"
"10686","ἄϲϲα","O"
"10687","μὲν","O"
"10688","καὶ","O"
"10689","ὀμφή","O"
"10690","καὶ","O"
"10691","κληδ","O"
"10692","ών","O"
"10693","ἐπὶ","O"
"10694","τοῦ","O"
"10695","αὐτοῦ","O"
"10696",",","O"
"10697","φήμη","O"
"10698","δὲ","O"
"10699","καὶ","O"
"10700","ἐπὶ","O"
"10701","τῆϲ","O"
"10702","θείαϲ","O"
"10703","κληδόνοϲ","O"
"10704","καὶ","O"
"10705","ἐπὶ","O"
"10706","τῆϲ","O"
"10707","ἀνθρωλαλήϲεωϲ","O"
"10708","·","O"
"10709","πίνηϲ","O"
"10710","διαλαλήϲεωϲ","O"
"10711","·","O"
"10712","οιεται","O"
"10713","γὰρ","O"
"10714","θείαν","O"
"10715","εἶναι","O"
"10716","φωνὴν","O"
"10717","Ὅμηρὸϲ","O"
"10718",",","O"
"10719","ἧϲ","O"
"10720","τοὸϲ","O"
"10721","μάνἀκούειν","O"
"10722","τειϲ","O"
"10723","ἀκούειν","O"
"10724","ὣϲ","O"
"10725","γὰρ","O"
"10726","ἐγών","O"
"10727","π","O"
"10728","ἄκουϲα","O"
"10729","θεῶν","O"
"10730","—","O"
"10731",",","O"
"10732","ταύτην","O"
"10733","δὲ","O"
"10734","μεταδὲ","O"
"10735","δίδοϲθαι","O"
"10736","μηδενὸϲ","O"
"10737","προκατάρξαντοϲ","O"
"10738","ἀνθρώπου","O"
"10739","ἐκ","O"
"10740","τῆϲοίκείαϲ","O"
"10741","βουλήϲεωϲ","O"
"10742","·","O"
"10743","ὄϲϲα","O"
"10744","δ","O"
"10745","ἄρ","O"
"10746","ἄγγελοϲ","O"
"10747","ὧκα","O"
"10748","κατὰ","O"
"10749","πτόλιν","O"
"10750","ᾤ","O"
"10751","χετο","O"
"10752","πάντη","O"
"10753",",","O"
"10754","μνηϲτή","O"
"10755","ρὸν","O"
"10756","ρων","O"
"10757","ϲτυγερὸν","O"
"10758","θάνατον","O"
"10759","καὶ","O"
"10760","κῆρ","O"
"10761","ἐνέπουϲα","O"
"10762",",","O"
"10763","παρὰ","O"
"10764","γὰρ","O"
"10765","τὴν","O"
"10766","ὄπα","O"
"10767","τὸ","O"
"10768","ἐνέπουϲα","O"
"10769",".","O"
"10770","τὸ","O"
"10771","μὲν","O"
"10772","κακοϲϲμενοϲ","O"
"10773","ϲημαίνεῖ","O"
"10774","τὸ","O"
"10775","εἰρημένον","O"
"10776",",","O"
"10777","τὸ","O"
"10778","δὲ","O"
"10779","κρήγυον","NORP"
"10780","οὐκ","O"
"10781","οἶδ","O"
"10782","ὅπωϲ","O"
"10783","ϲημαίνειν","O"
"10784","τὸ","O"
"10785","ἀληθέϲ","O"
"10786","ἀληθέϲ","O"
"10787","δηλοῦν","O"
"10788","ἀποδεδώκαϲιν","O"
"10789",",","O"
"10790","οὐτοῦ","O"
"10791","ἀντιτιθέντοϲ","O"
"10792","οὐ","O"
"10793","τῷ","O"
"10794","ψευδεῖ","O"
"10795","ἀλλὰ","O"
"10796","τῷ","O"
"10797","κακῷ","O"
"10798","τὸ","O"
"10799","κρή","NORP"
"10800","γυον","O"
"10801","·","O"
"10802","ἀντίκειται","O"
"10803","δὲ","O"
"10804","τῷ","O"
"10805","κακῷ","O"
"10806","οὐ","O"
"10807","τὸ","O"
"10808","ἀληθὲϲ","O"
"10809","ἀλλὰ","O"
"10810","τὸ","O"
"10811","οὐπώποτέ","O"
"10812","μοι","O"
"10813","τὸ","O"
"10814","κρήγυον","NORP"
"10815","ἕει","O"
"10816","παϲ","O"
"10817",",","O"
"10818","αἰεί","O"
"10819","τοι","O"
"10820","τὰ","O"
"10821","κάκ","O"
"10822","ἐϲτὶ","O"
"10823","φίλα","O"
"10824","φρεϲὶ","O"
"10825","μαν","O"
"10826","τεύεϲθαι","O"
"10827",".","O"
"10828","ἔϲτι","O"
"10829","δὲ","O"
"10830","κρήγυον","NORP"
"10831","τὸ","O"
"10832","τῷ","O"
"10833","κέαρι","O"
"10834","ἡδὺ","O"
"10835","προϲηνέϲ","O"
"10836",",","O"
"10837","ὃ","O"
"10838","ταὐτὸν","O"
"10839","τῷ","O"
"10840","θυμῆρεϲ","O"
"10841",".","O"
"10842","καὶ","O"
"10843","ἐντὸϲ","O"
"10844","ἄλλῳ","O"
"10845","·","O"
"10846","ο","O"
"10847","ὐδέ","O"
"10848","τί","O"
"10849","πω","O"
"10850","παρὰ","O"
"10851","μοῖραν","O"
"10852","ἔποϲ","O"
"10853","νηκερδὲϲ","O"
"10854","ἔειπεϲ","O"
"10855","ξ","O"
"10856",",","O"
"10857","οὐ","O"
"10858","γὰρ","O"
"10859","παρὰ","O"
"10860","τὸ","O"
"10861","προϲῆκον","O"
"10862","κακὰ","O"
"10863","ἠγόρευϲαϲ","O"
"10864",".","O"
"10865","οἶμαι","O"
"10866","δὲ","O"
"10867","ὅμοιον","O"
"10868","εἶναι","O"
"10869","τὸ","O"
"10870","μάν","O"
"10871","τι","O"
"10872","κακ","O"
"10873","ῶν","O"
"10874","Α","O"
"10875","τῷ","O"
"10876","αἰναρέτη","PERSON"
"10877","Π","O"
"10878",",","O"
"10879","ὃ","O"
"10880","ϲημαίνει","O"
"10881","τὸν","O"
"10882","κακωτικὴν","O"
"10883","ἀρε","O"
"10884","τὴν","O"
"10885","κεκτημένον","O"
"10886",".","O"
"10887","καὶ","O"
"10888","ὁ","O"
"10889","ὁλοόφρων","O"
"10890","βλαπτικὴν","O"
"10891","ἔχων","O"
"10892","φρόνηϲιν","O"
"10893",",","O"
"10894","καὶ","O"
"10895","οὐ","O"
"10896","λόμενοϲ","O"
"10897","δὲ","O"
"10898","ὁ","O"
"10899","ὀλοὸν","O"
"10900","ἔχων","O"
"10901","μένοϲ","O"
"10902",",","O"
"10903","οὐλομένη","O"
"10904","τε","O"
"10905","μῆνιϲ","O"
"10906","ἡ","O"
"10907","ἐξ","O"
"10908","ὀλοοῦ","O"
"10909","μένουϲ","O"
"10910","γεννηθεῖϲα","O"
"10911","·","O"
"10912","ὁ","O"
"10913","γὰρ","O"
"10914","ταύτην","O"
"10915","ἔχων","O"
"10916","ὀλοόϲ","O"
"10917","·","O"
"10918","ἀλλ","O"
"10919","ὀλοῷ","O"
"10920","Ἀλχιλῆι","O"
"10921","θεοὶ","O"
"10922","βούλεϲ","O"
"10923","θ","O"
"10924","ἐπα","O"
"10925","ρήγειν","O"
"10926","Ω","O"
"10927",".","O"
"10928","ταῦτα","O"
"10929","οὖν","O"
"10930","λέγει","O"
"10931","τοῖϲ","O"
"10932","ἀγαθόν","O"
"10933","τι","O"
"10934","κεκτημένοιϲ","O"
"10935","μὴ","O"
"10936","ὠφελοῦϲι","O"
"10937","δὲ","O"
"10938","δι","O"
"10939","αὐτοῦ","O"
"10940","τιναϲ","O"
"10941","·","O"
"10942","ἥ","O"
"10943","τε","O"
"10944","γὰρ","O"
"10945","ἀρετὴ","O"
"10946","καὶ","O"
"10947","ἡ","O"
"10948","φρόνηϲιϲ","O"
"10949","καὶ","O"
"10950","τὸ","O"
"10951","μένοϲ","O"
"10952","καὶ","O"
"10953","ἡ","O"
"10954","μαν","O"
"10955","τικὴ","O"
"10956","τῶν","O"
"10957","ἀγαθῶν","O"
"10958",",","O"
"10959","οἱ","O"
"10960","δὲ","O"
"10961","μὴ","O"
"10962","δι","O"
"10963","αὐ","O"
"10964","ὠφελοῦντεϲ","O"
"10965","εἰκότωϲ","O"
"10966","διαβάλ","O"
"10967","ὡϲ","O"
"10968","ἐπὶ","O"
"10969","κακῷ","O"
"10970","κεκτημένοι","O"
"10971","τὸ","O"
"10972","ἀποδεδώκαϲιν","O"
"10973",",","O"
"10974","αὐτοῦ","O"
"10975","ἀντιτιθέντοϲ","O"
"10976","οὐ","O"
"10977","τῷ","O"
"10978","ψευδεῖ","O"
"10979","ἀλλὰ","O"
"10980","τῷ","O"
"10981","κακῷ","O"
"10982","τὸ","O"
"10983","κρήγυον","NORP"
"10984","·","O"
"10985","ἀντίκειται","O"
"10986","δὲ","O"
"10987","τῷ","O"
"10988","κακῷ","O"
"10989","οὐ","O"
"10990","τὸ","O"
"10991","ἀληθὲϲ","O"
"10992","ἀλλὰ","O"
"10993","τὸ","O"
"10994","ἀγαθόν","O"
"10995","·","O"
"10996","οὐ","O"
"10997","ἀγαθὸν","O"
"10998","·","O"
"10999","πώποτθ","O"
"11000","μοι","O"
"11001","τὸ","O"
"11002","κρήγυον","NORP"
"11003","εἶπεϲ","O"
"11004",",","O"
"11005","ἀεί","O"
"11006","τοι","O"
"11007","τὰ","O"
"11008","κάκ","O"
"11009","ἐϲτὶ","O"
"11010","φίλα","O"
"11011","φρεϲὶ","O"
"11012","μαντεύεϲθαι","O"
"11013",".","O"
"11014","ἔϲτι","O"
"11015","δὲ","O"
"11016","τὸ","O"
"11017","κρήγυον","NORP"
"11018","τὸ","O"
"11019","τῷ","O"
"11020","κέαρι","O"
"11021","ἡδὺ","O"
"11022","καὶ","O"
"11023","προϲηκαὶ","O"
"11024","νέϲ","O"
"11025",",","O"
"11026","ὃ","O"
"11027","ταὐτὸν","O"
"11028","τῷ","O"
"11029","θυμῆρεϲ","O"
"11030",".","O"
"11031","καὶ","O"
"11032","ἐντὸϲ","O"
"11033","ἄλλῳ","O"
"11034","·","O"
"11035","οὐδέ","O"
"11036","τί","O"
"11037","πω","O"
"11038","παρὰ","O"
"11039","μοῖραν","O"
"11040","ἔποϲ","O"
"11041","νηκερδὲϲ","O"
"11042","ἔειπεϲ","O"
"11043",",","O"
"11044","οὐ","O"
"11045","γὰρ","O"
"11046","ρευϲαϲ","O"
"11047",".","O"
"11048","καὶ","O"
"11049","ὁ","O"
"11050","νηκερδὴϲ","O"
"11051","οὖν","O"
"11052","ἐναντίοϲ","O"
"11053","καὶ","O"
"11054","μὴ","O"
"11055","φειδὸμενοϲ","O"
"11056","τοῦ","O"
"11057","ἀγορεύειν","O"
"11058","τὰ","O"
"11059","κακὰ","O"
"11060","ο","O"
"11061","ὐ","O"
"11062","π","O"
"11063","ώ","O"
"11064","ποτε","O"
"11065","τὰ","O"
"11066","κρήγυα","NORP"
"11067","λέγει","O"
"11068",".","O"
"11069","οἶμαι","O"
"11070","δὲ","O"
"11071","ὅμοιον","O"
"11072","εἶναι","O"
"11073","τὸ","O"
"11074","μάντι","O"
"11075","κακῶν","O"
"11076","τῷ","O"
"11077","αἰν","O"
"11078","αρέτη","O"
"11079",",","O"
"11080","ϲημαίνει","O"
"11081","κακωτικὴν","O"
"11082","ἀρετὴν","O"
"11083","κεκτημένε","O"
"11084",",","O"
"11085","καὶ","O"
"11086","τῷ","O"
"11087","ὀλοόφρων","O"
"11088","·","O"
"11089","ϲημαίνει","O"
"11090","γὰρ","O"
"11091","τὸν","O"
"11092","βλαπτικὴν","O"
"11093","ἔχοντα","O"
"11094","φρόνηϲιν","O"
"11095",".","O"
"11096","καὶ","O"
"11097","οὐλόμενοϲ","O"
"11098","δὲ","O"
"11099","ὁ","O"
"11100","ὀλοὸν","O"
"11101","ἔχων","O"
"11102","τὸ","O"
"11103","μένοϲ","O"
"11104",",","O"
"11105","οὐλομένη","O"
"11106","δὲ","O"
"11107","ἡ","O"
"11108","μῆνιϲ","O"
"11109","ἡ","O"
"11110","ἐξ","O"
"11111","ὀλοοῦ","O"
"11112","μένουϲ","O"
"11113","γενηθεῖϲα","O"
"11114","·","O"
"11115","ὁ","O"
"11116","γὰρ","O"
"11117","ταύτην","O"
"11118","ἔχων","O"
"11119","ὀλοόϲ","O"
"11120","·","O"
"11121","ἀλλ","O"
"11122","ὀλοῷ","O"
"11123","Ἀχιλῆι","O"
"11124","θεοὶ","O"
"11125","βούλεϲθ","O"
"11126","ἐπαρήγειν","O"
"11127",".","O"
"11128","ταῦτα","O"
"11129","μὲν","O"
"11130","οὖν","O"
"11131","ἔϲτι","O"
"11132","λέγειν","O"
"11133","τοῖϲ","O"
"11134","ἀγαθόν","O"
"11135","τι","O"
"11136","κεκτημένοιϲ","O"
"11137","καὶ","O"
"11138","διὰ","O"
"11139","τοῦδε","O"
"11140","βλάπτουϲι","O"
"11141","καὶ","O"
"11142","μὴ","O"
"11143","ὠφελοῦϲιν","O"
"11144","·","O"
"11145","ἥ","O"
"11146","τε","O"
"11147","γὰρ","O"
"11148","ἀρετὴ","O"
"11149","καὶ","O"
"11150","ἡ","O"
"11151","φρόνηϲιϲ","O"
"11152","καὶ","O"
"11153","τὸ","O"
"11154","μένοϲ","O"
"11155","καὶ","O"
"11156","ἡ","O"
"11157","μαντικὴ","O"
"11158","τῶν","O"
"11159","ἀγατῶν","O"
"11160","θῶν","O"
"11161",",","O"
"11162","οἱ","O"
"11163","δὲ","O"
"11164","μὴ","O"
"11165","δι","O"
"11166","αὐτῶν","O"
"11167","ὠφελοῦνλονται","O"
"11168","τεϲ","O"
"11169","ἀλλὰ","O"
"11170","λυποῦντεϲ","O"
"11171","εἰκότωϲ","O"
"11172","ὡϲ","O"
"11173","ἐπὶ","O"
"11174","ἀγαθόν","O"
"11175",".","O"
"11176","ἄλλα","O"
"11177","δὲ","O"
"11178","εἴωθε","O"
"11179","ϲυντιθέναι","O"
"11180","διαβολήν","O"
"11181","τινων","O"
"11182","ὡϲ","O"
"11183","δυϲωνύμων","O"
"11184",",","O"
"11185","ὡϲ","O"
"11186","τὸ","O"
"11187","Δ","O"
"11188","ύϲπαρι","O"
"11189","Γ","O"
"11190","καὶ","O"
"11191","τὸ","O"
"11192","μ","O"
"11193","ῆτερ","O"
"11194","δύϲμητερ","O"
"11195","ψ","O"
"11196","καὶ","O"
"11197","ἦ","O"
"11198","τάχα","O"
"11199","Ἶροϲ","O"
"11200","ἄιροϲ","O"
"11201","ϲ","O"
"11202","ἐϲτι","O"
"11203","γὰρ","O"
"11204","ὁ","O"
"11205","κακόιροϲ","O"
"11206",",","O"
"11207","ὡϲ","O"
"11208","ἄμορφοϲ","O"
"11209","γυνὴ","O"
"11210","καὶ","O"
"11211","Ἴλιον","GPE"
"11212","Γακοΐλιον","O"
"11213","ὐκ","O"
"11214","ὁνομαϲτήν","O"
"11215","τ","O"
"11216","διὰ","O"
"11217","γὰρ","O"
"11218","τοῦ","O"
"11219","οὐκ","O"
"11220","ὀνομαϲτήν","O"
"11221","τὸ","O"
"11222","δυϲώνυμον","O"
"11223","ἐπεϲη","O"
"11224","κακῷ","O"
"11225","κεκτημένοι","O"
"11226","τὸ","O"
"11227","ἀγαθὸν","O"
"11228","διαβάλεἰϲ","O"
"11229","λονται","O"
"11230",".","O"
"11231","ἀλλὰ","O"
"11232","δὴ","O"
"11233","εἴωθε","O"
"11234","ϲυντιθέναι","O"
"11235","εἰϲ","O"
"11236","διαβολήν","O"
"11237","τινων","O"
"11238","ὡϲ","O"
"11239","δυϲωνύμων","O"
"11240","οἷον","O"
"11241","τὸ","O"
"11242","Δ","O"
"11243","ύϲπα","O"
"11244","ρι","O"
"11245","καὶ","O"
"11246","τὸ","O"
"11247","μῆτερ","O"
"11248","ἐμὴ","O"
"11249","δύϲμητερ","O"
"11250","καὶ","O"
"11251","ἦ","O"
"11252","τάχα","O"
"11253","Ἶροϲ","O"
"11254","ἄιροϲ","O"
"11255","·","O"
"11256","ἔϲτι","O"
"11257","γὰρ","O"
"11258","ὁ","O"
"11259","κακόιροϲ","O"
"11260",",","O"
"11261","ὡϲ","O"
"11262","ἡ","O"
"11263","ἄμορφοϲ","O"
"11264","γυνή","O"
"11265","·","O"
"11266","καὶ","O"
"11267","τὴν","O"
"11268","Ἴλιον","LOC"
"11269","Κα","O"
"11270","ϲτήν","O"
"11271","κοΐλιον","O"
"11272","οὐκ","O"
"11273","ὀνομαϲτήν","O"
"11274","·","O"
"11275","διὰ","O"
"11276","γὰρ","O"
"11277","τοῦ","O"
"11278","ὐκ","O"
"11279","ὀνομαϲτήν","O"
"11280","τὸ","O"
"11281","δυϲώμήνατο","O"
"11282",".","O"
"11283","νυμον","O"
"11284","ἐπεϲημήνατο","O"
"11285",".","O"
"11286","ιη΄","O"
"11287",".","O"
"11288","ιζ","O"
"11289","′.","O"
"11290","ιθ΄","O"
"11291",",","O"
"11292","κ΄","O"
"11293",",","O"
"11294","κα΄","O"
"11295",".","O"
"11296","κβ΄","O"
"11297",".","O"
"11298","κγ΄","O"
"11299",".","O"
"11300","Ἦ","O"
"11301","δ","O"
"11302","ὴ","O"
"11303","ἀλιτρόϲ","O"
"11304","ἐϲϲι","O"
"11305","καὶ","O"
"11306","οὐκ","O"
"11307","ἀποφώλια","O"
"11308","εἰδώϲ","O"
"11309","ε","O"
"11310",".","O"
"11311","ἀ","O"
"11312","λι","O"
"11313","τρόϲ","O"
"11314","ὁ","O"
"11315","ἀλιτήριοϲ","O"
"11316",",","O"
"11317","ἁμαρτωλόϲ","O"
"11318",",","O"
"11319","ἀποφ","O"
"11320","ώλια","O"
"11321","δὲ","O"
"11322","τὰ","O"
"11323","ἀπαίδευτα","O"
"11324",".","O"
"11325","πῶϲ","O"
"11326","οὖν","O"
"11327","ἁμαρτωλόϲ","O"
"11328","τε","O"
"11329","εἶ","O"
"11330","καὶ","O"
"11331","οὐκ","O"
"11332","ἀπαίδευτόϲ","O"
"11333","φηϲιν","O"
"11334",";","O"
"11335","ἀλλὰ","O"
"11336","λέγει","O"
"11337","·","O"
"11338","πάνυ","O"
"11339","ἥμαρτεϲ","O"
"11340","καὶ","O"
"11341","οὐκ","O"
"11342","ὢν","O"
"11343","ἀπαίδευτοϲ","O"
"11344",",","O"
"11345","ὡϲ","O"
"11346","εἰώθαμεν","O"
"11347","λέγειν","O"
"11348","·","O"
"11349","θαυμάζω","O"
"11350",",","O"
"11351","πῶϲ","O"
"11352","ϲοφὸϲ","O"
"11353","ὢν","O"
"11354","ἥμαρτεϲ","O"
"11355",".","O"
"11356","θαυμάζει","O"
"11357","δὲ","O"
"11358","καὶ","O"
"11359","ἡ","O"
"11360","Καλυψώ","O"
"11361",",","O"
"11362","πῶϲ","O"
"11363","ἀπιϲτεῖ","O"
"11364","ἑαυτῇ","O"
"11365","ταύτη","O"
"11366",".","O"
"11367","ὁ","O"
"11368","Ὀδυϲϲεύϲ","O"
"11369",",","O"
"11370","εἰ","O"
"11371","μὴ","O"
"11372","ὀμύϲει","O"
"11373","περὶ","O"
"11374","τῆϲ","O"
"11375","ἐκπομπῆϲ","O"
"11376",",","O"
"11377","καίπερ","O"
"11378","οὐκ","O"
"11379","ὢν","O"
"11380","ἄφρων","O"
"11381","καὶ","O"
"11382","γνώμηϲ","O"
"11383","θείαϲ","O"
"11384","εὐϲύνετοϲ","O"
"11385","καὶ","O"
"11386","ἐρώϲηϲ","O"
"11387",".","O"
"11388","κδ΄","O"
"11389","κε΄","O"
"11390",".","O"
"11391","Τ","O"
"11392",".","O"
"11393","κς΄","O"
"11394",".","O"
"11395","Ε","O"
"11396","⟩,,,.","O"
"11397","κζ΄","O"
"11398",".","O"
"11399","ιτη","O"
"11400","Θ","O"
"11401",".","O"
"11402","κη΄","O"
"11403",".","O"
"11404","Λ","O"
"11405",".","O"
"11406","κθ΄.,.","O"
"11407","λ΄","O"
"11408",".","O"
"11409","Π","O"
"11410",".","O"
"11411","λα΄","O"
"11412",".","O"
"11413","Οὐ","O"
"11414","γὰρ","O"
"11415","ἔϲαν","O"
"11416","λιμένεϲ","LOC"
"11417","νη","O"
"11418","ῶν","O"
"11419","ὀχοὶ","O"
"11420","οὐδ","O"
"11421","ἐπιωγαί","O"
"11422","ε","O"
"11423",".","O"
"11424","τίνι","O"
"11425","ἐπιωγαὶ","O"
"11426","λιμένων","O"
"11427",",","O"
"11428","καὶ","O"
"11429","πόθεν","O"
"11430","προϲέβαλέ","O"
"11431","τιϲ","O"
"11432","τὸ","O"
"11433","ὄνομα","O"
"11434","ἔφην","O"
"11435","οὖν","O"
"11436","ὅτι","O"
"11437","ἰωὴν","O"
"11438","τὴν","O"
"11439","πνοὴν","O"
"11440","λέγει","O"
"11441",",","O"
"11442","ὥϲ","O"
"11443","που","O"
"11444","εἴρηκεν","O"
"11445","·","O"
"11446","ἐξ","O"
"11447","ἀ","O"
"11448","νέμου","LOC"
"11449","ἰωῆϲ","O"
"11450","Λ","O"
"11451",",","O"
"11452","λυπλάγκτοίο","O"
"11453","ποιήϲαϲ","O"
"11454","ἀπὸ","O"
"11455","τοῦ","O"
"11456","ἄειν","O"
"11457",",","O"
"11458","ὃ","O"
"11459","ϲημαίνει","O"
"11460","τὸ","O"
"11461","πνέειν","O"
"11462",".","O"
"11463","ἐπεὶ","O"
"11464","δὲ","O"
"11465","καὶ","O"
"11466","ἐπὶ","O"
"11467","τοῦ","O"
"11468","φω","O"
"11469","καταχρηϲτικῶϲ","O"
"11470","ἔφη","O"
"11471",",","O"
"11472","αὖε","O"
"11473","δ","O"
"11474","ἑταίρουϲ","O"
"11475","Λ","O"
"11476",",","O"
"11477","καὶ","O"
"11478","τὴν","O"
"11479","φωνὴν","O"
"11480","ἰωὴν","O"
"11481","κέκληκε","O"
"11482","·","O"
"11483","τὸν","O"
"11484","δ","O"
"11485","αἶ","O"
"11486","ψα","O"
"11487","περὶ","O"
"11488","δ","O"
"11489","φρέναϲ","O"
"11490","ἤλυθ","O"
"11491","ἰωή","O"
"11492","Κ","O"
"11493",".","O"
"11494","καὶ","O"
"11495","τὸ","O"
"11496","ἤυϲε","O"
"11497","παρὰ","O"
"11498","τὸ","O"
"11499","ἄειν","O"
"11500","καὶ","O"
"11501","μετα","O"
"11502","φορικῶϲ","O"
"11503","·","O"
"11504","λεύϲϲω","O"
"11505","δὴ","O"
"11506","πυρὸϲ","O"
"11507","δηίἰωήν","PERSON"
"11508","Π","O"
"11509",".","O"
"11510","κυρίωϲ","O"
"11511","οὖν","O"
"11512","ρίωϲ","O"
"11513","ἰωῆϲ","O"
"11514","τῆϲ","O"
"11515","πνοῆϲ","O"
"11516","οὔϲηϲ","O"
"11517","καὶ","O"
"11518","τοῦ","O"
"11519","ἄγνυϲθαι","O"
"11520","ϲημαίνοντοϲ","O"
"11521","τὸ","O"
"11522","κλᾶϲθαι","O"
"11523",",","O"
"11524","ἰωγή","O"
"11525","λοιπὸν","O"
"11526","ἡ","O"
"11527","τῆϲ","O"
"11528","πνοῆϲ","O"
"11529","ἂν","O"
"11530","εἴη","O"
"11531","κλάϲιϲ","O"
"11532",".","O"
"11533","ἔφη","O"
"11534","οὖν","O"
"11535","που","O"
"11536","εὗδον","O"
"11537","ρέω","O"
"11538","ὑπ","O"
"11539","ἰω","O"
"11540","γῇ","O"
"11541","ξ","O"
"11542",",","O"
"11543","ὅπου","O"
"11544","ἄγνυ","O"
"11545","Τ","O"
"11546",".","O"
"11547","ε","O"
"11548",".","O"
"11549","Οὐ","O"
"11550","γὰρ","O"
"11551","ἔϲαν","O"
"11552","λιμένεϲ","O"
"11553","νη","O"
"11554","ῶν","O"
"11555","ὀχοὶ","O"
"11556","οὐδ","O"
"11557","ἐπιωγαί","O"
"11558",".","O"
"11559","τί","O"
"11560","διενηνόδιενηνόχαϲιν","O"
"11561","χαϲιν","O"
"11562","ἐπιωγαὶ","O"
"11563","τῶν","O"
"11564","λιμένων","O"
"11565",",","O"
"11566","καὶ","O"
"11567","πόθεν","O"
"11568","τὸ","O"
"11569","ὄνομα","O"
"11570","προϲέβαλέ","O"
"11571","τιϲ","O"
"11572",";","O"
"11573","ἔφη","O"
"11574","οὖν","O"
"11575","ὅτι","O"
"11576","ἰωὴν","O"
"11577","τὴν","O"
"11578","πνοὴν","O"
"11579","λέγει","O"
"11580",",","O"
"11581","ὥϲ","O"
"11582","που","O"
"11583","εἴρηκε","O"
"11584","·","O"
"11585","ἐξ","O"
"11586","ἀνέμοιο","O"
"11587","ποπολυπλάγκτοιο","O"
"11588","ἰωῆϲ","O"
"11589",",","O"
"11590","ποιῶν","O"
"11591","ἀπὸ","O"
"11592","τοῦ","O"
"11593","ἄειν","O"
"11594",",","O"
"11595","ϲημαίνει","O"
"11596","τὸ","O"
"11597","πνεῖν","O"
"11598",".","O"
"11599","ὅθεν","O"
"11600",",","O"
"11601","ἐπειδὴ","O"
"11602","καὶ","O"
"11603","ἐπὶ","O"
"11604","τὴν","O"
"11605","φωνὴν","O"
"11606","κατανεῖν","O"
"11607","χρηϲτικῶϲ","O"
"11608","αὖε","O"
"11609","δ","O"
"11610","ἑταῖρον","O"
"11611",",","O"
"11612","καὶ","O"
"11613","τὴν","O"
"11614","φωνὴν","O"
"11615","ἰωὴν","O"
"11616","κέκληκε","O"
"11617","·","O"
"11618","τὸν","O"
"11619","αἶψα","O"
"11620","περὶ","O"
"11621","φρέναϲ","O"
"11622","ἦλθεν","O"
"11623","ἰωή","O"
"11624",".","O"
"11625","καὶ","O"
"11626","τὸ","O"
"11627","ἤυϲεν","O"
"11628","παρὰ","O"
"11629","τὸ","O"
"11630","ἄειν","O"
"11631","καὶ","O"
"11632","μεταφορικῶϲ","O"
"11633","·","O"
"11634","λεύϲϲω","O"
"11635","δὴ","O"
"11636","παρὰ","O"
"11637","νηυϲὶ","O"
"11638","πυρὸϲ","O"
"11639","δηίοιο","PERSON"
"11640","ἰω","O"
"11641","ήν","O"
"11642",".","O"
"11643","κυοιο","O"
"11644","οὖν","O"
"11645","τῆϲ","O"
"11646","πνοῆϲ","O"
"11647","ἰωῆϲ","O"
"11648","οὔϲηϲ","O"
"11649","καὶ","O"
"11650","τοῦ","O"
"11651","ἄγνυϲθαι","O"
"11652","ϲημαίνοντοϲ","O"
"11653","τὸ","O"
"11654","κλᾶϲθαι","O"
"11655",",","O"
"11656","Βορέω","O"
"11657","ὑπ","O"
"11658","ἰω","O"
"11659","γῇ","O"
"11660",",","O"
"11661","ὅπου","O"
"11662","ἄγνυται","O"
"11663","ἡ","O"
"11664","πνοὴ","O"
"11665","τοῦ","O"
"11666","Βορέου","GOD"
"11667","ἡ","O"
"11668","τῆϲ","O"
"11669","ται","O"
"11670","ἡ","O"
"11671","τοῦ","O"
"11672","Βορρᾶ","GOD"
"11673","πνοή","O"
"11674",".","O"
"11675","καὶ","O"
"11676","ἐπιωμὲν","O"
"11677","οὖν","O"
"11678","ῥηθήϲονται","O"
"11679","τόποι","O"
"11680","ἀλί","O"
"11681","μὲν","O"
"11682","δυνάμενοι","O"
"11683","δὲ","O"
"11684","διὰ","O"
"11685","τὴν","O"
"11686","ἀπὸ","O"
"11687","τῶν","O"
"11688","ἀνέμων","O"
"11689","ϲκέπην","O"
"11690","δέξαϲθαι","O"
"11691","ναῦϲ","O"
"11692",".","O"
"11693","φωνῆϲ","O"
"11694","κλάϲιϲ","O"
"11695",",","O"
"11696","αἱ","O"
"11697","ἐπιωγαί","O"
"11698","κληθήγαί","O"
"11699","ϲονται","O"
"11700","τόποι","O"
"11701","ἀλίμενοι","O"
"11702","μὲν","O"
"11703","δυνάμεμενοι","O"
"11704","νοι","O"
"11705","δὲ","O"
"11706","διὰ","O"
"11707","τὸ","O"
"11708","ἀπὸ","O"
"11709","τῶν","O"
"11710","ἀνέμων","O"
"11711","ϲκέπην","O"
"11712","λβ΄","O"
"11713",".","O"
"11714","Τ","O"
"11715",".","O"
"11716","Β","O"
"11717",".","O"
"11718","ἤ","O"
"11719","κε,.","O"
"11720",",","O"
"11721","Π","O"
"11722","Πρὸϲ","O"
"11723","τοὺϲ","O"
"11724","ἀδυναμίαν","O"
"11725","Ὁμήρου","PERSON"
"11726","κατηγοροῦνταϲ","O"
"11727","ἐκ","O"
"11728","τοῦ","O"
"11729","πολλάκιϲ","O"
"11730","τὰϲ","O"
"11731","αὐτὰϲ","O"
"11732","ῥήϲειϲ","O"
"11733","ποιεῖν","O"
"11734","λέγονταϲ","O"
"11735","τούϲ","O"
"11736","τε","O"
"11737","ἐκπέμπονταϲ","O"
"11738","καὶ","O"
"11739","τοὺϲ","O"
"11740","πεμπομέ","O"
"11741","νουϲ","O"
"11742","ἀγγέλουϲ","O"
"11743","καὶ","O"
"11744","κήρυκαϲ","O"
"11745","ἢ","O"
"11746","διηγουμένουϲ","O"
"11747","πράξειϲ","O"
"11748","ἢ","O"
"11749","λόγουϲ","O"
"11750","ῥηθένταϲ","O"
"11751","πρότερον","O"
"11752",",","O"
"11753","ἄξιον","O"
"11754","ϲημειοῦϲθαι","O"
"11755",",","O"
"11756","ὅπωϲ","O"
"11757","ποικίλλων","O"
"11758","αὐτὸϲ","O"
"11759","ἑαυτὸν","O"
"11760","ἄλλωϲ","O"
"11761","καὶ","O"
"11762","ἄλλωϲ","O"
"11763","ἑρμηνεύει","O"
"11764","διὰ","O"
"11765","δύναμιν","O"
"11766",".","O"
"11767","οἶον","O"
"11768","εἰπὼν","O"
"11769","τὸ","O"
"11770","ξυνὸϲ","O"
"11771","ἐνυάλιοϲ","O"
"11772","καὶ","O"
"11773","ἐξηγηϲάμενοϲ","O"
"11774","πῶϲ","O"
"11775","κοινόϲ","O"
"11776","·","O"
"11777","καί","O"
"11778","τε","O"
"11779","κτανέοντα","O"
"11780","κατέκτα","O"
"11781",",","O"
"11782","ἄλλωϲ","O"
"11783","τοῦτο","O"
"11784","λέγων","O"
"11785","φηϲίν","O"
"11786","·","O"
"11787","ἤ","O"
"11788","τ","O"
"11789","ἔβλητ","O"
"11790","ἤ","O"
"11791","τ","O"
"11792","ἔβ","O"
"11793","αλ","O"
"11794","ἄλλον","O"
"11795","Λ","O"
"11796",",","O"
"11797","καὶ","O"
"11798","πάλιν","O"
"11799","ἄλλωϲ","O"
"11800","·","O"
"11801","ἤ","O"
"11802","κε","O"
"11803","φέροιτο","O"
"11804","μέγα","O"
"11805","κλέοϲ","O"
"11806","ἤ","O"
"11807","κε","O"
"11808","φεροίμην","O"
"11809",",","O"
"11810","ἕλοιμί","O"
"11811","κεν","O"
"11812","κεν","O"
"11813","ἁλοίην","O"
"11814",",","O"
"11815","καὶ","O"
"11816","πάλιν","O"
"11817","νίκη","O"
"11818","δ","O"
"11819","ἐ","O"
"11820","παμείβε","O"
"11821","ται","O"
"11822","ἄνδραϲ","O"
"11823","Ζ","O"
"11824",".","O"
"11825","πάλιν","O"
"11826","τὸ","O"
"11827","τειχίϲαι","O"
"11828","πόλιν","O"
"11829","καὶ","O"
"11830","κύκλῳ","O"
"11831","περιβαλεῖν","O"
"11832","τὸ","O"
"11833","τεῖχοϲ","O"
"11834","καὶ","O"
"11835","ὅλωϲ","O"
"11836","τὰ","O"
"11837","κυκλοτερῶϲ","O"
"11838","ϲυνέχοντά","O"
"11839","τι","O"
"11840","ἑρμηνεύει","O"
"11841","λέγων","O"
"11842","·","O"
"11843","ἀμφὶ","O"
"11844","δὲ","O"
"11845","τεῖχοϲ","O"
"11846","ἔλαϲϲε","O"
"11847","πόλει","O"
"11848","ζ","O"
"11849","καὶ","O"
"11850","περὶ","O"
"11851","δ","O"
"11852","ἕρκοϲ","O"
"11853","ἔλα","O"
"11854","ϲϲε","O"
"11855","καὶ","O"
"11856","ἤλαϲε","O"
"11857","τά","O"
"11858","φρον","O"
"11859","ἐπ","O"
"11860","α","O"
"11861","ὐτῷ","O"
"11862",",","O"
"11863","εἴτ","O"
"11864","ἄλλωϲ","O"
"11865","ἑρμηνεύων","O"
"11866","φηϲὶ","O"
"11867","τεῖχοϲ","O"
"11868","ἐϲ","O"
"11869","ἀμφίχυτον","O"
"11870","Υ","O"
"11871",",","O"
"11872","τὸ","O"
"11873","πέριξ","O"
"11874","κεχυμένον","O"
"11875",".","O"
"11876","καὶ","O"
"11877","ἐπ","O"
"11878","οἴκου","O"
"11879","κύκλῳ","O"
"11880","περιέχοντοϲ","O"
"11881","·","O"
"11882","περὶ","O"
"11883","δὲ","O"
"11884","κλίϲιον","O"
"11885","θέε","O"
"11886","πάντη","O"
"11887","ω","O"
"11888",".","O"
"11889","ὡϲ","O"
"11890","τὸ","O"
"11891","περὶ","O"
"11892","δὲ","O"
"11893","χρ","O"
"11894","ύϲεοϲ","O"
"11895","θέε","O"
"11896","πόρκηϲ","O"
"11897","Ζ","O"
"11898",",","O"
"11899","καὶ","O"
"11900","ἄλλωϲ","O"
"11901","·","O"
"11902","ἐντὸϲ","O"
"11903","δὲ","O"
"11904","μετ","O"
"11905","ώπ","O"
"11906","ῳ","O"
"11907","λευκὸν","O"
"11908","ϲῆμ","O"
"11909","ἐτέτυκτο","O"
"11910","περίτροχον","O"
"11911","ἠύτε","O"
"11912","μήνη","O"
"11913","Ψ","O"
"11914",".","O"
"11915","ὅρα","O"
"11916","δὲ","O"
"11917","ἄλλων","O"
"11918","ὀνομάτων","O"
"11919","ἀφθονίαν","O"
"11920","ἐντὸϲ","O"
"11921","ἑνὶ","O"
"11922","καὶ","O"
"11923","ταὐτῷ","O"
"11924","μέρει","O"
"11925","·","O"
"11926","ἄνδρα","O"
"11927","φηϲὶ","O"
"11928","βαλ","O"
"11929","ών","O"
"11930","Ζ","O"
"11931",",","O"
"11932","καὶ","O"
"11933","ἐπάγει","O"
"11934","·","O"
"11935","τὸν","O"
"11936","δὲ","O"
"11937","ϲκότοϲ","O"
"11938","ὄϲϲ","O"
"11939","ἐκάλυψεν","O"
"11940",".","O"
"11941",",","O"
"11942","εἶτ","O"
"11943","Ἄξυλον","O"
"11944","δ","O"
"11945","ἄρ","O"
"11946","ἔπεφνε","O"
"11947",".","O"
"11948",",","O"
"11949","καὶ","O"
"11950","ἐπιφέρει","O"
"11951","·","O"
"11952","ἀλλ","O"
"11953","ἄμφω","O"
"11954","θυμὸν","O"
"11955","ἀπηύρα","O"
"11956",".","O"
"11957",",","O"
"11958","εἶτ","O"
"11959","ἄλλωϲ","O"
"11960","·","O"
"11961","Δ","O"
"11962","ρ","O"
"11963","ῆϲόν","O"
"11964","τ","O"
"11965","εὐρ","O"
"11966","ύαλοϲ","O"
"11967","καὶ","O"
"11968","Ὀ","O"
"11969","φέλτιον","O"
"11970","ἐξενάριξεν","O"
"11971",".","O"
"11972","εἶτα","O"
"11973","·","O"
"11974","καὶ","O"
"11975","μὲν","O"
"11976","τῶν","O"
"11977","ὑπέλυϲε","O"
"11978","μένοϲ","O"
"11979","ν","O"
"11980",".","O"
"11981",",","O"
"11982","αὖθιϲ","O"
"11983","Ἀϲτύαλον","O"
"11984","δ","O"
"11985","ἄρ","O"
"11986","ἔπ","O"
"11987","εφνεν","O"
"11988",".","O"
"11989","ἔπειτα","O"
"11990","·","O"
"11991","Ἄντίλοχοϲ","O"
"11992","δ","O"
"11993","Ἄβληρον","O"
"11994","ἐνήρατο","O"
"11995",".","O"
"11996",",","O"
"11997","μεθ","O"
"11998","ἃ","O"
"11999","ἐπιφέρει","O"
"12000","Φύλα","O"
"12001","κον","O"
"12002","δ","O"
"12003","ἕλε","O"
"12004","Λήιτοϲ","O"
"12005","ἥρωϲ","O"
"12006",".","O"
"12007",",","O"
"12008","εἶτ","O"
"12009","ἀνάπαλιν","O"
"12010","Ἄδρηϲτον","O"
"12011","δ","O"
"12012","ἄρ","O"
"12013","ἔπειτα","O"
"12014","βοὴν","O"
"12015","ἀγαθὸϲ","O"
"12016","Μενέλαοϲ","O"
"12017","ζωὸν","O"
"12018","ἕλεν","O"
"12019",".","O"
"12020",",","O"
"12021","ἔπειτα","O"
"12022","ἐξ","O"
"12023","ὑπαρχῆϲ","O"
"12024","·","O"
"12025","τὸν","O"
"12026","δὲ","O"
"12027","κρείων","O"
"12028","Ἀγαμέμν","O"
"12029","ων","O"
"12030","οὖτα","O"
"12031","κατὰ","O"
"12032","λαπάρην","O"
"12033",".","O"
"12034","ἔπειτα","O"
"12035","ὁ","O"
"12036","Νέϲτωρ","O"
"12037","φηϲίν","O"
"12038","·","O"
"12039","ἀλλ","O"
"12040","ἄνδραϲ","O"
"12041","κτείνωμεν","O"
"12042",".","O"
"12043","Η","O"
"12044",",","O"
"12045",",","O"
"12046",",","O"
"12047","ζητ","O"
"12048",".","O"
"12049","ἀγρ","O"
"12050","ῷ","O"
"12051","θ,.","O"
"12052",",","O"
"12053","Π","O"
"12054",".","O"
"12055","ἐντὸϲ","O"
"12056","μὲν","O"
"12057","τοῖϲ","O"
"12058","ἀγροῖϲ","O"
"12059","τὰϲ","O"
"12060","οἰκοδομὰϲ","O"
"12061","οὕττω","O"
"12062","καταλέγουϲιν","O"
"12063","·","O"
"12064","αὐλή","O"
"12065",",","O"
"12066","καὶ","O"
"12067","ἐντὸϲ","O"
"12068","ταύτῃ","O"
"12069","ϲτα","O"
"12070","θμοί","O"
"12071",",","O"
"12072","ἔνθα","O"
"12073","ἕϲτηκε","O"
"12074","τὰ","O"
"12075","ζῶα","O"
"12076",",","O"
"12077","καὶ","O"
"12078","κλιϲίαι","O"
"12079",",","O"
"12080","ἔνθα","O"
"12081","καθεύδουϲιν","O"
"12082","οἱ","O"
"12083","ἄνθρωποι","O"
"12084",",","O"
"12085","καὶ","O"
"12086","ϲηκοί","O"
"12087",",","O"
"12088","ἔνθα","O"
"12089","ἐγκλείουϲι","O"
"12090","τὰ","O"
"12091","νεογνά","O"
"12092",",","O"
"12093","ὅταν","O"
"12094","τὰϲ","O"
"12095","μητέραϲ","O"
"12096","ἀμέλγωϲιν","O"
"12097","ἢ","O"
"12098","εἰϲ","O"
"12099","νομὴν","O"
"12100","ἐκπέμπωϲι","O"
"12101",".","O"
"12102","καὶ","O"
"12103","ἐπὶ","O"
"12104","μὲν","O"
"12105","τῆϲ","O"
"12106","αὐλῆϲ","O"
"12107","·","O"
"12108","ὅν","O"
"12109","ῥά","O"
"12110","τε","O"
"12111","ποιμὴν","O"
"12112","ἀγρ","O"
"12113","ῷ","O"
"12114","ἐπ","O"
"12115","εἰροπὸκοιϲ","O"
"12116","ὁίεϲϲιν","O"
"12117","χραύϲ","O"
"12118","μέν","O"
"12119","τ","O"
"12120","αὐλῆϲ","O"
"12121","ὑπερᾶλμενον","O"
"12122","οὐδὲ","O"
"12123","δαμάϲϲ","O"
"12124","ε","O"
"12125",".","O"
"12126","λέγει","O"
"12127","δὲ","O"
"12128","καὶ","O"
"12129","μέϲαυλον","O"
"12130",",","O"
"12131","ὅτι","O"
"12132","ὁ","O"
"12133","τῆϲ","O"
"12134","αὐλῆϲ","O"
"12135","τόποϲ","O"
"12136","ἐντὸϲ","O"
"12137","μέϲῳ","O"
"12138","ἐϲτὶ","O"
"12139","τῶν","O"
"12140","ἀγρῶν","O"
"12141","·","O"
"12142","βοῶν","O"
"12143","ἀπὸ","O"
"12144","μεϲϲαύλοιο","O"
"12145","Λ","O"
"12146",".","O"
"12147","αὐλῆϲ","O"
"12148","ἐντὸϲ","O"
"12149","χόρτ","O"
"12150","ῳ","O"
"12151","δέ","O"
"12152","φηϲι","O"
"12153","Λ","O"
"12154",",","O"
"12155","τῷ","O"
"12156","περιωριϲμένῳ","O"
"12157","τόπῳ","O"
"12158","καὶ","O"
"12159","περιέχοντι","O"
"12160","τὸ","O"
"12161","χώριϲμα","O"
"12162","τῆϲ","O"
"12163","αὐλῆϲ","O"
"12164",".","O"
"12165","περὶ","O"
"12166","δὲ","O"
"12167","τῶν","O"
"12168","ϲταθμ","O"
"12169","ῶν","O"
"12170","·","O"
"12171","ἀλλὰ","O"
"12172","κατὰ","O"
"12173","ϲταθμο","O"
"12174","ὺϲ","O"
"12175","δύεται","O"
"12176",",","O"
"12177","τὰ","O"
"12178","δ","O"
"12179","ἐρῆμα","O"
"12180","φοβεῖται","O"
"12181","ε","O"
"12182",",","O"
"12183","δηλονότι","O"
"12184","εἰϲ","O"
"12185","τόπον","O"
"12186","ἐνδοτέρω","O"
"12187","τῆϲ","O"
"12188","αὐλῆϲ","O"
"12189",",","O"
"12190","ὃν","O"
"12191","ϲταθμὸν","O"
"12192","προϲηγόρευον","O"
"12193","ἀπὸ","O"
"12194","τῶν","O"
"12195","ἑϲτώτων","O"
"12196","ἐντὸϲ","O"
"12197","αὐτῷ","O"
"12198","ζώων","O"
"12199",".","O"
"12200","διὸ","O"
"12201","καὶ","O"
"12202","Ἥφαιϲτοϲ","O"
"12203","ποιεῖ","O"
"12204","ϲτα","O"
"12205","θμούϲ","O"
"12206","τε","O"
"12207","κλιϲίαϲ","O"
"12208","τε","O"
"12209","κατηρεφέαϲ","O"
"12210","ἰδὲ","O"
"12211","ϲηκούϲ","O"
"12212","·","O"
"12213","κατηρεφεῖϲ","O"
"12214","γὰρ","O"
"12215","καὶ","O"
"12216","ἐϲτεγαϲμέναι","O"
"12217","αἱ","O"
"12218","κλιϲίαι","O"
"12219","διὰ","O"
"12220","τὸ","O"
"12221","τὴν","O"
"12222","αὐλὴν","O"
"12223","μὴ","O"
"12224","εἶναι","O"
"12225","τοιαύτην","O"
"12226","·","O"
"12227","τὸ","O"
"12228","γὰρ","O"
"12229","κατηρεφέαϲ","O"
"12230","ἐκ","O"
"12231","κοινοῦ","O"
"12232","τῶν","O"
"12233","τε","O"
"12234","κλιϲιῶν","O"
"12235","καὶ","O"
"12236","τῶν","O"
"12237","ϲταθμῶν","O"
"12238","ἀκούουϲι","O"
"12239",".","O"
"12240","ϲηκοὶ","O"
"12241","δέ","O"
"12242",",","O"
"12243","ἔνθα","O"
"12244","ϲυνέκλειον","O"
"12245","τὰ","O"
"12246","νεογνά","O"
"12247","·","O"
"12248","ὡϲ","O"
"12249","δ","O"
"12250","ὅταν","O"
"12251","ἄγραυλοι","O"
"12252","πόριεϲ","O"
"12253","περὶ","O"
"12254","β","O"
"12255","οῦϲ","O"
"12256","ἀγελαίαϲ","O"
"12257","ἐλθούϲαϲ","O"
"12258","ἐϲ","O"
"12259","κόπρον","O"
"12260",",","O"
"12261","ἐπὴν","O"
"12262","βοτάνηϲ","O"
"12263","κορέϲωνται","O"
"12264",",","O"
"12265","πᾶϲαι","O"
"12266","ἅμα","O"
"12267","ϲπαίρουϲιν","O"
"12268","ἐναντίαι","O"
"12269",",","O"
"12270","οὐδέ","O"
"12271","τι","O"
"12272","ϲηκοὶ","O"
"12273","ϲχουϲ′","O"
"12274",",","O"
"12275","ἀλλ","O"
"12276","ἀδινὸν","O"
"12277","μυκώμεναι","O"
"12278","ἀμφιθέουϲι","O"
"12279","μητέραϲ","O"
"12280","κ","O"
"12281",".","O"
"12282","λέγει","O"
"12283","δὲ","O"
"12284","πάλιν","O"
"12285","ι","PERSON"
"12286",".","PERSON"
"12287","·","O"
"12288","ϲτείνοντο","O"
"12289","δὲ","O"
"12290","ϲηκο","O"
"12291","ὶ","O"
"12292","ἀρνῶν","O"
"12293","ἠδ","O"
"12294","ἐρίφων","O"
"12295","·","O"
"12296","διακεκριμέναι","O"
"12297","δὲ","O"
"12298","ἕκαϲται","O"
"12299","ἔρχ","O"
"12300","ατο","O"
"12301",",","O"
"12302","χ","O"
"12303","ωρὶ","O"
"12304","ϲ","O"
"12305","μὲν","O"
"12306","πρόγονοι","O"
"12307",",","O"
"12308","χ","O"
"12309","ωρὶ","O"
"12310","ϲ","O"
"12311","δὲ","O"
"12312","μέταϲϲαι","O"
"12313",",","O"
"12314","χωρὶϲ","O"
"12315","δ","O"
"12316","οὖθ","O"
"12317","ἕρϲαι","O"
"12318","·","O"
"12319","ἔρϲαϲ","O"
"12320","καλεῖ","O"
"12321","ὁ","O"
"12322","ποιητὴϲ","O"
"12323","τὰϲ","O"
"12324","ἁπαλὰϲ","O"
"12325","καὶ","O"
"12326","νεογνὰϲ","O"
"12327","καὶ","O"
"12328","νεη","O"
"12329","γενέαϲ","O"
"12330","γα","O"
"12331","λαθηνάϲ","O"
"12332","δ","O"
"12333","ϲυμβέβηκε","O"
"12334","ταύταϲ","O"
"12335","ἐντὸϲ","O"
"12336","τοῖϲ","O"
"12337","μυχοῖϲ","O"
"12338","καθεῖρχθαι","O"
"12339",".","O"
"12340","καὶ","O"
"12341","πάλιν","O"
"12342","·","O"
"12343","Τρῶεϲ","O"
"12344","δ","O"
"12345","ὥϲτ","O"
"12346","ὄιεϲ","O"
"12347","πολυπάμονοϲ","O"
"12348","ἀνδρὸϲ","O"
"12349","ἐντὸϲ","O"
"12350","αὐλ","O"
"12351","ῇ","O"
"12352","μυρίαι","O"
"12353","ἑϲτήκαϲιν","O"
"12354","ἀμελγόμεναι","O"
"12355","γάλα","O"
"12356","λευκὸν","O"
"12357","ἀζηχὲϲ","O"
"12358","μεμακυῖαι","O"
"12359","ἀκούουϲαι","O"
"12360","ὄπα","O"
"12361","ἀρν","O"
"12362","ῶν","O"
"12363","Δ","O"
"12364","·","O"
"12365","αὗται","O"
"12366","γὰρ","O"
"12367","ἐντὸϲ","O"
"12368","τῇ","O"
"12369","αὐλῇ","O"
"12370","ἀμέλγονται","O"
"12371","·","O"
"12372","τὰ","O"
"12373","γὰρ","O"
"12374","ἀρνία","O"
"12375","ἐντὸϲ","O"
"12376","τῇ","O"
"12377","ϲηκῷ","O"
"12378","κατακέκλειϲται","O"
"12379",".","O"
"12380","ἐκ","O"
"12381","τούτων","O"
"12382","τοίνυν","O"
"12383","μεταφέρων","O"
"12384","ἐπὶ","O"
"12385","τῶν","O"
"12386","Πρώων","O"
"12387","φευγόντων","O"
"12388","φηϲίν","O"
"12389","·","O"
"12390","ἔν","O"
"12391","θα","O"
"12392","κε","O"
"12393","λοιγὸϲ","O"
"12394","ἔην","O"
"12395","καὶ","O"
"12396","ἀμ","O"
"12397","ήχανα","O"
"12398","ἔργα","O"
"12399","γένοντο","O"
"12400",",","O"
"12401","καί","O"
"12402","νύ","O"
"12403","κε","O"
"12404","ϲήκαϲθεν","O"
"12405","κατὰ","O"
"12406","Ἴλιον","LOC"
"12407","ἠύτε","O"
"12408","ἄρνεϲ","O"
"12409","Θ","O"
"12410",".","O"
"12411","ἠλάθηϲαν","O"
"12412","γὰρ","O"
"12413","τῆϲ","O"
"12414","Ἰλίου","LOC"
"12415","εἰϲ","O"
"12416","τὸν","O"
"12417","ἐνδότατον","O"
"12418","τόπον","O"
"12419",",","O"
"12420","ὡϲ","O"
"12421","εἰϲ","O"
"12422","ϲηκὸν","O"
"12423","ἄρνεϲ","O"
"12424",".","O"
"12425","ταῦτα","O"
"12426","μὲν","O"
"12427","οὖν","O"
"12428","ἐντὸϲ","O"
"12429","ἀγροικίᾳ","O"
"12430","·","O"
"12431","ἐντὸϲ","O"
"12432","δὲ","O"
"12433","τῇ","O"
"12434","πόλει","O"
"12435",",","O"
"12436","ἀνάλογον","O"
"12437","τῷ","O"
"12438","ϲτα","O"
"12439","θμούϲ","LOC"
"12440","τε","O"
"12441","κλιϲίαϲ","O"
"12442","τε","O"
"12443","κατηρε","O"
"12444","φέαϲ","O"
"12445","ἰδὲ","O"
"12446","ϲηκο","O"
"12447","ύϲ","O"
"12448","λέγειν","O"
"12449","·","O"
"12450","πλῆντο","O"
"12451","δ","O"
"12452","ἄρ","O"
"12453","αἴθουϲαί","O"
"12454","τε","O"
"12455","καὶ","O"
"12456","ἕρκεα","O"
"12457","καὶ","O"
"12458","δόμοι","O"
"12459","ἀνδρ","O"
"12460","ῶν","O"
"12461","θ","O"
"12462",".","O"
"12463","αἴθ","O"
"12464","ουϲαι","O"
"12465","δὲ","O"
"12466","αἱ","O"
"12467","ὑψηλαὶ","O"
"12468","ϲτοαὶ","O"
"12469","ἀνθήλιοι","O"
"12470","παρὰ","O"
"12471","τὸ","O"
"12472","καταίθεϲθαι","O"
"12473","ὑπὸ","O"
"12474","τοῦ","O"
"12475","ἡλίου","O"
"12476",".","O"
"12477","εἶτα","O"
"12478","α","O"
"12479","ὐλ","O"
"12480","ή","O"
"12481",".","O"
"12482","κατὰ","O"
"12483","γὰρ","O"
"12484","παράληψιν","O"
"12485","τῆϲ","O"
"12486","αὐλῆϲ","O"
"12487","ἔφη","O"
"12488","τὰ","O"
"12489","ἕρκεα","O"
"12490","ἐντὸϲ","O"
"12491","γὰρ","O"
"12492","ἄλλοιϲ","O"
"12493","τὸ","O"
"12494","πλῆρεϲ","O"
"12495","ἔφη","O"
"12496","·","O"
"12497","καὶ","O"
"12498","τ","O"
"12499","ότ","O"
"12500","ἐγ","O"
"12501","ὼ","O"
"12502","θαλάμοιο","O"
"12503","θύραϲ","O"
"12504","πυκιν","O"
"12505","ῶϲ","O"
"12506","ἀραρυίαϲ","O"
"12507","ὁήξαϲ","O"
"12508","ἐξῆλ","O"
"12509","θον","O"
"12510","καὶ","O"
"12511","ὑπέθορον","O"
"12512","ἑρκίον","O"
"12513","αὐλῆϲ","O"
"12514",".","O"
"12515","καὶ","O"
"12516","πάλιν","O"
"12517","ἄλλωϲ","O"
"12518","ἔφη","O"
"12519","·","O"
"12520","παρὲκ","O"
"12521","μέγα","O"
"12522","τειχίον","O"
"12523","αὐλῆϲ","O"
"12524","π","O"
"12525",".","O"
"12526","ἄλλοι","O"
"12527","δὲ","O"
"12528","ἀκριβέϲτερον","O"
"12529","αἰθο","O"
"12530","ύϲαϲ","O"
"12531","λέγουϲι","O"
"12532","τῆ","O"
"12533","ϲ","O"
"12534","αὐλῆϲ","O"
"12535","τὰϲ","O"
"12536","ϲτοάϲ","O"
"12537",",","O"
"12538","ἵνα","O"
"12539","μὴ","O"
"12540","ἔξω","O"
"12541","ὦϲι","O"
"12542","τῆϲ","O"
"12543","αὐλῆϲ","O"
"12544",",","O"
"12545","ἀλλὰ","O"
"12546","τὸ","O"
"12547","μὲν","O"
"12548","ἄϲτεγον","O"
"12549","καὶ","O"
"12550","ὑπαίθριον","O"
"12551","αὐλή","O"
"12552",",","O"
"12553","αἱ","O"
"12554","δὲ","O"
"12555",".","O"
"12556","πέριξ","O"
"12557","τοῦ","O"
"12558","ὑπαιθρίου","O"
"12559","ϲτοαὶ","O"
"12560","αἴθουϲαι","O"
"12561","·","O"
"12562","αὐτὸϲ","O"
"12563","γὰρ","O"
"12564","ἔφη","O"
"12565","·","O"
"12566","οὐδέ","O"
"12567","ποτ","O"
"12568","ἔϲβη","O"
"12569","π","O"
"12570","ῦρ","O"
"12571",",","O"
"12572","ἕτερον","O"
"12573","μὲν","O"
"12574","ὑ","O"
"12575","π","O"
"12576","αἰθο","O"
"12577","ύϲη","O"
"12578","εὐερκέοϲ","O"
"12579","αὐλῆϲ","O"
"12580",",","O"
"12581","ἄλλο","O"
"12582","δ","O"
"12583","ἐνὶ","O"
"12584","προδόμ","O"
"12585","ῳ","O"
"12586","πρόϲθεν","O"
"12587","θαλάμοιο","O"
"12588","θυρίων","O"
"12589",".","O"
"12590","ἦϲαν","O"
"12591","γὰρ","O"
"12592","μετὰ","O"
"12593","τὰϲ","O"
"12594","αἰθούϲαϲ","O"
"12595","οἱ","O"
"12596","πρόδομοι","O"
"12597",",","O"
"12598","ὧν","O"
"12599","πύλιν","O"
"12600","ἐνδότεροι","O"
"12601","θά","O"
"12602","λαμοι","O"
"12603",",","O"
"12604","οὓϲ","O"
"12605","καὶ","O"
"12606","μυχὸϲ","O"
"12607","καλεῖ","O"
"12608","διὰ","O"
"12609","τοῦτο","O"
"12610","·","O"
"12611","κἐκλετο","O"
"12612","δ","O"
"12613","Ἀρήτη","PERSON"
"12614","λευκώλενοϲ","O"
"12615","ἀμφιπόλοιϲι","O"
"12616","δέμνι","O"
"12617","ὑπ","O"
"12618","αἰθούϲη","O"
"12619","θἐμεναι","O"
"12620","η","O"
"12621",".","O"
"12622",",","O"
"12623","εἶτα","O"
"12624","ἐπιφέρει","O"
"12625","·","O"
"12626","ὣϲ","O"
"12627","ὁ","O"
"12628","μὲν","O"
"12629","ἔνθα","O"
"12630","καθεῦδε","O"
"12631","πολύτλαϲ","O"
"12632","δῖοϲ","O"
"12633","Ὀ","O"
"12634","δυϲϲε","O"
"12635","ὺϲ","O"
"12636","τρητοῖϲ","O"
"12637","ἐντὸϲ","O"
"12638","λεχέεϲϲιν","O"
"12639","ὑπ","O"
"12640","αἰθούϲῃ","O"
"12641","ἐριδούπ","O"
"12642","ῳ","O"
"12643","·","O"
"12644","Ἀλκίνοοϲ","PERSON"
"12645","δ","O"
"12646","ἄρ","O"
"12647","ἔλεκτο","O"
"12648","μυχ","O"
"12649","ῷ","O"
"12650","δόμου","O"
"12651","ὑ","O"
"12652","ψηλοῖο","O"
"12653","η","O"
"12654",".","O"
"12655","ὅτι","O"
"12656","γὰρ","O"
"12657","τῆϲ","O"
"12658","αὐλῆϲ","O"
"12659","ἔνδον","O"
"12660","εἰϲὶν","O"
"12661","οἱ","O"
"12662","δόμοι","O"
"12663",",","O"
"12664","ϲαφῶϲ","O"
"12665","παρίϲτηϲι","O"
"12666","διὰ","O"
"12667","τούτων","O"
"12668","·","O"
"12669","αὐτίκ","O"
"12670","ἔπ","O"
"12671","ειτ","O"
"12672","ἀν","O"
"12673","ϲτάν","O"
"12674","τεϲ","O"
"12675","ἔβαν","O"
"12676","δόμον","O"
"12677","εἰϲ","O"
"12678","Ὀδυϲῆοϲ","O"
"12679","δ","O"
"12680",",","O"
"12681","εἶτα","O"
"12682","ἐπάγει","O"
"12683","·","O"
"12684","κῆρυξ","O"
"12685","γάρ","O"
"12686","οἱ","O"
"12687","ἔειπε","O"
"12688","Μέδων","O"
"12689",",","O"
"12690","ὃϲ","O"
"12691","ἐπεύθετο","O"
"12692","β","O"
"12693","ουλὰϲ","O"
"12694","αὐλῆϲ","O"
"12695","ἐκτὸϲ","O"
"12696","ἐ","O"
"12697","ὼν","O"
"12698",",","O"
"12699","οἱ","O"
"12700","δ","O"
"12701","ἔνδοθι","O"
"12702","μῆτιν","O"
"12703","ὕφαινον","O"
"12704","δ","O"
"12705",".","O"
"12706","καὶ","O"
"12707","πρόδομοϲ","O"
"12708","οὖν","O"
"12709","ὁ","O"
"12710","μεταξὺ","O"
"12711","τόποϲ","O"
"12712","τοῦ","O"
"12713","τε","O"
"12714","δόμου","O"
"12715","καὶ","O"
"12716","τοῦ","O"
"12717","θαλάμου","O"
"12718","·","O"
"12719","ἄλλο","O"
"12720","δ","O"
"12721","ἐπὶ","O"
"12722","προδόμ","O"
"12723","ῳ","O"
"12724","πρόϲθεν","O"
"12725","θαλάμοιο","O"
"12726","θυράων","O"
"12727",".","O"
"12728","καὶ","O"
"12729","ὅταν","O"
"12730","οὖν","O"
"12731","λέγῃ","O"
"12732","·","O"
"12733","ἀλλ","O"
"12734","ἐξελθόν","O"
"12735","τεϲ","O"
"12736","μεγάρων","O"
"12737","ἕζεϲ","O"
"12738","θε","O"
"12739","θύραζε","O"
"12740","ἐκ","O"
"12741","φόνου","O"
"12742","εἰϲ","O"
"12743","αὐλήν","O"
"12744","χ","O"
"12745",".","O"
"12746",",","O"
"12747","ἐκ","O"
"12748","τῶν","O"
"12749","δόμων","O"
"12750","λέγει","O"
"12751",".","O"
"12752","ζητ","O"
"12753",".","O"
"12754","Β","O"
"12755",".","O"
"12756","ο","O"
"12757","ὔ","O"
"12758","νυ","O"
"12759","καὶ","O"
"12760","Κ","O"
"12761",".","O"
"12762","ὁ","O"
"12763","δ","O"
"12764","ἀπὸ","O"
"12765","κοινοῦ","O"
"12766","τρόποϲ","O"
"12767","ἐϲτὶ","O"
"12768","καὶ","O"
"12769","παρ","O"
"12770","αὐτῷ","O"
"12771","καὶ","O"
"12772","ἐντὸϲ","O"
"12773","τοῖϲ","O"
"12774","τοιούτοιϲ","O"
"12775","·","O"
"12776","οὐ","O"
"12777","γὰρ","O"
"12778","π","O"
"12779","ώ","O"
"12780","π","O"
"12781","οτ","O"
"12782","ἐμὰϲ","O"
"12783","βοῦϲ","O"
"12784","ἤλαϲαν","O"
"12785","ὐδὲ","O"
"12786","μὲν","O"
"12787","ἵππουϲ","O"
"12788","Α","O"
"12789","κοινοῦ","O"
"12790","γὰρ","O"
"12791","οὐδὲ","O"
"12792","τοὺϲ","O"
"12793","ἵππουϲ","O"
"12794","ἤλαϲαν","O"
"12795",".","O"
"12796","ὣϲ","O"
"12797","οἱ","O"
"12798","μὲν","O"
"12799","παρὰ","O"
"12800","νηυϲὶ","O"
"12801","κορωνίϲι","O"
"12802","θωρήϲϲοντο","O"
"12803",",","O"
"12804","Τρῶεϲ","O"
"12805","δ","O"
"12806","α","O"
"12807","ὖθ","O"
"12808","ἑτέρωθεν","O"
"12809","ἐπὶ","O"
"12810","θρ","O"
"12811","ωϲμ","O"
"12812","ῷ","O"
"12813","πεδίοιο","O"
"12814","Υ","O"
"12815",".","O"
"12816","·","O"
"12817","ἐκ","O"
"12818","κοινοῦ","O"
"12819","γὰρ","O"
"12820","θωρήϲϲοντο","O"
"12821",".","O"
"12822","παννύχιοι","O"
"12823","μὲν","O"
"12824","ἔπειτα","O"
"12825","καρηκομ","O"
"12826","όων","O"
"12827","τεϲ","O"
"12828","Ἀλχαιοὶ","O"
"12829","δαίνυντο","O"
"12830",",","O"
"12831","Τρῶεϲ","O"
"12832","δὲ","O"
"12833","κατὰ","O"
"12834","π","O"
"12835","τόλιν","O"
"12836","ἠδ","O"
"12837","ἐπίκουροι","O"
"12838","Θ","O"
"12839",".","O"
"12840","δαίνυντο","O"
"12841","δηλονότι","O"
"12842",".","O"
"12843","πολλὰ","O"
"12844","δὲ","O"
"12845","τόνδε","O"
"12846","καϲίγνηται","O"
"12847","καὶ","O"
"12848","πότνια","O"
"12849","μήτηρ","O"
"12850","ἐλίϲϲονθ","O"
"12851",",","O"
"12852","ὁ","O"
"12853","δὲ","O"
"12854","μάλ","O"
"12855","ἀναί","O"
"12856","νετο","O"
"12857",",","O"
"12858","πολλ","O"
"12859","ὰ","O"
"12860","δ","O"
"12861","ἑταῖροι","O"
"12862",".","O"
"12863","ἐκ","O"
"12864","κοινοῦ","O"
"12865","γὰρ","O"
"12866","τὸ","O"
"12867","ἐλίϲϲοντο","O"
"12868",".","O"
"12869","ἀγαθὴ","O"
"12870","δὲ","O"
"12871","παραίφαϲίϲ","O"
"12872","ἐϲτιν","O"
"12873","ἑταίρου","O"
"12874","Λ","O"
"12875",",","O"
"12876","ἀγαθοῦ","O"
"12877","οὐ","O"
"12878","πᾶϲα","O"
"12879","γὰρ","O"
"12880","παραίφαϲίϲ","O"
"12881","ἐϲτιν","O"
"12882","ἀγαθή","O"
"12883",",","O"
"12884","ἀλλὰ","O"
"12885","τοῦ","O"
"12886","ἀγαθοῦ","O"
"12887",",","O"
"12888","ὥϲτ","O"
"12889","ἐκ","O"
"12890","κοινοῦ","O"
"12891","τὸ","O"
"12892","ἀγαθή","O"
"12893","·","O"
"12894","τὸ","O"
"12895","δ","O"
"12896","ἐπὶ","O"
"12897","τοῦ","O"
"12898","ἑταίρου","O"
"12899","ἀκουϲτέον","O"
"12900","ἀρϲενικῶϲ","O"
"12901",".","O"
"12902","πάλιν","O"
"12903","οἱ","O"
"12904","δ","O"
"12905","ἀμ","O"
"12906","φ","O"
"12907","Ἰδομενῆα","O"
"12908","θωρήϲϲοντο","O"
"12909","Ἰδομενε","O"
"12910","ὺϲ","O"
"12911","μὲν","O"
"12912","ἐνὶ","O"
"12913","προμάχοιϲ","O"
"12914","ϲυῒ","O"
"12915","εἴκελοϲ","O"
"12916","ἀλκήν","O"
"12917","Δ","O"
"12918","τὸ","O"
"12919","γὰρ","O"
"12920","θωρήϲϲετο","O"
"12921","προϲυπακούομεν","O"
"12922","ἀπὸ","O"
"12923","τοῦ","O"
"12924","θωρήϲϲοντο","O"
"12925",".","O"
"12926","χ","O"
"12927","ώ","O"
"12928","ρηϲαν","O"
"12929","δ","O"
"12930","ὑ","O"
"12931","πό","O"
"12932","τε","O"
"12933","πρ","O"
"12934","όμα","O"
"12935","χοί","O"
"12936","καὶ","O"
"12937","φαί","O"
"12938","διμοϲ","O"
"12939","ἕκτωρ","PERSON"
"12940","Π","O"
"12941","ἐκ","O"
"12942","κοινοῦ","O"
"12943","τὸ","O"
"12944","ἐχώρηϲεν","O"
"12945",".","O"
"12946","εὗρ","O"
"12947","υἱὸν","O"
"12948","Πετε","O"
"12949","ῶο","O"
"12950","Μενε","O"
"12951","ϲοντο","O"
"12952",".","O"
"12953","ϲθῆα","O"
"12954","πλήξιππον","O"
"12955","ἑϲτα","O"
"12956","όι","O"
"12957","·","O"
"12958","ἀμιφὶ","O"
"12959","δ","O"
"12960","Ἀθηναῖοι","NORP"
"12961","μήϲτ","O"
"12962","ωρεϲ","O"
"12963","ἀυτῆϲ","O"
"12964","Δ","O"
"12965","ἐκ","O"
"12966","κοινοῦ","O"
"12967","τὸ","O"
"12968","ἕϲταϲαν","O"
"12969","ἀπὸ","O"
"12970","τοῦ","O"
"12971","ἑϲταότα","O"
"12972",".","O"
"12973","τῇ","O"
"12974","ῥ","O"
"12975","ἐνόρουϲ","O"
"12976","′","O"
"12977",",","O"
"12978","ἅμα","O"
"12979","δ","O"
"12980","ἄλλοι","O"
"12981","ἀριϲτῆεϲ","O"
"12982","Πανα","O"
"12983","χαιῶν","O"
"12984",",","O"
"12985","δηλονότι","O"
"12986","ἐπόρουϲαν","O"
"12987",".","O"
"12988","ὡϲ","O"
"12989","ἂν","O"
"12990","Π","O"
"12991","ηλείδην","NORP"
"12992","τιμήϲομεν","O"
"12993",",","O"
"12994","ὃϲ","O"
"12995","μέγ","O"
"12996","ἄριϲτοϲ","O"
"12997","Ἀργείων","NORP"
"12998","παρὰ","O"
"12999","νηυϲὶ","O"
"13000","καὶ","O"
"13001","ἀγχέμαχοι","NORP"
"13002","θερά","O"
"13003","ποντεϲ","O"
"13004","Π","O"
"13005","ἀπὸ","O"
"13006","τοῦ","O"
"13007","ἄριϲτοϲ","O"
"13008","καὶ","O"
"13009","ἄριϲτοι","O"
"13010","οἱ","O"
"13011","θεράποντεϲ","O"
"13012","ἀκουϲθήϲονται","O"
"13013",".","O"
"13014","ο","O"
"13015","ὐδ","O"
"13016","ἄρ","O"
"13017","ἔμελλε","O"
"13018","δίφρ","O"
"13019","ῳ","O"
"13020","ἐφἐζεϲθαι","O"
"13021",",","O"
"13022","π","O"
"13023","ολ","O"
"13024","λ","O"
"13025","ῶν","O"
"13026","κα","O"
"13027","τὰ","O"
"13028","οἶκον","O"
"13029","ἐόντων","O"
"13030","δ","O"
"13031","ἐκ","O"
"13032","κοινοῦ","O"
"13033","δίφρων","O"
"13034",".","O"
"13035","καμὰ","O"
"13036","τ","O"
"13037","ῳ","O"
"13038","τε","O"
"13039","καὶ","O"
"13040","ἱδρ","O"
"13041","ῷ","O"
"13042","ν","O"
"13043","ωλεμὲϲ","O"
"13044","ἀεὶ","O"
"13045","γούνα","O"
"13046","τὰ","O"
"13047","τε","O"
"13048","κνῆμαί","O"
"13049","τε","O"
"13050","παλάϲϲετο","O"
"13051","ὡϲ","O"
"13052","ἐκ","O"
"13053","κοινοῦ","O"
"13054","τὸ","O"
"13055","παλάϲϲοντο","O"
"13056","ληπτέον","O"
"13057",".","O"
"13058","καὶ","O"
"13059","ἐπὶ","O"
"13060","μὲν","O"
"13061","τῶν","O"
"13062","γονάτων","O"
"13063","οἰκείωϲ","O"
"13064","εἴρηιο","O"
"13065",",","O"
"13066","ἐπὶ","O"
"13067","δὲ","O"
"13068","τῶν","O"
"13069","κνημῶν","O"
"13070","ὑπακουϲτέον","O"
"13071",".","O"
"13072","ἐκ","O"
"13073","π","O"
"13074","ὸλιοϲ","O"
"13075","δ","O"
"13076","ἄξεϲθε","O"
"13077","β","O"
"13078","όαϲ","O"
"13079","καὶ","O"
"13080","ἴφια","O"
"13081","μῆλα","O"
"13082","καρπαλίμωϲ","O"
"13083",",","O"
"13084","οἶνον","O"
"13085","δὲ","O"
"13086","με","O"
"13087","ίφρονα","O"
"13088","οίζεϲθε","O"
"13089",",","O"
"13090","ϲῖτον","O"
"13091","δ","O"
"13092","ἐκ","O"
"13093","μεγάρ","LOC"
"13094","ων","O"
"13095","θ","O"
"13096","—","O"
"13097","οὔτε","O"
"13098","γὰρ","O"
"13099","οἰνίζεϲθε","O"
"13100","οὔτε","O"
"13101","ἄξεϲθε","O"
"13102",",","O"
"13103","ἀλλὰ","O"
"13104","φέρετε","O"
"13105","ἢ","O"
"13106","λαμβάνετε","O"
"13107",".","O"
"13108","καὶ","O"
"13109","πάλιν","O"
"13110","·","O"
"13111","οἱ","O"
"13112","μὲν","O"
"13113","ἔπειθ","O"
"13114","ἵζοντο","O"
"13115","κατὰ","O"
"13116","ϲτίχαϲ","O"
"13117",",","O"
"13118","ἧχι","O"
"13119","ἑκάϲτῳ","O"
"13120","ἵπ","O"
"13121","π","O"
"13122","οι","O"
"13123","ἀερϲίποδεϲ","O"
"13124","καὶ","O"
"13125","ποικίλα","O"
"13126","τεύχε","O"
"13127","ἔκειτο","O"
"13128","Γ","O"
"13129","οὐ","O"
"13130","γὰρ","O"
"13131","καὶ","O"
"13132","οἱ","O"
"13133","ἵπποι","O"
"13134","ἔκειντο","O"
"13135",",","O"
"13136","ἀλλὰ","O"
"13137","τὸ","O"
"13138","εἱϲτήκειϲαν","O"
"13139","ἀκούομεν","O"
"13140","ἢ","O"
"13141","ἦϲαν","O"
"13142",",","O"
"13143","ὡϲ","O"
"13144","ἐπὶ","O"
"13145","τοῦ","O"
"13146","ποῦ","O"
"13147","δέ","O"
"13148","οἱ","O"
"13149","ἔντεα","O"
"13150","κεῖ","O"
"13151","το","O"
"13152","ἀρήϊα","O"
"13153",",","O"
"13154","ποῦ","O"
"13155","δέ","O"
"13156","οἱ","O"
"13157","ἵπ","O"
"13158","ποι","O"
"13159","Κ","O"
"13160",";","O"
"13161","ὑπακουϲόμεθα","O"
"13162","γὰρ","O"
"13163","τὸ","O"
"13164","εἰϲίν","O"
"13165","ἢ","O"
"13166","εἱϲτήκειϲαν","O"
"13167",".","O"
"13168","ο","O"
"13169","μὰν","O"
"13170","ἀκληεῖϲ","O"
"13171","Λυκίην","LOC"
"13172","κατακοιρανέουϲιν","O"
"13173","ἡμέτεροι","O"
"13174","βαϲιλῆεϲ","O"
"13175",",","O"
"13176","ἔδουϲί","O"
"13177","τε","O"
"13178","πίον","O"
"13179","α","O"
"13180","μ","O"
"13181","ῆλα","O"
"13182","οἶνόν","O"
"13183","τ","O"
"13184","ἔξαιτον","O"
"13185","Μ","O"
"13186","—","O"
"13187",",","O"
"13188","δηλονότι","O"
"13189","πίνουϲι","O"
"13190",".","O"
"13191","τὰ","O"
"13192","τοιαῦτα","O"
"13193","παρατηρῶν","O"
"13194","τιϲ","O"
"13195","πολλὰ","O"
"13196","λύϲει","O"
"13197","τῶν","O"
"13198","ζητουμένων","O"
"13199","κατὰ","O"
"13200","τὸ","O"
"13201","παραπλήϲιον","O"
"13202",".","O"
"13203","τούτοιϲ","O"
"13204","γὰρ","O"
"13205","ὅμοιον","O"
"13206","τὸ","O"
"13207","ἀλ","O"
"13208","λ","O"
"13209","ὰ","O"
"13210","πολ","O"
"13211","πρὶν","O"
"13212","φραζ","O"
"13213","ώμεϲθ","O"
"13214","ὥϲ","O"
"13215","κεν","O"
"13216","καταβαλεῖν","O"
"13217","παύϲομεν","O"
"13218",",","O"
"13219","ἠ","O"
"13220","δὲ","O"
"13221","καὶ","O"
"13222","αὐ","O"
"13223","τοὶ","O"
"13224","παυέϲθων","O"
"13225","·","O"
"13226","καὶ","O"
"13227","γάρ","O"
"13228","ϲφιν","O"
"13229","ἄρα","O"
"13230","ρ","O"
"13231","τόδε","O"
"13232","λ","O"
"13233","ώϊόν","O"
"13234","ἐϲτιν","O"
"13235","β","O"
"13236",".","O"
"13237","ἐκ","O"
"13238","κοινοῦ","O"
"13239","γὰρ","O"
"13240","δεῖ","O"
"13241","λαβεῖν","O"
"13242","τὸ","O"
"13243","παυέϲθων","O"
"13244","καὶ","O"
"13245","ϲχηματίϲαι","O"
"13246","οἰκείωϲ","O"
"13247","τοῖϲ","O"
"13248","ἑξῆϲ","O"
"13249",",","O"
"13250","ἵν","O"
"13251","ᾖ","O"
"13252","·","O"
"13253","καὶ","O"
"13254","γὰρ","O"
"13255","καὶ","O"
"13256","αὐτοῖϲ","O"
"13257","ἄφαρ","O"
"13258","παυϲαμένοιϲ","O"
"13259","καὶ","O"
"13260","ταχέωϲ","O"
"13261",",","O"
"13262","πρὶν","O"
"13263","ἐλθεῖν","O"
"13264","τὸν","O"
"13265","Ὀδυϲϲέα","O"
"13266",",","O"
"13267","λώϊόν","O"
"13268","ἐϲτι","O"
"13269","·","O"
"13270","προείρηται","O"
"13271","γὰρ","O"
"13272","ἀλλὰ","O"
"13273","που","O"
"13274","ἤδη","O"
"13275","ἐγγ","O"
"13276","ὺϲ","O"
"13277","ἐὼν","O"
"13278","τοῖϲδεϲϲι","O"
"13279","φόνον","O"
"13280","καὶ","O"
"13281","κῆρα","O"
"13282","φυτεύει","O"
"13283","πάντεϲϲι","O"
"13284","β","O"
"13285","τὸ","O"
"13286","δὲ","O"
"13287","ἄφαρ","O"
"13288","χεῖρεϲ","O"
"13289","ἀμ","O"
"13290","ύνειν","O"
"13291","εἰϲὶ","O"
"13292","καὶ","O"
"13293","ἡμῖν","O"
"13294","Ν","O"
"13295","ἐντὸϲ","O"
"13296","ὑπερβατῷ","O"
"13297","εἴρηται","O"
"13298","·","O"
"13299","ἐπεὶ","O"
"13300","εἰϲὶ","O"
"13301","γὰρ","O"
"13302","καὶ","O"
"13303","ἡμῖν","O"
"13304","χεῖρεϲ","O"
"13305","ὥϲτ","O"
"13306","ἄφαρ","O"
"13307","ἀμύνειν","O"
"13308",".","O"
"13309","τὸ","O"
"13310","δὲ","O"
"13311","αἲ","O"
"13312","γὰρ","O"
"13313","δὴ","O"
"13314","Ὀ","O"
"13315","δυϲεύϲ","O"
"13316","τε","O"
"13317","καὶ","O"
"13318","ὁ","O"
"13319","κρα","O"
"13320","τερ","O"
"13321","ὸϲ","O"
"13322","Διομ","O"
"13323","ήδηϲ","O"
"13324","ὦδ","O"
"13325","ἄφαρ","O"
"13326","ἐκ","O"
"13327","Τρώων","NORP"
"13328","ἐλαϲαίατο","O"
"13329","μών","O"
"13330","υχαϲ","O"
"13331","ἵπ","O"
"13332","π","O"
"13333","ουϲ","O"
"13334","Η","O"
"13335",".","O"
"13336","δῆλον","O"
"13337","οὐ","O"
"13338","τὸ","O"
"13339","ταχέωϲ","O"
"13340",".","O"
"13341","ἀπὸ","O"
"13342","δὲ","O"
"13343","τοῦ","O"
"13344","ἄφαρ","O"
"13345","ἔοικεν","O"
"13346","ἐντὸϲ","O"
"13347","ϲυνηθείᾳ","O"
"13348","εἶναι","O"
"13349","τῶν","O"
"13350","Ἀλεξανδρέων","NORP"
"13351","τὸ","O"
"13352","λέγειν","O"
"13353","ἀφαρεὶ","O"
"13354","πεποίηκε","O"
"13355",",","O"
"13356","τὸ","O"
"13357","ἐϲπευϲμένωϲ","O"
"13358","καὶ","O"
"13359","τεθορυβημένυϲ","O"
"13360",".","O"
"13361","Ὅμηροϲ","O"
"13362","δὲ","O"
"13363","ἀπὸ","O"
"13364","τοῦ","O"
"13365","ἄφαρ","O"
"13366","πεποίηκε","O"
"13367","τὸ","O"
"13368","ἀφάρτεροι","O"
"13369",",","O"
"13370","οἱ","O"
"13371","ταχύτεροι","O"
"13372","·","O"
"13373","τῶν","O"
"13374","δ","O"
"13375","ἵ","O"
"13376","π","O"
"13377","π","O"
"13378","οι","O"
"13379","μὲν","O"
"13380","ἔαϲιν","O"
"13381","ἀφὰρτεροι","O"
"13382","Ψ","O"
"13383",",","O"
"13384","ἤτοι","O"
"13385","ταχύτεροι","O"
"13386",".","O"
"13387","πολλάκιϲ","O"
"13388","δὲ","O"
"13389","ὁ","O"
"13390","ποιητὴϲ","O"
"13391","ἐντὸϲ","O"
"13392","ἄλλοιϲ","O"
"13393","μὲν","O"
"13394","τὸ","O"
"13395","πλῆρεϲ","O"
"13396","λέγει","O"
"13397",",","O"
"13398","ἐντὸϲ","O"
"13399","ἄλλοιϲ","O"
"13400","δὲ","O"
"13401","τὸ","O"
"13402","ἐλλιπέϲ","O"
"13403",",","O"
"13404","καὶ","O"
"13405","δεῖ","O"
"13406","ἀναπληροῦν","O"
"13407","μαθόνταϲ","O"
"13408","παρ","O"
"13409","αὐτοῦ","O"
"13410","τί","O"
"13411","ἦν","O"
"13412","τὸ","O"
"13413","λεῖπον","O"
"13414",",","O"
"13415","οἷον","O"
"13416","εἶπέ","O"
"13417","που","O"
"13418","·","O"
"13419","ὡϲ","O"
"13420","δ","O"
"13421","α","O"
"13422","ὕ","O"
"13423","τωϲ","O"
"13424","καὶ","O"
"13425","κεῖνο","O"
"13426","ἰδὼν","O"
"13427","ἐτέθή","O"
"13428","πεα","O"
"13429","θυμ","O"
"13430","ῷ","O"
"13431",",","O"
"13432","ὡϲ","O"
"13433","ϲὲ","O"
"13434",",","O"
"13435","γύναι","O"
"13436",",","O"
"13437","ἄγαμαί","O"
"13438","τε","O"
"13439","τέθη","O"
"13440","π","O"
"13441","ά","O"
"13442","τε","O"
"13443","δείδια","O"
"13444","δ","O"
"13445","αἰν","O"
"13446","ῶϲ","O"
"13447",".","O"
"13448","λέγει","O"
"13449","οὖν","O"
"13450","ὡϲαύτωϲ","O"
"13451",",","O"
"13452","ὅπερ","O"
"13453","καὶ","O"
"13454","ἐντὸϲ","O"
"13455","τῇ","O"
"13456","ϲυνηθείᾳ","O"
"13457","λέγεται","O"
"13458","·","O"
"13459","ὡϲαύτωϲ","O"
"13460","με","O"
"13461","ἀδικεῖϲ","O"
"13462","ὡϲ","O"
"13463","καὶ","O"
"13464","πολλάκιϲ","O"
"13465",".","O"
"13466","καὶ","O"
"13467","ὅταν","O"
"13468","οὖν","O"
"13469","λέγῃ","O"
"13470","·","O"
"13471","α","O"
"13472","ὕτωϲ","O"
"13473","γὰρ","O"
"13474","ἐπέεϲϲ","O"
"13475","ἐριδαίνομεν","O"
"13476","Β","O"
"13477",",","O"
"13478","λείπειν","O"
"13479","φήϲομεν","O"
"13480","τὸ","O"
"13481","ὡϲ","O"
"13482",",","O"
"13483","ἵν","O"
"13484","ᾖ","O"
"13485","·","O"
"13486","ὡϲαύτωϲ","O"
"13487","γὰρ","O"
"13488","λόγοιϲ","O"
"13489","μόνοιϲ","O"
"13490","ἐριδαίνομεν","O"
"13491",",","O"
"13492","μηχανὴν","O"
"13493","δὲ","O"
"13494","εὑρεῖν","O"
"13495",",","O"
"13496","οὗ","O"
"13497","ἕνεκα","O"
"13498","ἐληλύθειμεν","O"
"13499",",","O"
"13500","οὐ","O"
"13501","δυνάμεθα","O"
"13502",".","O"
"13503","ὅμοιον","O"
"13504","καὶ","O"
"13505","τὸ","O"
"13506","ἀλλ","O"
"13507","α","O"
"13508","ὕτωϲ","O"
"13509","ἀ","O"
"13510","λά","O"
"13511","λημαι","O"
"13512","ἀν","O"
"13513","εὐρυπυλὲϲ","PERSON"
"13514","Ἄιδοϲ","O"
"13515","δ","O"
"13516","ῶ","O"
"13517","Ψ","O"
"13518",",","O"
"13519","τουτέϲτιν","O"
"13520","ὡϲαύτωϲ","O"
"13521","ὡϲ","O"
"13522","κατῆλθον","O"
"13523","καὶ","O"
"13524","ἐξ","O"
"13525","ο","O"
"13526","κατῆλθον","O"
"13527","ὁμοίωϲ","O"
"13528","ἀλάλημαι","O"
"13529",".","O"
"13530","οὕτωϲ","O"
"13531","ἀκουϲόμεθα","O"
"13532","καὶ","O"
"13533","τὸ","O"
"13534","ο","O"
"13535","ὔπ","O"
"13536","ω","O"
"13537","μίν","O"
"13538","φαϲιν","O"
"13539","φαγέμεν","O"
"13540","καὶ","O"
"13541","πιέμεν","O"
"13542","α","O"
"13543","ὕτωϲ","O"
"13544","π","O"
"13545",",","O"
"13546","ὡϲαύτωϲ","O"
"13547","καὶ","O"
"13548","ὁμοίωϲ","O"
"13549",".","O"
"13550","κτεν","O"
"13551","έει","O"
"13552","δέ","O"
"13553","με","O"
"13554","γυμινὸν","O"
"13555","ἐόντα","O"
"13556","α","O"
"13557","ὕτωϲ","O"
"13558","ὥϲτε","O"
"13559","γυναῖκα","O"
"13560",",","O"
"13561","ὡϲαύτωϲ","O"
"13562","ὡϲ","O"
"13563","γυναῖκα","O"
"13564",".","O"
"13565","α","O"
"13566","ὕτ","O"
"13567","ωϲ","O"
"13568","ὔτε","O"
"13569","θεᾶϲ","O"
"13570","υἱὸϲ","O"
"13571","φίλοϲ","O"
"13572","ὔτε","O"
"13573","θεοῖο","O"
"13574","Κ","O"
"13575","ὡϲαύτωϲ","O"
"13576","οὔτε","O"
"13577","θεᾶϲ","O"
"13578","υἱὸϲ","O"
"13579","ἔρεξεν","O"
"13580","οὔτε","O"
"13581","θεοῖο","O"
"13582",".","O"
"13583","ζητ","O"
"13584",".","O"
"13585","Β","O"
"13586",".","O"
"13587","ἀείκιζε","O"
"13588","Ω","O"
"13589",".","O"
"13590","Μ","O"
"13591",".","O"
"13592",",","O"
"13593","Π","O"
"13594",".","O"
"13595","αἰκία","O"
"13596","δὲ","O"
"13597","οὐχ","O"
"13598","ἡ","O"
"13599","ὕβριϲ","O"
"13600","μόνον","O"
"13601",",","O"
"13602","ἀλλὰ","O"
"13603","καὶ","O"
"13604","τὸ","O"
"13605","αἶϲχοϲ","O"
"13606",",","O"
"13607","παρὰ","O"
"13608","τοῦ","O"
"13609","μὴ","O"
"13610","ἐοικέναι","O"
"13611",",","O"
"13612","ὃ","O"
"13613","δηλοῖ","O"
"13614","τὸ","O"
"13615","καθήκειν","O"
"13616",",","O"
"13617","ὥϲ","O"
"13618","φηϲιν","O"
"13619","δαίνυ","O"
"13620","δαῖτα","O"
"13621","γέρου","O"
"13622","ἐντὸϲ","O"
"13623","ϲιν","O"
"13624","·","O"
"13625","ἔοικέ","O"
"13626","τοι","O"
"13627",",","O"
"13628","ο","O"
"13629","ὔτι","O"
"13630","ἀεικέϲ","O"
"13631",",","O"
"13632","ὡϲ","O"
"13633","εἰ","O"
"13634","ἔλεγε","O"
"13635","·","O"
"13636","πρέπει","O"
"13637","ϲοι","O"
"13638","καὶ","O"
"13639","καθήκει","O"
"13640","τοῦτο","O"
"13641",".","O"
"13642","ὅτι","O"
"13643","δὲ","O"
"13644","ἡ","O"
"13645","αἰκία","O"
"13646","καὶ","O"
"13647","ἐπὶ","O"
"13648","τοῦ","O"
"13649","αἴϲχουϲ","O"
"13650","δηλοῖ","O"
"13651","·","O"
"13652","εἰπὼν","O"
"13653","γὰρ","O"
"13654","τοῖο","O"
"13655","δ","O"
"13656","Ἀπόλλων","GOD"
"13657","πᾶϲαν","O"
"13658","ἀεικίην","O"
"13659","ἄπεχε","O"
"13660","χροΐ","O"
"13661","Ω","O"
"13662",",","O"
"13663","εἶτά","O"
"13664","φηϲιν","O"
"13665","αἶϲχοϲ","O"
"13666","ἄπειρον","O"
"13667","ἐξηγούμενοϲ","O"
"13668","τὴν","O"
"13669","ἀεικίαν","O"
"13670","·","O"
"13671","ἦ","O"
"13672","μέν","O"
"13673","μιν","O"
"13674","περὶ","O"
"13675","ϲῆμα","O"
"13676","ἑοῦ","O"
"13677","ἑτάροιο","O"
"13678","φίλοιο","O"
"13679","ἕλκει","O"
"13680","ἀκηδέϲτωϲ","O"
"13681",",","O"
"13682","οὐδέ","O"
"13683","μιν","O"
"13684","αἰϲχ","O"
"13685","ύνει","O"
"13686","Ω","O"
"13687","—","O"
"13688","·","O"
"13689","κωφὴν","O"
"13690","γὰρ","O"
"13691","δὴ","O"
"13692","γαῖαν","O"
"13693","ἀεικίζει","O"
"13694","μενεαίνων","O"
"13695","Ω","O"
"13696",",","O"
"13697","ὑβρίζει","O"
"13698","ἢ","O"
"13699","ἀεικίζει","O"
"13700",",","O"
"13701","ἐφ","O"
"13702","οἷϲ","O"
"13703","οὐκ","O"
"13704","ἄν","O"
"13705","τιϲ","O"
"13706","εἴξειεν","O"
"13707","·","O"
"13708","ἢ","O"
"13709","ἀνόμοιον","O"
"13710","ποιεῖ","O"
"13711","τῷ","O"
"13712","πρόϲθεν","O"
"13713","καὶ","O"
"13714","οὐκ","O"
"13715","ἐοικὸϲ","O"
"13716","ἑαυτῷ","O"
"13717",".","O"
"13718","ὅθεν","O"
"13719","ἐπαγγελλόμενοϲ","O"
"13720","τὸ","O"
"13721","μὴ","O"
"13722","αίκίϲαι","O"
"13723","φηϲίν","O"
"13724","·","O"
"13725","ἀ","O"
"13726","λλ","O"
"13727","ἐπεὶ","O"
"13728","ἄρ","O"
"13729","κέ","O"
"13730","ϲε","O"
"13731","ϲυλήϲω","O"
"13732","κλυτὰ","O"
"13733","τε","O"
"13734","ύχε᾿","O"
"13735",",","O"
"13736","Ἀλχιλλεῦ","O"
"13737",",","O"
"13738","νεκρὸν","O"
"13739","Ἀλχαιοῖϲι","O"
"13740","δ","O"
"13741","ώϲω","O"
"13742","πάλιν","O"
"13743","Χ","O"
"13744",".","O"
"13745","οὐ","O"
"13746","γὰρ","O"
"13747","ἐγ","O"
"13748","ώ","O"
"13749","ϲ","O"
"13750","ἔκπαγλον","O"
"13751","ἀεικι","O"
"13752","ῶ","O"
"13753",",","O"
"13754","πρὸϲ","O"
"13755","ὃ","O"
"13756","εἶπεν","O"
"13757","οἶον","O"
"13758","χωρὶϲ","O"
"13759","τοῦ","O"
"13760","ἀπεοικότα","O"
"13761","γενέϲθαι","O"
"13762","·","O"
"13763","δώϲω","O"
"13764","τὸν","O"
"13765","νεκρόν","O"
"13766",".","O"
"13767","τὸ","O"
"13768","δὲ","O"
"13769","παρὰ","O"
"13770","τὸ","O"
"13771","καθῆκον","O"
"13772","ἀεικέλιον","O"
"13773","λέγει","O"
"13774","·","O"
"13775","δμωάϲ","O"
"13776","τε","O"
"13777","γυναἰκαϲ","O"
"13778","ῥυϲτά","O"
"13779","ζονταϲ","O"
"13780","ἀεικελίωϲ","O"
"13781","π","O"
"13782",".","O"
"13783","ῥυϲτάζειν","O"
"13784","δὲ","O"
"13785","τὸ","O"
"13786","ἕλκειν","O"
"13787","εἰϲ","O"
"13788","ὕβριν","O"
"13789","·","O"
"13790","πῶϲ","O"
"13791","νῦν","O"
"13792",",","O"
"13793","εἴ","O"
"13794","τιϲ","O"
"13795","ξένοϲ","O"
"13796","ἐντὸϲ","O"
"13797","ἡμετέροιϲι","O"
"13798","δόμοιϲιν","O"
"13799","ἥμενοϲ","O"
"13800","ὧ","O"
"13801","δε","O"
"13802","π","O"
"13803","άθοι","O"
"13804","ῥυϲτακτύοϲ","O"
"13805","ἐξ","O"
"13806","ἀλεγεινῆϲ","O"
"13807","ϲοί","O"
"13808","τ","O"
"13809","αἶϲχοϲ","O"
"13810","λ","O"
"13811","ώβ","O"
"13812","η","O"
"13813","τε","O"
"13814","μετ","O"
"13815","ἀνθρώ","O"
"13816","ποιϲι","O"
"13817","γέν","O"
"13818","οιτο","O"
"13819","ϲ","O"
"13820","—","O"
"13821","τὴν","O"
"13822","γὰρ","O"
"13823","ὕβριν","O"
"13824","ἔφη","O"
"13825","ῥυϲτακτὸν","O"
"13826","μεταφορικῶϲ","O"
"13827","ἀπὸ","O"
"13828","τῶν","O"
"13829","ἑλκομένων","O"
"13830","·","O"
"13831","οὐ","O"
"13832","γὰρ","O"
"13833","εἱλκύϲθη","O"
"13834","ἀλλ","O"
"13835","ὑβρίϲθη","O"
"13836",".","O"
"13837","τὸ","O"
"13838","μέντοι","O"
"13839","ἕλκειν","O"
"13840","εἰϲ","O"
"13841","ὕβριν","O"
"13842","ἔφη","O"
"13843","·","O"
"13844","Λητ","O"
"13845","ὼ","O"
"13846","δὲ","O"
"13847","εἵλκυϲεν","O"
"13848",",","O"
"13849","ὕβριϲε","O"
"13850",",","O"
"13851","Διὸϲ","O"
"13852","κυδρὴν","O"
"13853","παρά","O"
"13854","κοιτιν","O"
"13855","λ","O"
"13856",".","O"
"13857","καὶ","O"
"13858","ἐκ","O"
"13859","πλήρουϲ","O"
"13860","ἐντὸϲ","O"
"13861","ἄλλοιϲ","O"
"13862","·","O"
"13863","ἑλκ","O"
"13864","ύϲουϲιν","O"
"13865","ἀεικελίωϲ","O"
"13866","Χ","O"
"13867",".","O"
"13868","παραγράφειν","O"
"13869","τηρητέον","O"
"13870","δὲ","O"
"13871","τὰ","O"
"13872","ἐκ","O"
"13873","πλήρουϲ","O"
"13874","παρ","O"
"13875","αὐτῷ","O"
"13876","λεγόμενα","O"
"13877",",","O"
"13878","ἵνα","O"
"13879","καὶ","O"
"13880","τὰ","O"
"13881","ἐλλιπῶϲ","O"
"13882","προενηνεγμένα","O"
"13883","ἐκεῖθεν","O"
"13884","ἀναπληρώϲωμεν","O"
"13885",".","O"
"13886","ἐκ","O"
"13887","πλήρουϲ","O"
"13888","μὲν","O"
"13889","γὰρ","O"
"13890","ἔφη","O"
"13891","·","O"
"13892","πῶϲ","O"
"13893","κεν","O"
"13894","ἔοι","O"
"13895","τάδε","O"
"13896","ἔργα","O"
"13897","Λ","O"
"13898",";","O"
"13899","ἐλλιπῶϲ","O"
"13900","δὲ","O"
"13901","πῶϲ","O"
"13902","κ","O"
"13903","ἔοι","O"
"13904",",","O"
"13905","εἴ","O"
"13906","τιϲ","O"
"13907","νῶι","O"
"13908","θεῶν","O"
"13909","αἰειγενετάων","O"
"13910","εὕδοντ","O"
"13911","ἀθρήϲειε","O"
"13912","Ξ","O"
"13913",";","O"
"13914","καὶ","O"
"13915","ἔτι","O"
"13916","ἐλλιπέϲτερον","O"
"13917","πῶϲ","O"
"13918","οὖν","O"
"13919",",","O"
"13920","εἴ","O"
"13921","τιϲ","O"
"13922","ξένοϲ","O"
"13923","ἐντὸϲ","O"
"13924","ἡμετέροιϲι","O"
"13925","δόμοιϲιν","O"
"13926","ϲ","O"
"13927",";","O"
"13928","τὸ","O"
"13929","δὲ","O"
"13930","πλῆρεϲ","O"
"13931","·","O"
"13932","πῶϲ","O"
"13933","κεν","O"
"13934","ἔοι","O"
"13935","τάδε","O"
"13936","ἔργα","O"
"13937",";","O"
"13938","ὅτι","O"
"13939","δὲ","O"
"13940","τὸ","O"
"13941","ἀεικίζειν","O"
"13942","ἤτοι","O"
"13943","αἰκίζειν","O"
"13944","τὸ","O"
"13945","μὴ","O"
"13946","ἐοικότα","O"
"13947","ποιεῖν","O"
"13948",",","O"
"13949","δῆλον","O"
"13950","ἐκ","O"
"13951","τοῦ","O"
"13952","ἀλλὰ","O"
"13953","κατῄκιϲται","O"
"13954","π","O"
"13955",".","O"
"13956","τ","O"
"13957",",","O"
"13958","τουτέϲτιν","O"
"13959","ἀλλ","O"
"13960","ἀνωμοίωται","O"
"13961",".","O"
"13962","καὶ","O"
"13963","ἀϲκηθήϲ","O"
"13964","οὖν","O"
"13965","ὁ","O"
"13966","μὴ","O"
"13967","παθὼν","O"
"13968","ἀεικέλια","O"
"13969",",","O"
"13970","μηδ","O"
"13971","ἀάϲχετα","O"
"13972","μηδ","O"
"13973","αἰϲχυνθείϲ","O"
"13974",",","O"
"13975","ἀλλ","O"
"13976","ὁλόκληροϲ","O"
"13977",".","O"
"13978","ἐξηγεῖται","O"
"13979","δὲ","O"
"13980","αὐτόϲ","O"
"13981","·","O"
"13982","ἀϲκηθήϲ","O"
"13983","μοι","O"
"13984","ἔπειτα","O"
"13985","θοὰϲ","O"
"13986","ἐπὶ","O"
"13987","νῆαϲ","O"
"13988","ἵκοιτο","O"
"13989","τεύχεϲί","O"
"13990","τε","O"
"13991","ξύμπαϲι","O"
"13992","καὶ","O"
"13993","ἀγχεμάχ","O"
"13994","οιϲ","O"
"13995","ἑτάροιϲι","O"
"13996","Π","O"
"13997",".","O"
"13998","τούτῳ","O"
"13999","ἴϲον","O"
"14000","τὸ","O"
"14001","ἀρτεμήϲ","O"
"14002","·","O"
"14003","ὡϲ","O"
"14004","εἶδον","O"
"14005","ζωόν","O"
"14006","τε","O"
"14007","καὶ","O"
"14008","ἀρτεμέα","O"
"14009","προϲιόντα","O"
"14010","ε","O"
"14011",".","O"
