"ID","TOKEN","NER"
"1","Τέχνη","O"
"2","περὶ","O"
"3","τῶν","O"
"4","πανηγυρικῶν","O"
"5","Πανηγύρεις","O"
"6","εὕρημα","O"
"7","μὲν","O"
"8","καὶ","O"
"9","δῶρον","O"
"10","θεῶν","O"
"11","εἰς","O"
"12","ἀνάπαυσιν","O"
"13","τῶν","O"
"14","περὶ","O"
"15","τὸν","O"
"16","βίον","O"
"17","αἰεὶ","O"
"18","πόνων","O"
"19","παραδιδόμεναι","O"
"20",",","O"
"21","ὥς","O"
"22","που","O"
"23","ὁ","O"
"24","Πλάτων","PERSON"
"25","φησίν","O"
"26",",","O"
"27","οἰκτειράντων","O"
"28","τῶν","O"
"29","θεῶν","O"
"30","τὸ","O"
"31","ἀνθρώπειον","O"
"32","ἐπίπονον","O"
"33","γένος","O"
"34","·","O"
"35","συνήχθησαν","O"
"36","δὲ","O"
"37","ὑπὸ","O"
"38","ἀνθρώπων","O"
"39","σοφῶν","O"
"40",",","O"
"41","κατεστάθησαν","O"
"42","δὲ","O"
"43","ὑπὸ","O"
"44","πόλεων","O"
"45","κοινῇ","O"
"46","κοινῷ","O"
"47","δόγματι","O"
"48","εἰς","O"
"49","τέρψιν","O"
"50","καὶ","O"
"51","ψυχαγωγίαν","O"
"52","τῶν","O"
"53","παρόντων","O"
"54",".","O"
"55","συντέλεια","O"
"56","δὲ","O"
"57","ἡ","O"
"58","εἰς","O"
"59","τὰς","O"
"60","πανηγύρεις","O"
"61","ἄλλη","O"
"62","ἄλλων","O"
"63","·","O"
"64","παρὰ","O"
"65","μὲν","O"
"66","τῶν","O"
"67","πλουσίων","O"
"68","δαπάναι","O"
"69","χρημάτων","O"
"70",",","O"
"71","παρὰ","O"
"72","δὲ","O"
"73","τῶν","O"
"74","ἀρχόντων","O"
"75","κόσμος","O"
"76","περὶ","O"
"77","τὴν","O"
"78","πανήγυριν","O"
"79","καὶ","O"
"80","τῶν","O"
"81","ἐπιτηδείων","O"
"82","εὐπορία","O"
"83","·","O"
"84","οἱ","O"
"85","δὲ","O"
"86","ἀθληταὶ","O"
"87","τῇ","O"
"88","ῥώμῃ","O"
"89","τῶν","O"
"90","σωμάτων","O"
"91","κοσμοῦσι","O"
"92","τὴν","O"
"93","πανήγυριν","O"
"94",",","O"
"95","καὶ","O"
"96","ὅσοι","O"
"97","γε","O"
"98","δὴ","O"
"99","Μουσῶν","GOD"
"100","καὶ","O"
"101","Ἀπόλλωνος","GOD"
"102","ὀπαδοί","O"
"103",",","O"
"104","τῇ","O"
"105","μουσικῇ","O"
"106","τῇ","O"
"107","παρ","O"
"108","ἑαυτῶν","O"
"109",".","O"
"110","ἀνδρὶ","O"
"111","δὲ","O"
"112","περὶ","O"
"113","λόγους","O"
"114","ἐσπουδακότι","O"
"115","καὶ","O"
"116","σύμπαντα","O"
"117","τὸν","O"
"118","ἑαυτοῦ","O"
"119","βίον","O"
"120","ἀνατεθεικότι","O"
"121","τούτοις","O"
"122","πρέποι","O"
"123","ἂν","O"
"124","οἶμαι","O"
"125","τοῖς","O"
"126","τοιούτοις","O"
"127","λόγοις","O"
"128","κοσμεῖν","O"
"129","τὴν","O"
"130","πανήγυριν","O"
"131",",","O"
"132","τέχνῃ","O"
"133","μετιόντι","O"
"134","τὸν","O"
"135","λόγον","O"
"136",",","O"
"137","ὡς","O"
"138","μὴ","O"
"139","κατὰ","O"
"140","τοὺς","O"
"141","πολλοὺς","O"
"142","εἴη","O"
"143","αὐτῷ","O"
"144","γινόμενος","O"
"145",".","O"
"146","φέρε","O"
"147","οὖν","O"
"148","εἰς","O"
"149","τοῦτο","O"
"150",",","O"
"151","ὁ","O"
"152","Ἐχέκρατες","PERSON"
"153",",","O"
"154","λέγωμέν","O"
"155","σοι","O"
"156",",","O"
"157","ὥςπερ","O"
"158","ὁδοῦ","O"
"159","τινος","O"
"160","ἀστιβοῦς","O"
"161","τοῖς","O"
"162","πολλοῖς","O"
"163","ἡγεμόνες","O"
"164","γιγνόμενοι","O"
"165",",","O"
"166","ἃ","O"
"167","πάλαι","O"
"168","παρὰ","O"
"169","τῶν","O"
"170","πατέρων","O"
"171","τῆς","O"
"172","ἡμεδαπῆς","O"
"173","σοφίας","O"
"174","παραλαβόντες","O"
"175","ἔχομεν","O"
"176",",","O"
"177","ἐκεῖνοι","O"
"178","δὲ","O"
"179","καὶ","O"
"180","οἱ","O"
"181","ἔτι","O"
"182","τούτων","O"
"183","ἀνωτέρω","O"
"184","παρ","O"
"185","Ἑρμοῦ","GOD"
"186","τε","O"
"187","καὶ","O"
"188","Μουσῶν","GOD"
"189","λαβεῖν","O"
"190","ἔφασαν","O"
"191","οὐ","O"
"192","μείον","O"
"193","ἢ","O"
"194","ὁ","O"
"195","Ἀσκραῖος","O"
"196","ποιμὴν","O"
"197","ποίησιν","O"
"198","παρὰ","O"
"199","τῶν","O"
"200","αὐτῶν","O"
"201","τούτων","O"
"202","ἐν","O"
"203","τῷ","O"
"204","Ἑλικῶνι","LOC"
"205",".","O"
"206","ἴθι","O"
"207","οὖν","O"
"208","σὺν","O"
"209","τέχνῃ","O"
"210","οὑτωσὶ","O"
"211","μετίωμεν","O"
"212","τοὺς","O"
"213","λόγους","O"
"214",".","O"
"215","Θεὸς","O"
"216","μέν","O"
"217","γέ","O"
"218","που","O"
"219","πάντως","O"
"220","πάσης","O"
"221","ἡςτινοςοῦν","O"
"222","πανηγύρεως","O"
"223","ἡγεμὼν","O"
"224","καὶ","O"
"225","ἐπώνυμος","O"
"226",",","O"
"227","οἷον","O"
"228","Ὀλυμπίων","NORP"
"229","μὲν","O"
"230","Ὀλύμπιος","O"
"231","Ζεύς","GOD"
"232",",","O"
"233","τοῦ","O"
"234","δὲ","O"
"235","ἐν","O"
"236","Πυθοῖ","LOC"
"237","Ἀπόλλων","GOD"
"238",".","O"
"239","ἀρχὴ","O"
"240","μὲν","O"
"241","δὴ","O"
"242","τοῦ","O"
"243","λόγου","O"
"244","τοῦδε","O"
"245","τοῦ","O"
"246","θεοῦ","O"
"247",",","O"
"248","ὅςτίς","O"
"249","ποτ","O"
"250","ἂν","O"
"251","ᾖ","O"
"252",",","O"
"253","ἔπαινος","O"
"254","ἡμῖν","O"
"255","γιγνέσθω","O"
"256",",","O"
"257","ὥςπερ","O"
"258","πρόσωπόν","O"
"259","τι","O"
"260","τηλαυγὲς","O"
"261","προκείμενος","O"
"262","τοῦ","O"
"263","λόγου","O"
"264",".","O"
"265","ἐπαινέσεις","O"
"266","δὲ","O"
"267","ἀπὸ","O"
"268","τῶν","O"
"269","προσόντων","O"
"270","τῷ","O"
"271","θεῷ","O"
"272","·","O"
"273","εἰ","O"
"274","μὲν","O"
"275","Ζεύς","GOD"
"276",",","O"
"277","ὅτι","O"
"278","βασιλεὺς","O"
"279","θεῶν","O"
"280",",","O"
"281","ὅτι","O"
"282","τῶν","O"
"283","ὅλων","O"
"284","δημιουργός","O"
"285","·","O"
"286","εἰ","O"
"287","δὲ","O"
"288","Ἀπόλλων","GOD"
"289",",","O"
"290","ὅτι","O"
"291","μουσικῆς","O"
"292","εὑρετής","O"
"293",",","O"
"294","ὅτι","O"
"295","ὁ","O"
"296","αὐτὸς","O"
"297","Ἡλίῳ","O"
"298",",","O"
"299","Ἡλιος","O"
"300","δὲ","O"
"301","πάντων","O"
"302","πᾶσιν","O"
"303","ἀγαλύνουσαν","O"
"304","θῶν","O"
"305","αἴτιος","O"
"306","·","O"
"307","εἰ","O"
"308","δὲ","O"
"309","Ἡρακλῆς","GOD"
"310",",","O"
"311","ὅτι","O"
"312","Διός","GOD"
"313",",","O"
"314","καὶ","O"
"315","ἃ","O"
"316","παρέσχεν","O"
"317","τῷ","O"
"318","βίῳ","O"
"319",".","O"
"320","καὶ","O"
"321","σχεδὸν","O"
"322","ὁ","O"
"323","τόπος","O"
"324","συμπληρωθήσεται","O"
"325","ἐξ","O"
"326","ὧν","O"
"327","ἕκαστος","O"
"328","ἢ","O"
"329","εὗρεν","O"
"330","ἢ","O"
"331","παρέσχεν","O"
"332","τοῖς","O"
"333","ἀνθρώποις","O"
"334",".","O"
"335","ἐν","O"
"336","βραχεῖ","O"
"337","δὲ","O"
"338","ταῦτα","O"
"339",",","O"
"340","ὡς","O"
"341","μὴ","O"
"342","τοῦ","O"
"343","ἐπιόντος","O"
"344","ὁ","O"
"345","λόγος","O"
"346","ὁ","O"
"347","προάγων","O"
"348","μείζων","O"
"349","γίγνοιτο","O"
"350",".","O"
"351","Ἐφεξῆς","O"
"352","ἐπιέναι","O"
"353","χρὴ","O"
"354","τὸν","O"
"355","ἔπαινον","O"
"356","τῆς","O"
"357","πόλεως","O"
"358",",","O"
"359","ἐν","O"
"360","ᾗ","O"
"361","ἡ","O"
"362","πανήγυρις","O"
"363","·","O"
"364","περὶ","O"
"365","θέσεως","O"
"366","αὐτῆς","O"
"367",",","O"
"368","περὶ","O"
"369","γενέσεως","O"
"370","·","O"
"371","ἐν","O"
"372","ᾧ","O"
"373","τίς","O"
"374","ὁ","O"
"375","κτίστης","O"
"376","θεὸς","O"
"377","ἢ","O"
"378","ἥρως","O"
"379",",","O"
"380","καὶ","O"
"381","εῖ","O"
"382","τι","O"
"383","ἔχεις","O"
"384","περὶ","O"
"385","αὐτοῦ","O"
"386","εἰπεῖν","O"
"387","·","O"
"388","εἴ","O"
"389","τι","O"
"390","πέπρακται","O"
"391","τῇ","O"
"392","πόλει","O"
"393","ἢ","O"
"394","ἐν","O"
"395","πολέμοις","O"
"396","ἢ","O"
"397","ἐπ","O"
"398","εἰρήνης","O"
"399",".","O"
"400","ἁρμόσει","O"
"401","δὲ","O"
"402","καὶ","O"
"403","περὶ","O"
"404","μεγέθους","O"
"405","λέγειν","O"
"406",",","O"
"407","εἰ","O"
"408","μεγάλη","O"
"409",",","O"
"410","ἢ","O"
"411","εἰ","O"
"412","σμικρά","O"
"413",",","O"
"414","ὅτι","O"
"415","κάλλει","O"
"416","διαφέρουσα","O"
"417",",","O"
"418","ὅτι","O"
"419","εἰ","O"
"420","καὶ","O"
"421","σμικρά","O"
"422",",","O"
"423","ἀλλὰ","O"
"424","δυνάμει","O"
"425","ἰσοῦται","O"
"426","ταῖς","O"
"427","μεγάλαις","O"
"428",".","O"
"429","ὅσα","O"
"430","περὶ","O"
"431","κόσμου","O"
"432",",","O"
"433","οἷον","O"
"434","ἱερῶν","O"
"435","ἢ","O"
"436","τῶν","O"
"437","ἐν","O"
"438","τούτοις","O"
"439","ἀναθημάτων","O"
"440",",","O"
"441","δημοσίων","O"
"442","οἰκοδομημάτων","O"
"443",",","O"
"444","ἰδιωτικῶν","O"
"445",",","O"
"446","ὥς","O"
"447","που","O"
"448","καὶ","O"
"449","Ἡρόδοτος","PERSON"
"450","πεντώροφα","O"
"451","καὶ","O"
"452","ἑξώροφα","O"
"453","φησὶν","O"
"454","εἶναι","O"
"455","ἐν","O"
"456","Βαβυλῶνι","LOC"
"457","·","O"
"458","ἂν","O"
"459","ποταμὸς","O"
"460","ᾖ","O"
"461","μέγας","O"
"462","ἢ","O"
"463","καθαρὸς","O"
"464","ἢ","O"
"465","συμβαλλόμενος","O"
"466","τοῖς","O"
"467","ἐνοικοῦσι","O"
"468","τὴν","O"
"469","χώραν","O"
"470","·","O"
"471","εἰ","O"
"472","δὲ","O"
"473","δὴ","O"
"474","καὶ","O"
"475","μῦθος","O"
"476","εἴη","O"
"477","λεγόμενός","O"
"478","τις","O"
"479","περὶ","O"
"480","τῆς","O"
"481","πόλεως","O"
"482",",","O"
"483","οὕτω","O"
"484","μὲν","O"
"485","ἂν","O"
"486","καὶ","O"
"487","πολλὴν","O"
"488","γλυκύτητα","O"
"489","ἔχοι","O"
"490","ὁ","O"
"491","λόγος","O"
"492",".","O"
"493","Λεκτέον","O"
"494","δὲ","O"
"495","ἐπὶ","O"
"496","τούτοις","O"
"497","καὶ","O"
"498","περὶ","O"
"499","αὐτοῦ","O"
"500","τοῦ","O"
"501","ἀγῶνος","O"
"502",",","O"
"503","τίς","O"
"504","ἀρχὴ","O"
"505","καὶ","O"
"506","κατάστασις","O"
"507","αὐτοῦ","O"
"508","ἢ","O"
"509","ἐφ","O"
"510","οἷςτισιν","O"
"511","ἐτέθη","O"
"512",",","O"
"513","εἴτε","O"
"514","μῦθός","O"
"515","τις","O"
"516","εἴη","O"
"517","εἴτε","O"
"518","ἄλλό","O"
"519","τι","O"
"520","ἀρχαῖον","O"
"521",".","O"
"522","ἐν","O"
"523","τούτῳ","O"
"524","δὲ","O"
"525","γενόμενος","O"
"526","μὴ","O"
"527","ἀπλῶς","O"
"528","παρέλθῃς","O"
"529","τὸν","O"
"530","τόπον","O"
"531",",","O"
"532","ἀλλὰ","O"
"533","παραστάθη","O"
"534",",","O"
"535","βαλεῖν","O"
"536","χρὴ","O"
"537","πρὸς","O"
"538","τοὺς","O"
"539","ἄλλους","O"
"540","ἀγῶνας","O"
"541",".","O"
"542","τοῦτο","O"
"543","δ","O"
"544","εὐπορήσεις","O"
"545","τῷ","O"
"546","λόγῳ","O"
"547",",","O"
"548","οἷον","O"
"549","ἀπὸ","O"
"550","καιροῦ","O"
"551","παραβάλλων","O"
"552","·","O"
"553","εἰ","O"
"554","μὲν","O"
"555","πρὸς","O"
"556","ἔαρ","LOC"
"557","ἄγοιτο","O"
"558",",","O"
"559","ὅτι","O"
"560","ἐν","O"
"561","τῷ","O"
"562","συμμετροτάτῳ","O"
"563","πρὸς","O"
"564","ἑκάτερα","O"
"565","·","O"
"566","εἰ","O"
"567","δὲ","O"
"568","ἐν","O"
"569","χειμῶνι","O"
"570",",","O"
"571","ὅτι","O"
"572","ἐν","O"
"573","τῷ","O"
"574","ἐρρωμενεστάτῳ","O"
"575","καὶ","O"
"576","ἀνδρειοτάτῳ","O"
"577",",","O"
"578","ὡς","O"
"579","ἂν","O"
"580","εἴποι","O"
"581","τις","O"
"582",",","O"
"583","καιρῷ","O"
"584","·","O"
"585","εἰ","O"
"586","δ","O"
"587","ἐν","O"
"588","θέρει","O"
"589",",","O"
"590","ὅτι","O"
"591","πρὸς","O"
"592","ἄσκησιν","O"
"593","καὶ","O"
"594","ἡ","O"
"595","θεωρία","O"
"596","τῶν","O"
"597","θεωμένων","O"
"598","κατεστάθη","O"
"599",",","O"
"600","καὶ","O"
"601","ὅτι","O"
"602","ἔλεγχος","O"
"603","τῆς","O"
"604","προαιρέσεως","O"
"605",",","O"
"606","ὡς","O"
"607","καὶ","O"
"608","μὴ","O"
"609","ὄντων","O"
"610","ἀθλητῶν","O"
"611","τοὺς","O"
"612","θεωμένους","O"
"613","ἀγωνίζεσθαι","O"
"614",".","O"
"615","ἔχοις","O"
"616","δ","O"
"617","ἂν","O"
"618","καὶ","O"
"619","τὸ","O"
"620","φθινόπωρον","O"
"621","ἐπαινεῖν","O"
"622","καὶ","O"
"623","ὅτι","O"
"624","ἀπὸ","O"
"625","συγκομιδῆς","O"
"626","τῶν","O"
"627","καρπῶν","O"
"628","καὶ","O"
"629","ἀπὸ","O"
"630","τοῦ","O"
"631","ἤδη","O"
"632","παύεσθαι","O"
"633","τοὺς","O"
"634","ἀνθρώπους","O"
"635","τῶν","O"
"636","πόνων","O"
"637",".","O"
"638","Σκοπεῖσθαι","O"
"639","δὲ","O"
"640","καὶ","O"
"641","τὸν","O"
"642","τρόπον","O"
"643","τῆς","O"
"644","διαθέσεως","O"
"645","τοῦ","O"
"646","ἀγῶνος","O"
"647","δεῖ","O"
"648",".","O"
"649","εἰ","O"
"650","μὲν","O"
"651","μουσικὸς","O"
"652","καὶ","O"
"653","γυμνικὸς","O"
"654","εἴη","O"
"655",",","O"
"656","ὅτι","O"
"657","τελεώτατος","O"
"658","ὁ","O"
"659","ἀγὼν","O"
"660","καὶ","O"
"661","ἀνενδεῶς","O"
"662","κεκραμένος","O"
"663","καὶ","O"
"664","ῥώμῃ","O"
"665","σωμάτων","O"
"666","καὶ","O"
"667","καλλιφωνίᾳ","O"
"668","καὶ","O"
"669","τοῖς","O"
"670","λοιποῖς","O"
"671","μέρεσι","O"
"672","τῆς","O"
"673","μουσικῆς","O"
"674","·","O"
"675","εἰ","O"
"676","δὲ","O"
"677","γυμνικός","O"
"678",",","O"
"679","ὅτι","O"
"680","τὴν","O"
"681","μουσικὴν","O"
"682","ὡς","O"
"683","ἐκθηλύνουσαν","O"
"684","τὴν","O"
"685","ψυχὴν","O"
"686","παρῃτήσατο","O"
"687",",","O"
"688","τὴν","O"
"689","δὲ","O"
"690","ῥώμην","O"
"691","τῶν","O"
"692","σωμάτων","O"
"693","παρέλαβεν","O"
"694",",","O"
"695","καὶ","O"
"696","ὅτι","O"
"697","ὁ","O"
"698","τρόπος","O"
"699","τῆς","O"
"700","ἀγωνίας","O"
"701","χρήσιμος","O"
"702","πρὸς","O"
"703","τὴν","O"
"704","ἀνδρείαν","O"
"705","τὴν","O"
"706","ἐν","O"
"707","τοῖς","O"
"708","πολέμοις","O"
"709",".","O"
"710","Μὴ","O"
"711","παρέργως","O"
"712","δὲ","O"
"713","μηδὲ","O"
"714","αὐτὸν","O"
"715","τὸν","O"
"716","στέφανον","O"
"717","παρέλθῃς","O"
"718",",","O"
"719","ὅςτις","O"
"720","ἐπῇ","O"
"721","οὐδὲ","O"
"722","γὰρ","O"
"723","ἐν","O"
"724","τούτῳ","O"
"725","γενόμενος","O"
"726","ἀπορήσεις","O"
"727","ἐπαίνου","O"
"728","·","O"
"729","τὴν","O"
"730","μὲν","O"
"731","δρῦν","O"
"732",",","O"
"733","ὅτι","O"
"734","ἱερὰ","O"
"735","Διός","GOD"
"736",",","O"
"737","καὶ","O"
"738","ὅτι","O"
"739","ἡ","O"
"740","πρώτη","O"
"741","καὶ","O"
"742","πρεσβυτάτη","O"
"743","τροφὴ","O"
"744","τῶν","O"
"745","ἀνθρώπων","O"
"746",",","O"
"747","καὶ","O"
"748","ὅτι","O"
"749","οὐκ","O"
"750","ἄφωνος","O"
"751",",","O"
"752","ἀλλὰ","O"
"753","καὶ","O"
"754","ἐφθέγξατό","O"
"755","ποτε","O"
"756","ἐν","O"
"757","Δωδώνῃ","LOC"
"758",".","O"
"759","εἰ","O"
"760","δὲ","O"
"761","ἐλαία","O"
"762",",","O"
"763","ὅτι","O"
"764","ἱερὰ","O"
"765","τῆς","O"
"766","Ἀθηνᾶς","GOD"
"767",",","O"
"768","καὶ","O"
"769","ὅτι","O"
"770","ἄκος","O"
"771","πόνων","O"
"772",",","O"
"773","καὶ","O"
"774","ὅτι","O"
"775","τὰ","O"
"776","τρόπαια","O"
"777","ἀπὸ","O"
"778","τούτου","O"
"779","τοῦ","O"
"780","φυτοῦ","O"
"781","ἀνέθεσαν","O"
"782","οἱ","O"
"783","παλαιοί","O"
"784",",","O"
"785","καὶ","O"
"786","ὅτι","O"
"787","τῆς","O"
"788","νίκης","O"
"789","τοῦτο","O"
"790","σύμβολον","O"
"791","τὸ","O"
"792","φυτόν","O"
"793",",","O"
"794","καὶ","O"
"795","ὅτι","O"
"796","ἡ","O"
"797","Ἀθηνᾶ","GOD"
"798","τούτῳ","O"
"799","πρώτη","O"
"800","ἐστέψατο","O"
"801","νικήσασα","O"
"802","τὸν","O"
"803","Ποσειδῶνα","GOD"
"804",",","O"
"805","καὶ","O"
"806","ὅτι","O"
"807","οἰκειότατον","O"
"808","τοῖς","O"
"809","ἀγωνιζομένοις","O"
"810","τὰ","O"
"811","γὰρ","O"
"812","γυμνάσια","O"
"813","διὰ","O"
"814","τοῦ","O"
"815","ἐλαίου","O"
"816","διαπονεῖται","O"
"817",",","O"
"818","καὶ","O"
"819","ὅτι","O"
"820","συναγωνίζεται","O"
"821","πρὸς","O"
"822","τὸν","O"
"823","λόγον","O"
"824","δι","O"
"825","οὗ","O"
"826","πανηγύρεις","O"
"827","κοσμοῦνται","O"
"828",".","O"
"829","καὶ","O"
"830","τὴν","O"
"831","δάφνην","O"
"832","δὲ","O"
"833","ἐρεῖς","O"
"834","ὅτι","O"
"835","καὶ","O"
"836","ἱερὰ","O"
"837","τοῦ","O"
"838","Ἀπόλλωνος","GOD"
"839","καὶ","O"
"840","μαντικὸν","O"
"841","τὸ","O"
"842","φυτόν","O"
"843","·","O"
"844","εἰ","O"
"845","δὲ","O"
"846","βούλει","O"
"847","καὶ","O"
"848","τοῦ","O"
"849","μύθου","GOD"
"850","ἐφάπτεσθαι","O"
"851","τοῦ","O"
"852","περὶ","O"
"853","τῆς","O"
"854","Δάφνης","O"
"855",",","O"
"856","οὐδὲ","O"
"857","τοῦτό","O"
"858","σοι","O"
"859","ἄπο","O"
"860","τρόπου","O"
"861","εἴη","O"
"862","ἂν","O"
"863","εἰρημένον","O"
"864",".","O"
"865","ὁμοίως","O"
"866","δὲ","O"
"867","καὶ","O"
"868","ἕτερον","O"
"869","εἰ","O"
"870","ἐπείη","O"
"871",",","O"
"872","οἱονεὶ","O"
"873","καρποὶ","O"
"874","Δημητριακοὶ","NORP"
"875","ἢ","O"
"876","πίτυς","O"
"877",",","O"
"878","εὐπορήσεις","O"
"879","που","O"
"880","καὶ","O"
"881","περὶ","O"
"882","τούτων","O"
"883","ἑκάστου","O"
"884",".","O"
"885","οὐκ","O"
"886","ἔξω","O"
"887","δὲ","O"
"888","φιλοτιμίας","O"
"889","οὐδὲ","O"
"890","τὸ","O"
"891","παραβαλεῖν","O"
"892","τὸν","O"
"893","στέφανον","O"
"894","πρὸς","O"
"895","τοὺς","O"
"896","παρ","O"
"897","ἄλλοις","O"
"898",".","O"
"899","Ὁ","O"
"900","δέ","O"
"901","σοι","O"
"902","τοῦ","O"
"903","παντὸς","O"
"904","λόγου","O"
"905","οἱονεὶ","O"
"906","κολοφὼν","O"
"907","ἐπήχθω","O"
"908","τοῦ","O"
"909","βασιλέως","O"
"910","ἔπαινος","O"
"911",",","O"
"912","καὶ","O"
"913","ὅτι","O"
"914","τῷ","O"
"915","ὄντι","O"
"916","ἀγωνοθέτης","O"
"917","πάντων","O"
"918","ἀγώνων","O"
"919","ὁ","O"
"920","τὴν","O"
"921","εἰρήνην","O"
"922","πρυτανεύων","O"
"923",",","O"
"924","δι","O"
"925","ἣν","O"
"926","καὶ","O"
"927","τοὺς","O"
"928","ἀγῶνας","O"
"929","ἐπιτελεῖν","O"
"930","οἷόν","O"
"931","τε","O"
"932",".","O"
"933","ἤδη","O"
"934","δέ","O"
"935","τινες","O"
"936","καὶ","O"
"937","τοὺς","O"
"938","διατιθέντας","O"
"939","τοὺς","O"
"940","ἀγῶνας","O"
"941","ἐπῄνεσαν","O"
"942",",","O"
"943","εἰ","O"
"944","ἄρα","O"
"945","ἔνδοξοί","O"
"946","τινες","O"
"947","οὗτοι","O"
"948",",","O"
"949","ὅτι","O"
"950","καὶ","O"
"951","ἐν","O"
"952","ἄλλοις","O"
"953","πρότερον","O"
"954","γενόμενοι","O"
"955","χρήσιμοι","O"
"956",",","O"
"957","καὶ","O"
"958","ἐν","O"
"959","τούτοις","O"
"960","ὅτι","O"
"961","φιλοτιμότατοι","O"
"962",".","O"
"963","εἰ","O"
"964","δὲ","O"
"965","μὴ","O"
"966","ἄλλα","O"
"967","ἔχεις","O"
"968","πρεσβύτερα","O"
"969",",","O"
"970","ὅτι","O"
"971","ἀρχὴ","O"
"972","τῆς","O"
"973","φιλοτιμίας","O"
"974","τῆς","O"
"975","περὶ","O"
"976","τὴν","O"
"977","πατρίδα","O"
"978","μεγίστη","O"
"979","καὶ","O"
"980","Ἑλληνικωτάτη","O"
"981",".","O"
"982","Ἡ","O"
"983","δὲ","O"
"984","λέξις","O"
"985","ἄλλη","O"
"986","μὲν","O"
"987","κατὰ","O"
"988","τὴν","O"
"989","ἑκάστων","O"
"990","φύσιν","O"
"991","ἢ","O"
"992","βούλησιν","O"
"993",".","O"
"994","εἰ","O"
"995","δὲ","O"
"996","δὴ","O"
"997","κρατεῖν","O"
"998","χρὴ","O"
"999","τὴν","O"
"1000","ἐμὴν","O"
"1001","γνώμην","O"
"1002",",","O"
"1003","οὐ","O"
"1004","μονότροπον","O"
"1005","ταύτην","O"
"1006","συμβουλεύσαιμ","O"
"1007","ἂν","O"
"1008","εἶναι","O"
"1009","ἀλλὰ","O"
"1010","ποικίλην","O"
"1011","καὶ","O"
"1012","μεμιγμένην","O"
"1013",",","O"
"1014","καὶ","O"
"1015","τὰ","O"
"1016","μὲν","O"
"1017","ἐν","O"
"1018","τῇ","O"
"1019","ἀφελείᾳ","O"
"1020","προάγοντα","O"
"1021",",","O"
"1022","τὰ","O"
"1023","δὲ","O"
"1024","ἐν","O"
"1025","ἀντιθέτοις","O"
"1026","τε","O"
"1027","καὶ","O"
"1028","παρισώσεσιν","O"
"1029","Ἰσοκράτους","PERSON"
"1030",",","O"
"1031","τὰ","O"
"1032","δὲ","O"
"1033","διηρμένως","O"
"1034",".","O"
"1035","ταύτην","O"
"1036","γὰρ","O"
"1037","τὴν","O"
"1038","ὁδὸν","O"
"1039","καὶ","O"
"1040","τὸν","O"
"1041","τοῦ","O"
"1042","ἡμεδαποῦ","O"
"1043","χοροῦ","O"
"1044","ἡγεμόνα","O"
"1045","τε","O"
"1046","καὶ","O"
"1047","κορυφαῖον","O"
"1048","οἶδα","O"
"1049","μετιόντα","O"
"1050","πάντῃ","O"
"1051","ὡς","O"
"1052","ἔπος","O"
"1053","εἰπεῖν","O"
"1054","ἢ","O"
"1055","ἐν","O"
"1056","τοῖς","O"
"1057","πλείστοις","O"
"1058",",","O"
"1059","εἰ","O"
"1060","μή","O"
"1061","τι","O"
"1062","πρὸς","O"
"1063","εἶδος","O"
"1064","γράφειν","O"
"1065","τι","O"
"1066","προὔθετο","O"
"1067","·","O"
"1068","ἑκάστης","O"
"1069","δὲ","O"
"1070","ἰδέας","O"
"1071","ἔδωκεν","O"
"1072","ἡ","O"
"1073","ὕλη","O"
"1074","τὴν","O"
"1075","ἀφορμήν","O"
"1076",".","O"
"1077","δεῖ","O"
"1078","δὲ","O"
"1079","τοῖς","O"
"1080","νοήμασιν","O"
"1081","ἐπακολουθοῦσαν","O"
"1082","καὶ","O"
"1083","τὴν","O"
"1084","ἑρμηνείαν","O"
"1085","ἐπάγειν","O"
"1086",",","O"
"1087","οἷον","O"
"1088","τὰ","O"
"1089","μὲν","O"
"1090","ἀφηγηματικὰ","O"
"1091","καὶ","O"
"1092","μύθου","O"
"1093","τινὸς","O"
"1094","ἐχόμενα","O"
"1095","ἀφελῶς","O"
"1096","προάγοντα","O"
"1097","·","O"
"1098","ὅσα","O"
"1099","δὲ","O"
"1100","περὶ","O"
"1101","βασιλέων","O"
"1102","ἢ","O"
"1103","θεῶν","O"
"1104",",","O"
"1105","σεμνῶς","O"
"1106","·","O"
"1107","ὅσα","O"
"1108","δὲ","O"
"1109","περὶ","O"
"1110","παραβολῶν","O"
"1111","καὶ","O"
"1112","συγκρίσεων","O"
"1113",",","O"
"1114","πολιτικῶς","O"
"1115","·","O"
"1116","εἰ","O"
"1117","μὴ","O"
"1118","ἄρα","O"
"1119","τις","O"
"1120","πρὸς","O"
"1121","τὸ","O"
"1122","ἀξίωμα","O"
"1123","μίαν","O"
"1124","τινὰ","O"
"1125","ἰδέαν","O"
"1126","λόγου","O"
"1127","διὰ","O"
"1128","πάντων","O"
"1129","παρέχοιτο","O"
"1130","·","O"
"1131","ἐπι","O"
"1132","δεικτικώτερον","O"
"1133","δὲ","O"
"1134","τὸ","O"
"1135","προειρημένον","O"
"1136","καὶ","O"
"1137","δημοτερπέστερον","O"
"1138",".","O"
"1139","Μέθοδος","O"
"1140","γαμηλίων","O"
"1141","Ἐμοὶ","O"
"1142","μὲν","O"
"1143","ἦν","O"
"1144","τερπνὸν","O"
"1145","αὐτὸν","O"
"1146","παρόντα","O"
"1147","καὶ","O"
"1148","συγχορεύοντα","O"
"1149","καὶ","O"
"1150","ἀναβακχεύοντα","O"
"1151","μετὰ","O"
"1152","σοῦ","O"
"1153","τῆς","O"
"1154","φίλης","O"
"1155","ἐμοὶ","O"
"1156","κεφαλῆς","O"
"1157","ὑμνεῖν","O"
"1158","τε","O"
"1159","καὶ","O"
"1160","ἀνυμνεῖν","O"
"1161","τὸν","O"
"1162","μικρὸν","O"
"1163","ὕστερον","O"
"1164","ἐπιτελεσθησόμενον","O"
"1165","γάμον","O"
"1166","καὶ","O"
"1167","ιἄδειν","O"
"1168","γε","O"
"1169","τὸν","O"
"1170","ὑμέναιον","O"
"1171","τὸν","O"
"1172","ἐπὶ","O"
"1173","τοῖς","O"
"1174","γάμοις","O"
"1175","πρέποντα","O"
"1176","λέγεσθαι","O"
"1177",".","O"
"1178","ἐπεὶ","O"
"1179","δὲ","O"
"1180","ἔοικεν","O"
"1181","δεσμός","O"
"1182","τις","O"
"1183","οὗτος","O"
"1184","ὁ","O"
"1185","πρὸς","O"
"1186","τοῖς","O"
"1187","λόγοις","O"
"1188","καὶ","O"
"1189","τῇ","O"
"1190","παιδεύσει","O"
"1191","τῇ","O"
"1192","παρούσῃ","O"
"1193","διαιρεῖν","O"
"1194","ἡμᾶς","O"
"1195","τοῖς","O"
"1196","σώμασιν","O"
"1197","καὶ","O"
"1198","τοῖς","O"
"1199","τόποις","O"
"1200","ἀπ","O"
"1201","ἀλλήλων","O"
"1202","μὴ","O"
"1203","γὰρ","O"
"1204","δὴ","O"
"1205","ταῖς","O"
"1206","ψυχαῖς","O"
"1207","τε","O"
"1208","καὶ","O"
"1209","διαθέσεσιν","O"
"1210","καὶ","O"
"1211","εὐνοίαις","O"
"1212","ταῖς","O"
"1213","ἐπ","O"
"1214","αὐταῖς","O"
"1215","χωρισθείημέν","O"
"1216","ποτε","O"
"1217",",","O"
"1218","ἀλλ","O"
"1219","οὖν","O"
"1220","ἔστω","O"
"1221","σοι","O"
"1222","ὥςπέρ","O"
"1223","τι","O"
"1224","δῶρον","O"
"1225","παρ","O"
"1226","ἐμοῦ","O"
"1227","εἰς","O"
"1228","συντέλειάν","O"
"1229","τε","O"
"1230","καὶ","O"
"1231","κόσμον","O"
"1232","τῶν","O"
"1233","γάμων","O"
"1234","τὸ","O"
"1235","μηδὲ","O"
"1236","τῶν","O"
"1237","περὶ","O"
"1238","τούτων","O"
"1239","εἰωθότων","O"
"1240","λέγεσθαι","O"
"1241","μηδὲ","O"
"1242","αὐτὸν","O"
"1243","ἀπείρως","O"
"1244","ἔχειν","O"
"1245",",","O"
"1246","εἴτ","O"
"1247","οὖν","O"
"1248","αὐτὸς","O"
"1249","καὶ","O"
"1250","παρὰ","O"
"1251","σεαυτῷ","O"
"1252","φυλάττειν","O"
"1253","βούλοιο","O"
"1254","εἴτε","O"
"1255","καὶ","O"
"1256","ἑτέρῳ","O"
"1257","τινὶ","O"
"1258","τοῦτον","O"
"1259","οἷον","O"
"1260","ἔρανόν","O"
"1261","τινα","O"
"1262","εἰς","O"
"1263","χάριν","O"
"1264","συνεισφέρειν","O"
"1265",".","O"
"1266","τάχα","O"
"1267","μὲν","O"
"1268","οὖν","O"
"1269","καὶ","O"
"1270","αὐτὸς","O"
"1271","ἤδη","O"
"1272","ποτὲ","O"
"1273","καὶ","O"
"1274","ἄλλοτε","O"
"1275","προανεκρούσω","O"
"1276","ἐν","O"
"1277","τοῖς","O"
"1278","τοιούτοις","O"
"1279","τῶν","O"
"1280","λόγων","O"
"1281",",","O"
"1282","ὁπηνίκα","O"
"1283","κομιδῇ","O"
"1284","νέος","O"
"1285","ὢν","O"
"1286","παρ","O"
"1287","ἐμοὶ","O"
"1288","τὴν","O"
"1289","πρώτην","O"
"1290","ὁδὸν","O"
"1291","τῶν","O"
"1292","ῥητορικῶν","NORP"
"1293","μετῄεις","O"
"1294",",","O"
"1295","τά","O"
"1296","τε","O"
"1297","ἄλλα","O"
"1298","γράφων","O"
"1299","καὶ","O"
"1300","συγγράφων","O"
"1301","γυμνάσματά","O"
"1302","τε","O"
"1303","καὶ","O"
"1304","ἀσκήματα","O"
"1305","τῆς","O"
"1306","ῥητορικῆς","O"
"1307",",","O"
"1308","καὶ","O"
"1309","δὴ","O"
"1310","καὶ","O"
"1311","τὰς","O"
"1312","θέσεις","O"
"1313","οὕτω","O"
"1314","λεγομένας","O"
"1315",",","O"
"1316","καὶ","O"
"1317","τούτων","O"
"1318","τὰ","O"
"1319","εἰς","O"
"1320","τὸν","O"
"1321","περὶ","O"
"1322","αὐτοῦ","O"
"1323","τοῦ","O"
"1324","γάμου","O"
"1325","λόγον","O"
"1326","συντείνοντα","O"
"1327","καὶ","O"
"1328","τὴν","O"
"1329","προτροπὴν","O"
"1330","τὴν","O"
"1331","εἰς","O"
"1332","αὐτόν","O"
"1333",".","O"
"1334","προκεχείρισται","O"
"1335","γὰρ","O"
"1336","ἐν","O"
"1337","τοῖς","O"
"1338","μάλιστα","O"
"1339","καὶ","O"
"1340","τοῦτο","O"
"1341","πρὸ","O"
"1342","πάντων","O"
"1343","τοῖς","O"
"1344","νεωτέροις","O"
"1345","εἰς","O"
"1346","γραφήν","O"
"1347",",","O"
"1348","εἰ","O"
"1349","γαμητέον","O"
"1350",".","O"
"1351","οὐ","O"
"1352","πόρρω","O"
"1353","δὲ","O"
"1354","οὐδ","O"
"1355","ὁ","O"
"1356","νῦν","O"
"1357","ὑφ","O"
"1358","ἡμῶν","O"
"1359","προχειριζόμενος","O"
"1360","λόγος","O"
"1361","τῆς","O"
"1362","περὶ","O"
"1363","τὰς","O"
"1364","τοιαύτας","O"
"1365","ἰδέας","O"
"1366","τῶν","O"
"1367","λόγων","O"
"1368","θήρας","O"
"1369",".","O"
"1370","ἀμέλει","O"
"1371","γε","O"
"1372","τοιοῖςδε","O"
"1373","τόποις","O"
"1374",",","O"
"1375","οἷς","O"
"1376","πέρ","O"
"1377","που","O"
"1378","καὶ","O"
"1379","ἐν","O"
"1380","ταῖς","O"
"1381","θέσεσιν","O"
"1382","ἀπὸ","O"
"1383","θεῶν","O"
"1384",",","O"
"1385","καὶ","O"
"1386","ὅτι","O"
"1387","οὗτοι","O"
"1388","οἱ","O"
"1389","εὑρόντες","O"
"1390","καὶ","O"
"1391","δείξαντες","O"
"1392","τοὺς","O"
"1393","γάμους","O"
"1394","τοῖς","O"
"1395","ἀνθρώποις","O"
"1396","·","O"
"1397","εὺς","O"
"1398","γὰρ","O"
"1399","καὶ","O"
"1400","Ἥρα","GOD"
"1401",",","O"
"1402","πρῶτοι","O"
"1403","ζευγνύντες","O"
"1404","τε","O"
"1405","καὶ","O"
"1406","συνδυάζοντες","O"
"1407","·","O"
"1408","οὕτω","O"
"1409","τοι","O"
"1410","ὃ","O"
"1411","μὲν","O"
"1412","καὶ","O"
"1413","πατὴρ","O"
"1414","καλεῖται","O"
"1415","πάντων","O"
"1416",",","O"
"1417","ἣ","O"
"1418","δὲ","O"
"1419","Ζυγία","O"
"1420","ἀπὸ","O"
"1421","τοῦ","O"
"1422","ζευγνύναι","O"
"1423","τὸ","O"
"1424","θῆλυ","O"
"1425","τῷ","O"
"1426","ἄρρενι","O"
"1427",",","O"
"1428","καὶ","O"
"1429","ἀπὸ","O"
"1430","τούτων","O"
"1431","τῶν","O"
"1432","θεῶν","O"
"1433","καὶ","O"
"1434","ὁ","O"
"1435","τῶν","O"
"1436","λοιπῶν","O"
"1437","θεῶν","O"
"1438","χορὸς","O"
"1439","παρῆλθεν","O"
"1440","εἰς","O"
"1441","τὸν","O"
"1442","βίον","O"
"1443","τῶν","O"
"1444","ἐπιφημισθέντων","O"
"1445","τοῖς","O"
"1446","γάμοις","O"
"1447",",","O"
"1448","γαμηλίων","O"
"1449","τε","O"
"1450","καὶ","O"
"1451","γενεθλίων","O"
"1452","οὕτως","O"
"1453","ὀνομαζομένων","O"
"1454","·","O"
"1455","καὶ","O"
"1456","ὅτι","O"
"1457","ὁ","O"
"1458","γάμος","O"
"1459","αἴτιος","O"
"1460","τοῦ","O"
"1461","τε","O"
"1462","ὀνομασθῆναι","O"
"1463","τούτους","O"
"1464","τοὺς","O"
"1465","θεοὺς","O"
"1466","καὶ","O"
"1467","τιμᾶσθαι","O"
"1468","·","O"
"1469","ἄνευ","O"
"1470","γὰρ","O"
"1471","τῶν","O"
"1472","γάμων","O"
"1473","οὐδ","O"
"1474","ἂν","O"
"1475","αἱ","O"
"1476","τιμαὶ","O"
"1477","τούτων","O"
"1478","παρῆλθον","O"
"1479","εἰς","O"
"1480","ἀνθρώπους","O"
"1481",".","O"
"1482","Ἐφεξῆς","O"
"1483","ἐπάγειν","O"
"1484","χρὴ","O"
"1485","τὸν","O"
"1486","περὶ","O"
"1487","τῆς","O"
"1488","φύσεως","O"
"1489","λόγον","O"
"1490",",","O"
"1491","καὶ","O"
"1492","ὅτι","O"
"1493","τοῦτο","O"
"1494","αὐτῆς","O"
"1495","ἔργον","O"
"1496",",","O"
"1497","τὸ","O"
"1498","γεννᾶν","O"
"1499","τε","O"
"1500","καὶ","O"
"1501","κυΐσκειν","O"
"1502","·","O"
"1503","καὶ","O"
"1504","ὅτι","O"
"1505","διῆλθεν","O"
"1506","διὰ","O"
"1507","πάντων","O"
"1508","τὸ","O"
"1509","ἔργον","O"
"1510","αὐτῆς","O"
"1511","καὶ","O"
"1512","ζῴων","O"
"1513","καὶ","O"
"1514","φυτῶν","O"
"1515",".","O"
"1516","εἶτα","O"
"1517","τὴν","O"
"1518","διαφορὰν","O"
"1519","ἐπάξομεν","O"
"1520","τῆς","O"
"1521","ἐν","O"
"1522","τοῖς","O"
"1523","ἀνθρώποις","O"
"1524","μίξεως","O"
"1525","καὶ","O"
"1526","κοινωνίας","O"
"1527",",","O"
"1528","ὅτι","O"
"1529","τὰ","O"
"1530","μὲν","O"
"1531","ἁπλῶς","O"
"1532","καὶ","O"
"1533","ὡς","O"
"1534","ἔτυχεν","O"
"1535","μίγνυται","O"
"1536",",","O"
"1537","ὁ","O"
"1538","δὲ","O"
"1539","ἄνθρωπος","O"
"1540","τάξιν","O"
"1541","τινὰ","O"
"1542","καὶ","O"
"1543","νόμον","O"
"1544","ἐξεῦρεν","O"
"1545","τοῦ","O"
"1546","γάμου","O"
"1547",",","O"
"1548","οὐκ","O"
"1549","ἀγεληδὸν","O"
"1550","δίκην","O"
"1551","θηρίων","O"
"1552","ἐπιτρέπων","O"
"1553","μίγνυσθαι","O"
"1554",",","O"
"1555","ἀλλὰ","O"
"1556","σύμμιξιν","O"
"1557","καὶ","O"
"1558","κοινωνίαν","O"
"1559","δυοῖν","O"
"1560","τὴν","O"
"1561","προσφορωτάτην","O"
"1562","εἰς","O"
"1563","ἅπαντα","O"
"1564","τὸν","O"
"1565","βίον","O"
"1566","μεμηχανημένος","O"
"1567",".","O"
"1568","ἐν","O"
"1569","ιὧ","O"
"1570",",","O"
"1571","ὅτι","O"
"1572","τοῦ","O"
"1573","μὲν","O"
"1574","θηριώδους","O"
"1575","καὶ","O"
"1576","πεπλανημένου","O"
"1577","βίου","O"
"1578","ἀπηλλάγησαν","O"
"1579",",","O"
"1580","βίον","O"
"1581","δὲ","O"
"1582","ἥμερον","O"
"1583","καὶ","O"
"1584","τεταγμένον","O"
"1585","ἔσχον","O"
"1586","διὰ","O"
"1587","τοῦ","O"
"1588","γάμου","O"
"1589",".","O"
"1590","καὶ","O"
"1591","ὅτι","O"
"1592","θνητὸν","O"
"1593","ὄν","O"
"1594","γε","O"
"1595","τὸ","O"
"1596","ἀνθρώπειον","O"
"1597","ἐκ","O"
"1598","τῆς","O"
"1599","μίξεως","O"
"1600","καὶ","O"
"1601","κοινωνίας","O"
"1602","τοῦ","O"
"1603","γάμου","O"
"1604","ἀθάνατον","O"
"1605","γέγονεν","O"
"1606",",","O"
"1607","ἐκ","O"
"1608","τῆς","O"
"1609","διαδοχῆς","O"
"1610","τῶν","O"
"1611","ἐπιγισθαι","O"
"1612",",","O"
"1613","νομένων","O"
"1614","ὥςπερ","O"
"1615","φῶς","O"
"1616","ἀναπτόμενον","O"
"1617","καὶ","O"
"1618","διαδιδόμενον","O"
"1619","ἀεὶ","O"
"1620","τοῖς","O"
"1621","ἐπιγιγνομένοις","O"
"1622","τῇ","O"
"1623","γεννήσει","O"
"1624","τοῦ","O"
"1625","ἀνθρώπου","O"
"1626","καὶ","O"
"1627","μήποτε","O"
"1628","ἀποσβεννύμενον","O"
"1629",".","O"
"1630","καὶ","O"
"1631","τοῦτον","O"
"1632","ἄν","O"
"1633","τις","O"
"1634","εἴποι","O"
"1635","δικαίως","O"
"1636","ἔρανον","O"
"1637","κάλλιστον","O"
"1638","οὐ","O"
"1639","χρημάτων","O"
"1640","οὐδὲ","O"
"1641","κτημάτων","O"
"1642","τινῶν","O"
"1643",",","O"
"1644","ἀλλ","O"
"1645","αὐτῆς","O"
"1646","τῆς","O"
"1647","φύσεως","O"
"1648","καὶ","O"
"1649","τοῦ","O"
"1650","γένους","O"
"1651",".","O"
"1652","Εἶτα","O"
"1653","ἐξετάσεις","O"
"1654","ἐπὶ","O"
"1655","τούτοις","O"
"1656",",","O"
"1657","ὅσα","O"
"1658","προσγίνεται","O"
"1659","τοῖς","O"
"1660","γεγαμηκόσι","O"
"1661",".","O"
"1662","πρῶτον","O"
"1663","μὲν","O"
"1664","πρὸς","O"
"1665","δόξαν","O"
"1666",",","O"
"1667","ὅτι","O"
"1668","ἐνδοξότεροι","O"
"1669","τὸ","O"
"1670","κάλλιστον","O"
"1671","μέρος","O"
"1672","τῆς","O"
"1673","ἀρετῆς","O"
"1674","εὐθὺς","O"
"1675","ἀπὸ","O"
"1676","τῶν","O"
"1677","γάμων","O"
"1678","ἀρχόμενοι","O"
"1679","καρποῦσθαι","O"
"1680",",","O"
"1681","τὴν","O"
"1682","σωφροσύνην","O"
"1683","·","O"
"1684","ὁ","O"
"1685","γὰρ","O"
"1686","γάμος","O"
"1687","εὐθὺς","O"
"1688","καὶ","O"
"1689","σωφροσύνης","O"
"1690","δόξαν","O"
"1691","περιτίθησι","O"
"1692","τοῖς","O"
"1693","ἀνθρώποις","O"
"1694",",","O"
"1695","καὶ","O"
"1696","οἱ","O"
"1697","τοιοῦτοι","O"
"1698","δοκοῦσιν","O"
"1699","τῆς","O"
"1700","μὲν","O"
"1701","ἀτάκτου","O"
"1702","μίξεως","O"
"1703","ἀπηλλάχθαι","O"
"1704",",","O"
"1705","πρὸς","O"
"1706","δὲ","O"
"1707","μίαν","O"
"1708","ἀφορᾶν","O"
"1709","μόνην","O"
"1710","τὴν","O"
"1711","ἑαυτοῦ","O"
"1712","ἕκαστος","O"
"1713","γυναῖκα","O"
"1714",".","O"
"1715","ἐκ","O"
"1716","δὲ","O"
"1717","τούτου","O"
"1718","καὶ","O"
"1719","ἐντιμοτέρους","O"
"1720","ἀνάγκη","O"
"1721","γίγνεσθαι","O"
"1722","τοὺς","O"
"1723","ἀνθρώπους","O"
"1724","καὶ","O"
"1725","πιστοτέρους","O"
"1726","δοκεῖν","O"
"1727","καὶ","O"
"1728","εὐνουστέρους","O"
"1729","περὶ","O"
"1730","τὰς","O"
"1731","αὑτῶν","O"
"1732","πατρίδας","O"
"1733","ἐν","O"
"1734","παντὶ","O"
"1735","διὰ","O"
"1736","τὸ","O"
"1737","ὥςπερ","O"
"1738","ὅμηρα","O"
"1739","δεδωκέναι","O"
"1740","ταῖς","O"
"1741","πατρίσι","O"
"1742","τοὺς","O"
"1743","ἑαυτῶν","O"
"1744","παῖδας","O"
"1745",",","O"
"1746","δι","O"
"1747","οὓς","O"
"1748","ἀναγκαῖον","O"
"1749","καὶ","O"
"1750","μᾶλλον","O"
"1751","εἰς","O"
"1752","τὰς","O"
"1753","συμβουλίας","O"
"1754","παραλαμβάνεσθαι","O"
"1755",".","O"
"1756","Καὶ","O"
"1757","πρὸς","O"
"1758","λύπας","O"
"1759","δὲ","O"
"1760","καὶ","O"
"1761","τὰ","O"
"1762","δυσχερῆ","O"
"1763","τὰ","O"
"1764","ἐν","O"
"1765","τῷ","O"
"1766","βίῳ","O"
"1767","γάμος","O"
"1768","χρησιμώτατος","O"
"1769",",","O"
"1770","κουφότερα","O"
"1771","ταῦτα","O"
"1772","παρασκευάζων","O"
"1773","ὥςπερ","O"
"1774","φορτία","O"
"1775",",","O"
"1776","μεταδιδόντων","O"
"1777","ἡμῶν","O"
"1778","ταῖς","O"
"1779","ἑαυτῶν","O"
"1780","γυναιξὶν","O"
"1781","τῶν","O"
"1782","δυσχερῶν","O"
"1783","καὶ","O"
"1784","τῇ","O"
"1785","κοινωνίᾳ","O"
"1786","παρηγορουμένων","O"
"1787",".","O"
"1788","ἐν","O"
"1789","δὲ","O"
"1790","τούτῳ","O"
"1791","καὶ","O"
"1792","τὰ","O"
"1793","ἡδέα","O"
"1794","ἀνάγκη","O"
"1795","τερπνότερα","O"
"1796","φαίνεσθαι","O"
"1797",",","O"
"1798","μὴ","O"
"1799","αὐτῶν","O"
"1800","ἐφ","O"
"1801","ἑαυτῶν","O"
"1802","εὐφραινομένων","O"
"1803",",","O"
"1804","ἀλλὰ","O"
"1805","ἐχόντων","O"
"1806","καὶ","O"
"1807","τοὺς","O"
"1808","συμπανηγυρίζοντας","O"
"1809","καὶ","O"
"1810","τοὺς","O"
"1811","συνευφραιτης","O"
"1812","νομένους","O"
"1813","παῖδάς","O"
"1814","τε","O"
"1815","καὶ","O"
"1816","γυναῖκας","O"
"1817","καὶ","O"
"1818","τοὺς","O"
"1819","ἄλλους","O"
"1820","συγγενεῖς","O"
"1821","·","O"
"1822","καὶ","O"
"1823","ἑορταὶ","O"
"1824","δὲ","O"
"1825","καὶ","O"
"1826","πανηγύρεις","O"
"1827","διὰ","O"
"1828","τοῦτο","O"
"1829","τερπναί","O"
"1830",",","O"
"1831","ὅτι","O"
"1832","ἐν","O"
"1833","πολλοῖς","O"
"1834","γίγνονται","O"
"1835",".","O"
"1836","ἀνάγκη","O"
"1837","δὲ","O"
"1838","ἐκ","O"
"1839","τούτου","O"
"1840","καὶ","O"
"1841","τὰς","O"
"1842","συγγενείας","O"
"1843","αὐξάνεσθαι","O"
"1844","·","O"
"1845","καὶ","O"
"1846","ὅτι","O"
"1847","ἐκ","O"
"1848","τούτου","O"
"1849","πρῶτον","O"
"1850","μὲν","O"
"1851","συνοικίαι","O"
"1852","ἐγένοντο","O"
"1853",",","O"
"1854","εἶτα","O"
"1855","καὶ","O"
"1856","κῶμαι","O"
"1857",",","O"
"1858","εἶτα","O"
"1859","καὶ","O"
"1860","πόλεις","O"
"1861",".","O"
"1862","ἐκ","O"
"1863","δὲ","O"
"1864","τῶν","O"
"1865","ἐπιγαμιῶν","O"
"1866","καὶ","O"
"1867","ἡ","O"
"1868","γνῶσις","O"
"1869","πλείων","O"
"1870","καὶ","O"
"1871","ἡ","O"
"1872","συγγένεια","O"
"1873","ὑπερορίοις","O"
"1874",".","O"
"1875","ἥδῃ","O"
"1876","παραθετέον","O"
"1877","καὶ","O"
"1878","μνηστέον","O"
"1879","καὶ","O"
"1880","ἐνδόξων","O"
"1881","γάμων","O"
"1882","ἢ","O"
"1883","ἀρχαίων","O"
"1884",",","O"
"1885","καὶ","O"
"1886","ὅσα","O"
"1887","ἀπὸ","O"
"1888","τούτων","O"
"1889","ἀγαθὰ","O"
"1890","ἐγένετο","O"
"1891","τοῖς","O"
"1892","ἀνθρώποις","O"
"1893",",","O"
"1894","καὶ","O"
"1895","ὅση","O"
"1896","ἀποτροπὴ","O"
"1897","τῶν","O"
"1898","δυσχερῶν","O"
"1899","διὰ","O"
"1900","γάμου","O"
"1901",",","O"
"1902","οἷον","O"
"1903","ὅτι","O"
"1904","Μενέλεως","PERSON"
"1905","ἀθάνατος","O"
"1906","ἐγένετο","O"
"1907","διὰ","O"
"1908","τὸν","O"
"1909","γάμον","O"
"1910","τῆς","O"
"1911","Ἑλένης","PERSON"
"1912","καὶ","O"
"1913","ὁ","O"
"1914","Πηλεὺς","PERSON"
"1915","διὰ","O"
"1916","τὸν","O"
"1917","τῆς","O"
"1918","Θέτιδος","PERSON"
"1919",",","O"
"1920","καὶ","O"
"1921","ὁ","O"
"1922","Ἄδμητος","PERSON"
"1923","διὰ","O"
"1924","τὴν","O"
"1925","Ἄλκηστιν","PERSON"
"1926","τὸν","O"
"1927","ἐκ","O"
"1928","τῆς","O"
"1929","εἱμαρμένης","O"
"1930","θάνατον","O"
"1931","διέφυγεν","O"
"1932",".","O"
"1933","Ἐπειδὰν","O"
"1934","δὲ","O"
"1935","ἱκανῶς","O"
"1936","περὶ","O"
"1937","τούτων","O"
"1938","διέλθῃς","O"
"1939",",","O"
"1940","εὐχῇ","O"
"1941","χρηστέον","O"
"1942","ἀγαθῶν","O"
"1943","μὲν","O"
"1944","αἴτησιν","O"
"1945","ἐχούσῃ","O"
"1946","περὶ","O"
"1947","τὸν","O"
"1948","γάμον","O"
"1949","καὶ","O"
"1950","τὰς","O"
"1951","παιδοποιίας","O"
"1952",",","O"
"1953","ἀποτροπὴν","O"
"1954","δὲ","O"
"1955","τῶν","O"
"1956","κακῶν","O"
"1957",".","O"
"1958","εἶτα","O"
"1959","δια","O"
"1960","¦","O"
"1961","τυπωτέον","O"
"1962","λόγῳ","O"
"1963","οἷον","O"
"1964","προαναφωνοῦντα","O"
"1965",",","O"
"1966","ὁποῖος","O"
"1967","ἂν","O"
"1968","ὁ","O"
"1969","βίος","O"
"1970","ὁ","O"
"1971","μετὰ","O"
"1972","τῶν","O"
"1973","παίδων","O"
"1974","γένοιτο","O"
"1975",",","O"
"1976","ὅτι","O"
"1977","τερπνότατος","O"
"1978","χορὸς","O"
"1979","παίδων","O"
"1980","οἱ","O"
"1981","γένοιτο","O"
"1982","γέροντι","O"
"1983",",","O"
"1984","καὶ","O"
"1985","ὅτι","O"
"1986","τρόπον","O"
"1987","τινὰ","O"
"1988","ἐξ","O"
"1989","ἀρχῆς","O"
"1990","ἀνανεάζεσθαι","O"
"1991","αὐτὸν","O"
"1992","καὶ","O"
"1993","ἀνηβάσκειν","O"
"1994","σὺν","O"
"1995","τοῖς","O"
"1996","αὑτοῦ","O"
"1997","παισίν","O"
"1998",".","O"
"1999","ἐν","O"
"2000","τούτῳ","O"
"2001","δὲ","O"
"2002","ἀνάγκη","O"
"2003","καὶ","O"
"2004","ἀναμιμνήσκειν","O"
"2005",",","O"
"2006","ὧν","O"
"2007","ποτε","O"
"2008","καὶ","O"
"2009","αὐτὸς","O"
"2010","ἐν","O"
"2011","νεότητι","O"
"2012","ἐποίησεν","O"
"2013","·","O"
"2014","ἡδεῖα","O"
"2015","δὲ","O"
"2016","καὶ","O"
"2017","ἡ","O"
"2018","μνήμη","O"
"2019","τῶν","O"
"2020","ἐν","O"
"2021","παισὶν","O"
"2022","ἡμῖν","O"
"2023","πεπραγμένων","O"
"2024",".","O"
"2025","καὶ","O"
"2026","ὅτι","O"
"2027","οὐδὲν","O"
"2028","ἕτερόν","O"
"2029","ἐστι","O"
"2030","τὸ","O"
"2031","ποιοῦν","O"
"2032","ἐξ","O"
"2033","ἀρχῆς","O"
"2034","πάλιν","O"
"2035","βεβιωκέναι","O"
"2036",".","O"
"2037","εἰ","O"
"2038","δὲ","O"
"2039","εἰκόνα","O"
"2040","τις","O"
"2041","ὁρῶν","O"
"2042","ἑαυτοῦ","O"
"2043","ἄψυχον","O"
"2044","ἥδεται","O"
"2045",",","O"
"2046","πόσῳ","O"
"2047","μᾶλλον","O"
"2048","ἡσθήσεται","O"
"2049",",","O"
"2050","ὅταν","O"
"2051","καὶ","O"
"2052","μὴ","O"
"2053","ἄψυχον","O"
"2054","ταύτην","O"
"2055","ὁρᾷ","O"
"2056","ἀλλὰ","O"
"2057","καὶ","O"
"2058","ἔμψυχον","O"
"2059",",","O"
"2060","μηδὲ","O"
"2061","μίαν","O"
"2062","ἀλλὰ","O"
"2063","πολλάς","O"
"2064",",","O"
"2065","ἂν","O"
"2066","οὕτω","O"
"2067","τύχῃ","O"
"2068",";","O"
"2069","ἐπακτέον","O"
"2070","δὲ","O"
"2071","πάλιν","O"
"2072","καὶ","O"
"2073","ἐνταῦθα","O"
"2074","ἱστοριῶν","O"
"2075","τινων","O"
"2076","μνημονεύοντα","O"
"2077",",","O"
"2078","ὅσοι","O"
"2079","ἀπὸ","O"
"2080","παίδων","O"
"2081","εὐτύχησαν","O"
"2082",",","O"
"2083","ὅσοι","O"
"2084","κακῶν","O"
"2085","ἀποτροπὰς","O"
"2086","εὕραντο","O"
"2087",",","O"
"2088","οἷον","O"
"2089","τῷ","O"
"2090","Ἀγχίσῃ","PERSON"
"2091","παρὰ","O"
"2092","τοῦ","O"
"2093","Αἰνείου","PERSON"
"2094",".","O"
"2095","Δεῖ","O"
"2096","δὲ","O"
"2097","μηδὲ","O"
"2098","τὰ","O"
"2099","πρόσωπα","O"
"2100","τῶν","O"
"2101","γαμούντων","O"
"2102","τε","O"
"2103","καὶ","O"
"2104","γαμουμένων","O"
"2105","παρεἷναι","O"
"2106",",","O"
"2107","ἀλλὰ","O"
"2108","καὶ","O"
"2109","τούτων","O"
"2110","ἐπαίνους","O"
"2111","λέγειν","O"
"2112",".","O"
"2113","ποτὲ","O"
"2114","μὲν","O"
"2115","οὖν","O"
"2116","ἐν","O"
"2117","ἀρχῇ","O"
"2118","χρηστέον","O"
"2119","τῷ","O"
"2120","τόπῳ","O"
"2121","τούτῳ","O"
"2122",",","O"
"2123","ποτὲ","O"
"2124","δὲ","O"
"2125","καὶ","O"
"2126","ἐπὶ","O"
"2127","τέλει","O"
"2128","·","O"
"2129","ἐὰν","O"
"2130","μὲν","O"
"2131","οὖν","O"
"2132","πάνυ","O"
"2133","ἔνδοξα","O"
"2134","ᾖ","O"
"2135",",","O"
"2136","ἐν","O"
"2137","ἀρχῇ","O"
"2138","·","O"
"2139","ἐἂν","O"
"2140","δὲ","O"
"2141","ἥττονα","O"
"2142",",","O"
"2143","ὑπερβαλόντα","O"
"2144","καὶ","O"
"2145","ἐπὶ","O"
"2146","πᾶσι","O"
"2147","λέγοντα","O"
"2148",".","O"
"2149","ὁ","O"
"2150","δὲ","O"
"2151","ἔπαινος","O"
"2152","ἄπερ","O"
"2153","ἐν","O"
"2154","τοῖς","O"
"2155","ἐγκωμίοις","O"
"2156","ἕξει","O"
"2157",",","O"
"2158","καὶ","O"
"2159","τόποι","O"
"2160","οἱ","O"
"2161","αὐτοὶ","O"
"2162","καὶ","O"
"2163","ἐκεῖ","O"
"2164",",","O"
"2165","ὁ","O"
"2166","ἀπὸ","O"
"2167","τῆς","O"
"2168","πατρίδος","O"
"2169",",","O"
"2170","ὁ","O"
"2171","ἀπὸ","O"
"2172","τοῦ","O"
"2173","γένους","O"
"2174",",","O"
"2175","ὁ","O"
"2176","ἀπὸ","O"
"2177","τῆς","O"
"2178","φύσεως","O"
"2179",",","O"
"2180","ὁ","O"
"2181","ἀπὸ","O"
"2182","τῆς","O"
"2183","ἀγωγῆς","O"
"2184",",","O"
"2185","καὶ","O"
"2186","ὅτι","O"
"2187","ἴσοι","O"
"2188","καὶ","O"
"2189","ὅμοιοι","O"
"2190","καὶ","O"
"2191","βέβαιοι","O"
"2192","ἀμφότεροι","O"
"2193",",","O"
"2194","καὶ","O"
"2195","ἐκ","O"
"2196","τοιούτων","O"
"2197","πατέρων","O"
"2198","καὶ","O"
"2199","προπατόρων","O"
"2200","·","O"
"2201","καὶ","O"
"2202","εἰ","O"
"2203","μὲν","O"
"2204","ἐκ","O"
"2205","τῆς","O"
"2206","αὐτῆς","O"
"2207","πατρίδος","O"
"2208",",","O"
"2209","ὅτι","O"
"2210","ἐκ","O"
"2211","πολλοῦ","O"
"2212","προσῳκειωμένοι","O"
"2213","ὑπὸ","O"
"2214","τοῦ","O"
"2215","τόπου","O"
"2216","·","O"
"2217","εἰ","O"
"2218","δὲ","O"
"2219","ἐκ","O"
"2220","διαφόρων","O"
"2221",",","O"
"2222","ὅτι","O"
"2223","καὶ","O"
"2224","ὑπὸ","O"
"2225","θεῶν","O"
"2226","συνήχθησαν","O"
"2227","εἰς","O"
"2228","τὴν","O"
"2229","κοινωνίαν","O"
"2230",".","O"
"2231","εἰ","O"
"2232","δὲ","O"
"2233","δὴ","O"
"2234","ἐκ","O"
"2235","τοῦ","O"
"2236","αὐτοῦ","O"
"2237","γένους","O"
"2238","εἰσίν","O"
"2239",",","O"
"2240","ὅτι","O"
"2241","αὔξησις","O"
"2242","καὶ","O"
"2243","οἰκειότης","O"
"2244","συγγενείας","O"
"2245","ἄλλη","O"
"2246","ἐπ","O"
"2247","ἄλλῃ","O"
"2248","γέγονεν","O"
"2249",",","O"
"2250","καὶ","O"
"2251","δεσμὸς","O"
"2252","βεβαιότερος","O"
"2253","καὶ","O"
"2254","ἰσχυρότερος","O"
"2255","·","O"
"2256","ὅταν","O"
"2257","δὲ","O"
"2258","ἀπὸ","O"
"2259","διαφόρων","O"
"2260","ἐπιτηδευμάτων","O"
"2261",",","O"
"2262","ὃ","O"
"2263","μὲν","O"
"2264","ἀπὸ","O"
"2265","στρατείας","O"
"2266",",","O"
"2267","ὃ","O"
"2268","δὲ","O"
"2269","ἀπὸ","O"
"2270","παιβουλευτικὴ","O"
"2271","δείας","O"
"2272",",","O"
"2273","ὅτι","O"
"2274","ἁρμονία","O"
"2275","αὕτη","O"
"2276","ἀρίστη","O"
"2277",",","O"
"2278","τὸ","O"
"2279","εἰς","O"
"2280","ταὐτὸν","O"
"2281","σοφίαν","O"
"2282","τε","O"
"2283","καὶ","O"
"2284","ἀνδρείαν","O"
"2285","τελεῖν","O"
"2286",",","O"
"2287","καὶ","O"
"2288","οἵους","O"
"2289","εἰκὸς","O"
"2290","τοὺς","O"
"2291","ἀπὸ","O"
"2292","τούτων","O"
"2293","γενέσθαι","O"
"2294",".","O"
"2295","Εἰ","O"
"2296","δὲ","O"
"2297","δὴ","O"
"2298","αὐτὸς","O"
"2299","εἴη","O"
"2300","ὁ","O"
"2301","γαμῶν","O"
"2302","ὁ","O"
"2303","τὸν","O"
"2304","λόγον","O"
"2305","διαθέμενος","O"
"2306",",","O"
"2307","περὶ","O"
"2308","αὐτοῦ","O"
"2309","τούτου","O"
"2310","προοιμιαστέον","O"
"2311","χαριέντως","O"
"2312",",","O"
"2313","ὥσπερ","O"
"2314","οὖν","O"
"2315","καὶ","O"
"2316","σοὶ","O"
"2317","ποιητέον","O"
"2318",",","O"
"2319","ὅτι","O"
"2320","εἰ","O"
"2321","καὶ","O"
"2322","οἱ","O"
"2323","ἐρασταὶ","O"
"2324","τὰ","O"
"2325","αὑτῶν","O"
"2326","παιδικὰ","O"
"2327","ἐπαινοῦσι","O"
"2328",",","O"
"2329","πολὺ","O"
"2330","δή","O"
"2331","που","O"
"2332","μᾶλλον","O"
"2333","αὐτῷ","O"
"2334","πρέπον","O"
"2335","τὸν","O"
"2336","γάμον","O"
"2337","ἐπαινεῖν","O"
"2338","ἢ","O"
"2339","τὰ","O"
"2340","ἑαυτοῦ","O"
"2341","παιδικά","O"
"2342","·","O"
"2343","καὶ","O"
"2344","ὅτι","O"
"2345","τῷ","O"
"2346","λόγῳ","O"
"2347","καὶ","O"
"2348","τῇ","O"
"2349","παιδείᾳ","O"
"2350","καὶ","O"
"2351","ἐπὶ","O"
"2352","τούτου","O"
"2353","χρηστέον","O"
"2354",".","O"
"2355","⁎","O"
"2356","⁎","O"
"2357","ὥςπερ","O"
"2358","ἤδη","O"
"2359","προοιμιαζόμενον","O"
"2360","καὶ","O"
"2361","προκαταμανα","O"
"2362","τευόμενον","O"
"2363","περὶ","O"
"2364","τῶν","O"
"2365","καὶ","O"
"2366","αὐτοὺς","O"
"2367","εἰκος","O"
"2368","διαφέροντας","O"
"2369","περὶ","O"
"2370","παιδείαν","O"
"2371","γενέσθαι","O"
"2372",".","O"
"2373","Λέξει","O"
"2374","δὲ","O"
"2375","χρηστέον","O"
"2376","ἀφελεῖ","O"
"2377","μᾶλλον","O"
"2378","ἐγγὺς","O"
"2379","Ξενοφῶντός","PERSON"
"2380","τε","O"
"2381","καὶ","O"
"2382","Νικοστράτου","PERSON"
"2383","βαίνοντα","O"
"2384",",","O"
"2385","ὀλιγαχοῦ","O"
"2386","δὲ","O"
"2387","ἐξαίροντα","O"
"2388","τὸν","O"
"2389","λόγον","O"
"2390","εἰς","O"
"2391","σεμνότητα","O"
"2392",",","O"
"2393","εἴ","O"
"2394","που","O"
"2395","τὰ","O"
"2396","ἐννοήματα","O"
"2397","ἀναγκάζοι","O"
"2398",".","O"
"2399","Μέθοδος","O"
"2400","γενεθλιακῶν","O"
"2401","Έχόμενος","O"
"2402","δέ","O"
"2403","σοι","O"
"2404","τούτου","O"
"2405","ὁ","O"
"2406","ἐπὶ","O"
"2407","ταῖς","O"
"2408","γενέσεσι","O"
"2409","τῶν","O"
"2410","παίδων","O"
"2411","λεγόμενος","O"
"2412","λόγος","O"
"2413","γάμῳ","O"
"2414","γάρ","O"
"2415","που","O"
"2416","γένεσιν","O"
"2417","ἀνάγκη","O"
"2418","ἀκολουθεῖν","O"
"2419","·","O"
"2420","ὃν","O"
"2421","καὶ","O"
"2422","αὐτὸν","O"
"2423","τελεῖν","O"
"2424","χρὴ","O"
"2425","τοῦτον","O"
"2426","τὸν","O"
"2427","τρόπον","O"
"2428",".","O"
"2429","ἐπεὶ","O"
"2430","γὰρ","O"
"2431","ἀρχὴ","O"
"2432","τῆς","O"
"2433","γενέσεως","O"
"2434","τῆς","O"
"2435","ἑκάστου","O"
"2436","ἡ","O"
"2437","ἡμέρα","O"
"2438",",","O"
"2439","ἐφ","O"
"2440","ἧς","O"
"2441","ἐγένετο","O"
"2442",",","O"
"2443","ἀναγκαῖόν","O"
"2444","που","O"
"2445","ὀλίγα","O"
"2446","ἄττα","O"
"2447","καὶ","O"
"2448","περὶ","O"
"2449","τῆς","O"
"2450","ἡμέρας","O"
"2451","εἰπεῖν","O"
"2452","οἷον","O"
"2453","ἐγκωμιάζοντα","O"
"2454","τὸ","O"
"2455","προσόν","O"
"2456",",","O"
"2457","εἰ","O"
"2458","ἄρα","O"
"2459","ἴδιόν","O"
"2460","τι","O"
"2461","ἔχει","O"
"2462","παρὰ","O"
"2463","τὰς","O"
"2464","ἄλλας","O"
"2465","ἡμέρας","O"
"2466",",","O"
"2467","ἐπισημαινόμενον","O"
"2468","·","O"
"2469","εἰ","O"
"2470","μὲν","O"
"2471","τῇ","O"
"2472","νουμηνίᾳ","O"
"2473",",","O"
"2474","ὅτι","O"
"2475","ἀρχὴ","O"
"2476","τοῦ","O"
"2477","μηνός","O"
"2478",",","O"
"2479","ἀρχὴ","O"
"2480","δὲ","O"
"2481","κράτιστον","O"
"2482","καὶ","O"
"2483","ἐξ","O"
"2484","ἀρχῆς","O"
"2485","τὰ","O"
"2486","πάντα","O"
"2487","·","O"
"2488","καὶ","O"
"2489","ὅτι","O"
"2490","ἥμισυ","O"
"2491","τοῦ","O"
"2492","παντὸς","O"
"2493","ἢ","O"
"2494","τὸ","O"
"2495","πᾶν","O"
"2496","κατὰ","O"
"2497","τὸν","O"
"2498","Πλάτωνα","PERSON"
"2499",".","O"
"2500","εἰ","O"
"2501","δὲ","O"
"2502","ἑβδόμῃ","O"
"2503","ἢ","O"
"2504","ἕκτῃ","O"
"2505",",","O"
"2506","ὅτι","O"
"2507","ἱεραὶ","O"
"2508","τοῖν","O"
"2509","θεοῖν","O"
"2510",",","O"
"2511","καὶ","O"
"2512","ὅτι","O"
"2513","κοινωνία","O"
"2514","πρὸς","O"
"2515","τὸ","O"
"2516","κρεῖττον","O"
"2517","κατὰ","O"
"2518","τὸ","O"
"2519","τῆς","O"
"2520","γενέσεως","O"
"2521",".","O"
"2522","ἔχοις","O"
"2523","δ","O"
"2524","ἂν","O"
"2525","καὶ","O"
"2526","περὶ","O"
"2527","τῆς","O"
"2528","ἐνάτης","O"
"2529","λέγειν","O"
"2530",",","O"
"2531","ὅτι","O"
"2532","ἱερὰ","O"
"2533","τοῦ","O"
"2534","Ἡλίου","O"
"2535",",","O"
"2536","καὶ","O"
"2537","ὅτι","O"
"2538","εἰκὸς","O"
"2539","ἐπίσημον","O"
"2540","τὸν","O"
"2541","τοιοῦτον","O"
"2542","γενέσθαι","O"
"2543",",","O"
"2544","τάχα","O"
"2545","δὲ","O"
"2546","καὶ","O"
"2547","εὐεργετικὸν","O"
"2548","κατὰ","O"
"2549","τὴν","O"
"2550","τοῦ","O"
"2551","λίου","PERSON"
"2552","φύσιν","O"
"2553",".","O"
"2554","εἰ","O"
"2555","δὲ","O"
"2556","πεντεκαιδεκάτη","O"
"2557","εἴη","O"
"2558",",","O"
"2559","ὅτι","O"
"2560","καὶ","O"
"2561","αὐτὴ","O"
"2562","τῆς","O"
"2563","Ἀθηνᾶς","GOD"
"2564",",","O"
"2565","καὶ","O"
"2566","ὅτι","O"
"2567","τέλειος","O"
"2568","ἐν","O"
"2569","τούτῳ","O"
"2570","ὁ","O"
"2571","κύκλος","O"
"2572",",","O"
"2573","καὶ","O"
"2574","εἰκὸς","O"
"2575","ἀνενδεῆ","O"
"2576","τὴν","O"
"2577","τοιαύτην","O"
"2578","εἶναι","O"
"2579","γένεσιν","O"
"2580","τοῦ","O"
"2581","ἀνδρός","O"
"2582",".","O"
"2583","ὁμοίως","O"
"2584","δὲ","O"
"2585","καὶ","O"
"2586","εἰ","O"
"2587","ἄλλη","O"
"2588","τις","O"
"2589","ἡμέρα","O"
"2590",",","O"
"2591","ἢ","O"
"2592","τῇ","O"
"2593","ἀρχῇ","O"
"2594","ἢ","O"
"2595","τῷ","O"
"2596","τέλει","O"
"2597","προσβιβάζοντας","O"
"2598","καὶ","O"
"2599","τὸ","O"
"2600","προσὸν","O"
"2601","θεωροῦντας","O"
"2602","οὕτω","O"
"2603","πειρᾶσθαι","O"
"2604","τὸν","O"
"2605","ἔπαινον","O"
"2606","ποιεῖσθαι","O"
"2607",".","O"
"2608","Ἐπὶ","O"
"2609","δὲ","O"
"2610","τῇ","O"
"2611","ἡμέρᾳ","O"
"2612","τὸν","O"
"2613","καιρὸν","O"
"2614","ἐπιθεωρεῖν","O"
"2615","ἀναγκαῖον","O"
"2616",",","O"
"2617","ὁποῖός","O"
"2618","τις","O"
"2619","οὗτος","O"
"2620","·","O"
"2621","καὶ","O"
"2622","τοῦ","O"
"2623","καιροῦ","O"
"2624","τὸ","O"
"2625","μὲν","O"
"2626","κατὰ","O"
"2627","τὴν","O"
"2628","ὥραν","O"
"2629",",","O"
"2630","οἷον","O"
"2631","ἐν","O"
"2632","χειμῶνι","O"
"2633","ἢ","O"
"2634","ἐν","O"
"2635","ἦρι","LOC"
"2636","ἢ","O"
"2637","ἐν","O"
"2638","τοῖς","O"
"2639","ἑτέροις","O"
"2640","μέρεσι","O"
"2641","τοῦ","O"
"2642","ἔτους","O"
"2643",",","O"
"2644","ὥς","O"
"2645","περ","O"
"2646","ἐν","O"
"2647","τοῖς","O"
"2648","περὶ","O"
"2649","τοῦ","O"
"2650","ἀγῶνος","O"
"2651","ἐπαίνοις","O"
"2652","ἐπεσημαινόμεθα","O"
"2653","τὰς","O"
"2654","ἰδιότητας","O"
"2655","τῶν","O"
"2656","καιρῶν","O"
"2657",",","O"
"2658","τῷ","O"
"2659","μὲν","O"
"2660","τὸ","O"
"2661","ἀνδρεῖον","O"
"2662",",","O"
"2663","τῷ","O"
"2664","δὲ","O"
"2665","τὸ","O"
"2666","φαιδρὸν","O"
"2667","ἀπονέμοντες","O"
"2668",",","O"
"2669","καὶ","O"
"2670","τῷ","O"
"2671","θέρει","O"
"2672","τὸ","O"
"2673","πεπληρῶσθαι","O"
"2674","τὴν","O"
"2675","γῆν","O"
"2676","ἐν","O"
"2677","τούτῳ","O"
"2678","τῶν","O"
"2679","ἀγαθῶν","O"
"2680",",","O"
"2681","καὶ","O"
"2682","τῷ","O"
"2683","λοιπῷ","O"
"2684","δὲ","O"
"2685","τὸ","O"
"2686","ἐν","O"
"2687","ἀνέσει","O"
"2688","καὶ","O"
"2689","ἀναπαύλῃ","O"
"2690","τῶν","O"
"2691","ἔργων","O"
"2692","γενέσθαι","O"
"2693",".","O"
"2694","ἐπισημαίνεσθαι","O"
"2695","δὲ","O"
"2696","καὶ","O"
"2697","τὰ","O"
"2698","συμβεβηκότα","O"
"2699","ἐνίοτε","O"
"2700","τοῖς","O"
"2701","καιροῖς","O"
"2702","·","O"
"2703","οἷον","O"
"2704","εἰ","O"
"2705","ἐν","O"
"2706","ἑορτῇ","O"
"2707","τις","O"
"2708","γέγονεν","O"
"2709",",","O"
"2710","οἱονεὶ","O"
"2711","ἐν","O"
"2712","Διονυσίοις","O"
"2713","ἢ","O"
"2714","ἐν","O"
"2715","μυστηρίοις","O"
"2716","ἢ","O"
"2717","ἐν","O"
"2718","πανηγύρεσίν","O"
"2719","τισιν","O"
"2720","·","O"
"2721","ἅπαντα","O"
"2722","γὰρ","O"
"2723","ταῦτα","O"
"2724","ἀφορμὰς","O"
"2725","παρέξει","O"
"2726","σοι","O"
"2727","εἰς","O"
"2728","τὸν","O"
"2729","ἔπαινον","O"
"2730",".","O"
"2731","Ἀπὸ","O"
"2732","δὲ","O"
"2733","τούτου","O"
"2734","ἰτέον","O"
"2735","καὶ","O"
"2736","ἐπὶ","O"
"2737","τοὺς","O"
"2738","τόπους","O"
"2739",",","O"
"2740","ἐν","O"
"2741","οἷς","O"
"2742","τις","O"
"2743","γέγονεν","O"
"2744","·","O"
"2745","πρῶτον","O"
"2746","μὲν","O"
"2747","ἐπὶ","O"
"2748","τὸ","O"
"2749","περιέχον","O"
"2750","τὸ","O"
"2751","ἔθνος","O"
"2752",",","O"
"2753","Ἀσίαν","LOC"
"2754",",","O"
"2755","ὐρώπην","LOC"
"2756","·","O"
"2757","καὶ","O"
"2758","τοῦτο","O"
"2759","οὐ","O"
"2760","πάλιν","O"
"2761","Ἑλληνικὸν","NORP"
"2762","ἢ","O"
"2763","βάρβαρον","O"
"2764",",","O"
"2765","ἢ","O"
"2766","σοφίαν","O"
"2767","ἢ","O"
"2768","ἀνδρείαν","O"
"2769","τοῦ","O"
"2770","ἔθνους","O"
"2771","ἢ","O"
"2772","τι","O"
"2773","τοιοῦτον","O"
"2774","ἐπισημαινόμενον","O"
"2775",".","O"
"2776","εἶτα","O"
"2777","ἐπὶ","O"
"2778","τὸ","O"
"2779","περιεχόμενον","O"
"2780","·","O"
"2781","τίς","O"
"2782","ἡ","O"
"2783","πόλις","O"
"2784","καὶ","O"
"2785","ἡ","O"
"2786","μητρόπολις","O"
"2787","αὐτῷ","O"
"2788","·","O"
"2789","ἐχομένη","O"
"2790","ἡ","O"
"2791","πόλις","O"
"2792","μητροπόλεως","O"
"2793","τῇ","O"
"2794","τιμῇ","O"
"2795",",","O"
"2796","μεγάλη","O"
"2797",",","O"
"2798","πολυάνθρωπος","O"
"2799",",","O"
"2800","εὔφορος","O"
"2801","πρὸς","O"
"2802","ἀνδρῶν","O"
"2803","ἀρετήν","O"
"2804",",","O"
"2805","ἢ","O"
"2806","ἄν","O"
"2807","τι","O"
"2808","ἕτερον","O"
"2809","ἀνδραγάθημα","O"
"2810","τῆς","O"
"2811","πόλεως","O"
"2812",".","O"
"2813","ἔπειτα","O"
"2814","τὰ","O"
"2815","μὲν","O"
"2816","περιεχόμενα","O"
"2817","ἐν","O"
"2818","τῇ","O"
"2819","πόλει","O"
"2820","·","O"
"2821","ποίας","O"
"2822","τινὸς","O"
"2823","οἰκίας","O"
"2824",",","O"
"2825","ὅτι","O"
"2826","οὐ","O"
"2827","φαύλης","O"
"2828",",","O"
"2829","ὅτι","O"
"2830","οὐκ","O"
"2831","ἀδόξου","O"
"2832",",","O"
"2833","γένους","O"
"2834","ὅτι","O"
"2835","ἐνδόξου","O"
"2836",",","O"
"2837","ποίων","O"
"2838","τινῶν","O"
"2839","προγόνων","O"
"2840","καὶ","O"
"2841","πατέρων","O"
"2842",",","O"
"2843","καὶ","O"
"2844","ἔπαινον","O"
"2845","ἐν","O"
"2846","βραχεῖ","O"
"2847","τούτων","O"
"2848","ἀπὸ","O"
"2849","τῶν","O"
"2850","προσόντων","O"
"2851",".","O"
"2852","Μετὰ","O"
"2853","ταῦτα","O"
"2854","δὲ","O"
"2855","καὶ","O"
"2856","ἐπ","O"
"2857","αὐτὸν","O"
"2858","ἥδῃ","O"
"2859","τὸν","O"
"2860","ἔπαινον","O"
"2861","ἰέναι","O"
"2862","τοῦ","O"
"2863","ἐγκωμιαζομένου","O"
"2864","καὶ","O"
"2865","οὗ","O"
"2866","ἡ","O"
"2867","γενέθλιος","O"
"2868","·","O"
"2869","ποίας","O"
"2870","τινὸς","O"
"2871","φύσεως","O"
"2872","κατὰ","O"
"2873","σῶμα","O"
"2874",",","O"
"2875","κατὰ","O"
"2876","ἰσχύν","O"
"2877",".","O"
"2878","εἰ","O"
"2879","μέγας","O"
"2880","ἐστί","O"
"2881",",","O"
"2882","κατὰ","O"
"2883","τὸν","O"
"2884","Αἴαντα","PERSON"
"2885","·","O"
"2886","εἰ","O"
"2887","καλὸς","O"
"2888","καὶ","O"
"2889","ἀνδρεῖος","O"
"2890",",","O"
"2891","κατὰ","O"
"2892","τὸν","O"
"2893","Ἀχιλλέα","PERSON"
"2894","·","O"
"2895","καὶ","O"
"2896","εἰ","O"
"2897","εὔγλωσσος","O"
"2898","ἢ","O"
"2899","εὔβουλος","O"
"2900","ἢ","O"
"2901","δίκαιος","O"
"2902","ἢ","O"
"2903","σώφρων","O"
"2904","εἴη","O"
"2905",",","O"
"2906","τὰ","O"
"2907","ἁρμόζοντα","O"
"2908","πρόσωπα","O"
"2909",",","O"
"2910","τὸν","O"
"2911","έστορα","O"
"2912",",","O"
"2913","τὸν","O"
"2914","Θεμιστοκλέα","PERSON"
"2915",",","O"
"2916","τὸν","O"
"2917","Ἀριστείδην","PERSON"
"2918",",","O"
"2919","τὸν","O"
"2920","ωκίωνα","PERSON"
"2921","·","O"
"2922","εἰ","O"
"2923","χρηστός","O"
"2924","·","O"
"2925","ὅτι","O"
"2926","θυμοειδὴς","O"
"2927","μετὰ","O"
"2928","τοῦ","O"
"2929","πράου","O"
"2930",",","O"
"2931","ὅτι","O"
"2932","ὀξὺς","O"
"2933","ἐνόδους","O"
"2934","θυμηθῆναι","O"
"2935",".","O"
"2936","κἂν","O"
"2937","εἰ","O"
"2938","μικρός","O"
"2939",",","O"
"2940","ὅτι","O"
"2941","μείζων","O"
"2942","τὴν","O"
"2943","τῆς","O"
"2944","ψυχῆς","O"
"2945","ἀρετήν","O"
"2946",",","O"
"2947","κατὰ","O"
"2948","τὸν","O"
"2949","Τυδέα","PERSON"
"2950",",","O"
"2951","κατὰ","O"
"2952","τὸν","O"
"2953","Κόνωνα","PERSON"
"2954",".","O"
"2955","οἷός","O"
"2956","τις","O"
"2957","τὰ","O"
"2958","περὶ","O"
"2959","τὸν","O"
"2960","βίον","O"
"2961",",","O"
"2962","εἰ","O"
"2963","φιλόκαλος","O"
"2964",",","O"
"2965","εἰ","O"
"2966","μεγαλοπρεπής","O"
"2967","·","O"
"2968","οἶος","O"
"2969","πρὸς","O"
"2970","τοὺς","O"
"2971","ἰδιώτας","O"
"2972",",","O"
"2973","πρὸς","O"
"2974","τὴν","O"
"2975","πόλιν","O"
"2976",",","O"
"2977","καὶ","O"
"2978","τὰς","O"
"2979","φιλοτιμίας","O"
"2980","τὰς","O"
"2981","πρὸς","O"
"2982","τὴν","O"
"2983","πόλιν","O"
"2984",".","O"
"2985","κἂν","O"
"2986","εἰ","O"
"2987","ἐπιστήμης","O"
"2988","τινὸς","O"
"2989","ἐπήβολος","O"
"2990","εἴη","O"
"2991",",","O"
"2992","οἷον","O"
"2993","ἰατρικῆς","O"
"2994","ἢ","O"
"2995","ῥητορικῆς","O"
"2996","ἢ","O"
"2997","φιλοσοφίας","O"
"2998",",","O"
"2999","θετικῶς","O"
"3000","ἐπάγοντα","O"
"3001","τὸν","O"
"3002","ἐν","O"
"3003","τούτοις","O"
"3004","ἔπαινον","O"
"3005",",","O"
"3006","εἰς","O"
"3007","ὅσα","O"
"3008","τούτων","O"
"3009","ἕκαστον","O"
"3010","χρήσιμον","O"
"3011","·","O"
"3012","οὕτω","O"
"3013","γὰρ","O"
"3014","ἂν","O"
"3015","ἀμφιλαφὴς","O"
"3016","ὁ","O"
"3017","λόγος","O"
"3018","γένοιτο","O"
"3019",".","O"
"3020","ποῖος","O"
"3021","ἤδη","O"
"3022","γέγονεν","O"
"3023",",","O"
"3024","ποῖός","O"
"3025","ἐστιν","O"
"3026","ἐν","O"
"3027","τῷ","O"
"3028","παρόντι","O"
"3029",",","O"
"3030","καὶ","O"
"3031","ποῖον","O"
"3032","εἰκὸς","O"
"3033","ἔσεσθαι","O"
"3034","εἰς","O"
"3035","τὸν","O"
"3036","μέλλοντα","O"
"3037","χρόνον","O"
"3038",".","O"
"3039","ἐν","O"
"3040","τούτῳ","O"
"3041","δὲ","O"
"3042","γενόμενοι","O"
"3043","οὐκ","O"
"3044","ἄπο","O"
"3045","τρόπου","O"
"3046","ἂν","O"
"3047","ποιοῖμεν","O"
"3048","καὶ","O"
"3049","εὐχόμενοι","O"
"3050","τοῖς","O"
"3051","τε","O"
"3052","ἄλλοις","O"
"3053","καὶ","O"
"3054","τοῖς","O"
"3055","γενεθλίοις","O"
"3056","θεοῖς","O"
"3057","περὶ","O"
"3058","τοῦ","O"
"3059","μέλλοντος","O"
"3060","βίου","O"
"3061","καὶ","O"
"3062","τοῦ","O"
"3063","ἀμείνω","O"
"3064","τοῦ","O"
"3065","παρεληλυθότος","O"
"3066","γενέσθαι","O"
"3067","τοῦτον","O"
"3068",",","O"
"3069","καὶ","O"
"3070","πολλὰς","O"
"3071","περιόδους","O"
"3072","χρόνων","O"
"3073","τελέσαντα","O"
"3074","εἰς","O"
"3075","λιπαρὸν","O"
"3076","καὶ","O"
"3077","εὔδαιμον","O"
"3078","γῆρας","O"
"3079","παρελθεῖν","O"
"3080",".","O"
"3081","Μέθοδος","O"
"3082","ἐπιθαλαμίου","O"
"3083","Πρὸ","O"
"3084","δὲ","O"
"3085","τοῦ","O"
"3086","περὶ","O"
"3087","τῆς","O"
"3088","γενέσεως","O"
"3089","λόγου","O"
"3090","μικροῦ","O"
"3091","γάρ","O"
"3092","με","O"
"3093","παρῆλθεν","O"
"3094","ὑπὸ","O"
"3095","τοῦ","O"
"3096","θρύβου","O"
"3097","καὶ","O"
"3098","τῆς","O"
"3099","ταραχῆς","O"
"3100","τῆς","O"
"3101","περὶ","O"
"3102","τὴν","O"
"3103","ἔξοδον","O"
"3104","ὁ","O"
"3105","ἐπὶ","O"
"3106","τῷ","O"
"3107","θαλάμῳ","O"
"3108","λεγόμενος","O"
"3109","λόγος","O"
"3110","·","O"
"3111","ἐχόμενος","O"
"3112","δ","O"
"3113","ὅ","O"
"3114","τι","O"
"3115","μάλιστα","O"
"3116","καὶ","O"
"3117","ἀκόλουθος","O"
"3118","ἂν","O"
"3119","εἴη","O"
"3120","τοῖς","O"
"3121","γαμικοῖς","O"
"3122","τῶν","O"
"3123","λόγων","O"
"3124",",","O"
"3125","σχεδὸν","O"
"3126","εἷς","O"
"3127","καὶ","O"
"3128","ὁ","O"
"3129","αὐτὸς","O"
"3130","ὢν","O"
"3131","τῷ","O"
"3132","γαμικῷ","O"
"3133",",","O"
"3134","πλὴν","O"
"3135","τῷ","O"
"3136","χρόνῳ","O"
"3137","διαφέρων","O"
"3138",",","O"
"3139","ἐπὶ","O"
"3140","τετελεσμένοις","O"
"3141","τοῖς","O"
"3142","γάμοις","O"
"3143","λεγόμενος","O"
"3144","οὗτος","O"
"3145","·","O"
"3146","οὐ","O"
"3147","μὴν","O"
"3148","τοῖς","O"
"3149","γε","O"
"3150","ἄλλοις","O"
"3151","ἀπᾴδων","O"
"3152","τοῦ","O"
"3153","προειρημένου","O"
"3154",",","O"
"3155","καὶ","O"
"3156","ὥςπερ","O"
"3157","ἀντὶ","O"
"3158","ὑμεναίων","O"
"3159","ἐπᾳδόμενος","O"
"3160","τοῖς","O"
"3161","γάμοις","O"
"3162",".","O"
"3163","τινὰ","O"
"3164","μὲν","O"
"3165","οὖν","O"
"3166","καὶ","O"
"3167","παρὰ","O"
"3168","Σαπφοῖ","PERSON"
"3169","τῆς","O"
"3170","ἰδέας","O"
"3171","ταύτης","O"
"3172","παραδείγματα","O"
"3173",",","O"
"3174","ἐπιθαλάμιοι","NORP"
"3175","οὕτως","O"
"3176","ἐπιγραφόμεναι","O"
"3177","ᾠδαί","O"
"3178","·","O"
"3179","ἀλλ","O"
"3180","ἐπειδὴ","O"
"3181","οὐχ","O"
"3182","ἡ","O"
"3183","αὐτὴ","O"
"3184","μεταχείρισις","O"
"3185","ποιήσεως","O"
"3186","τε","O"
"3187","καὶ","O"
"3188","πεζοῦ","O"
"3189","λόγου","O"
"3190",",","O"
"3191","ἀλλ","O"
"3192","ὥςπερ","O"
"3193","τοῖς","O"
"3194","μέτροις","O"
"3195",",","O"
"3196","οὑτωσὶ","O"
"3197","δὲ","O"
"3198","καὶ","O"
"3199","τοῖς","O"
"3200","ἐννοήμασι","O"
"3201","διενήνοχεν","O"
"3202","ταῦτα","O"
"3203",",","O"
"3204","τοῦτον","O"
"3205","ἄν","O"
"3206","μοι","O"
"3207","δοκεῖς","O"
"3208","τὸν","O"
"3209","τρόπον","O"
"3210","καὶ","O"
"3211","τοῦτον","O"
"3212","τὸν","O"
"3213","λόγον","O"
"3214","προσφόρως","O"
"3215","μεταχειρίσασθαι","O"
"3216",",","O"
"3217","εἰ","O"
"3218","ἐν","O"
"3219","μὲν","O"
"3220","τῷ","O"
"3221","προοιμίῳ","O"
"3222","εὐθὺς","O"
"3223","αὐτὸ","O"
"3224","τοῦτο","O"
"3225","ἐπισημαίνοιο","O"
"3226",",","O"
"3227","ὅτι","O"
"3228","οἱ","O"
"3229","μὲν","O"
"3230","ἄλλοι","O"
"3231","τὸν","O"
"3232","ὑμέναιον","O"
"3233","ᾄδουσιν","O"
"3234",",","O"
"3235","ἡμεῖς","O"
"3236","δὲ","O"
"3237","ἀντὶ","O"
"3238","τοῦ","O"
"3239","ὑμεναίου","O"
"3240","τὸν","O"
"3241","λόγον","O"
"3242",",","O"
"3243","οὐχ","O"
"3244","ὑπ","O"
"3245","αὐλοῖς","O"
"3246","ἢ","O"
"3247","πηκτίσιν","O"
"3248","ἢ","O"
"3249","νὴ","O"
"3250","Δία","GOD"
"3251","καλλιφωνίᾳ","O"
"3252","τινὶ","O"
"3253","τοιαύτῃ","O"
"3254",",","O"
"3255","ἀλλὰ","O"
"3256","ἐπαίνοις","O"
"3257","καὶ","O"
"3258","ὕμνοις","O"
"3259","τῶν","O"
"3260","γεγαμηκότων","O"
"3261",".","O"
"3262","Εἶτα","O"
"3263","ἐπὶ","O"
"3264","τούτοις","O"
"3265","ἐπάγειν","O"
"3266",",","O"
"3267","ὅτι","O"
"3268","ἀναγκαῖος","O"
"3269","ὁ","O"
"3270","γάμος","O"
"3271","ἀνθρώποις","O"
"3272","γε","O"
"3273","οὖσι","O"
"3274","·","O"
"3275","σωτηρία","O"
"3276","γὰρ","O"
"3277","τοῦ","O"
"3278","γένους","O"
"3279","·","O"
"3280","καὶ","O"
"3281","ὅσα","O"
"3282","ἀγαθὰ","O"
"3283","ἐκ","O"
"3284","τοῦ","O"
"3285","γάμου","O"
"3286",".","O"
"3287","εἶτα","O"
"3288","μεταβήσῃ","O"
"3289","ἐπὶ","O"
"3290","τὰ","O"
"3291","πρόσωπα","O"
"3292","τῶν","O"
"3293","συνιόντων","O"
"3294","εἰς","O"
"3295","τὸν","O"
"3296","γάμον","O"
"3297",",","O"
"3298","ὁποῖοί","O"
"3299","τινες","O"
"3300","οὗτοι","O"
"3301","·","O"
"3302","ἐν","O"
"3303","ᾇ","O"
"3304","περὶ","O"
"3305","γένους","O"
"3306","ἐρεῖς","O"
"3307","αὐτῶν","O"
"3308","καὶ","O"
"3309","τροφῆς","O"
"3310",",","O"
"3311","καὶ","O"
"3312","περὶ","O"
"3313","κάλλους","O"
"3314","σωμάτων","O"
"3315","καὶ","O"
"3316","ἡλικίας","O"
"3317","·","O"
"3318","ὅσα","O"
"3319","ἐκ","O"
"3320","τύχης","O"
"3321","αὐτοῖς","O"
"3322","πρόσεστι","O"
"3323",",","O"
"3324","καὶ","O"
"3325","περὶ","O"
"3326","ἐπιτηδευμάτων","O"
"3327","·","O"
"3328","ὅτι","O"
"3329","σπουδὴν","O"
"3330","ἔσχον","O"
"3331","περὶ","O"
"3332","τὸν","O"
"3333","γάμον","O"
"3334","καὶ","O"
"3335","τὴν","O"
"3336","σύζευξιν","O"
"3337","αὐτοί","O"
"3338","·","O"
"3339","ὅπως","O"
"3340","διάκεινται","O"
"3341","ἐπὶ","O"
"3342","τῷ","O"
"3343","γάμῳ","O"
"3344","οἱ","O"
"3345","οἰκεῖοι","O"
"3346",",","O"
"3347","οἱ","O"
"3348","ἀλλότριοι","O"
"3349",",","O"
"3350","ἡ","O"
"3351","πόλις","O"
"3352","αὐτὴ","O"
"3353","δημοσίᾳ","O"
"3354","·","O"
"3355","ὅτι","O"
"3356","πᾶσι","O"
"3357","διὰ","O"
"3358","σπουδῆς","O"
"3359","ὁ","O"
"3360","γάμος","O"
"3361","ἐστίν","O"
"3362",",","O"
"3363","καὶ","O"
"3364","ὁ","O"
"3365","γάμος","O"
"3366","ἔοικεν","O"
"3367","πανηγύρει","O"
"3368","τινὶ","O"
"3369","καὶ","O"
"3370","νεομηνίᾳ","O"
"3371","καὶ","O"
"3372","δημοτελεῖ","O"
"3373","ἑορτῇ","O"
"3374","τῆς","O"
"3375","πόλεως","O"
"3376",".","O"
"3377","ὥςπερ","O"
"3378","δὲ","O"
"3379","ἐν","O"
"3380","τοῖς","O"
"3381","γαμικοῖς","O"
"3382","ἠξιοῦμεν","O"
"3383","πρὸς","O"
"3384","τοῖς","O"
"3385","ἄλλοις","O"
"3386","ἐπισκοπεῖν","O"
"3387",",","O"
"3388","οἷον","O"
"3389","εἰ","O"
"3390","ἐκ","O"
"3391","τῆς","O"
"3392","αὐτῆς","O"
"3393","πατρίδος","O"
"3394",",","O"
"3395","εἰ","O"
"3396","ἐκ","O"
"3397","τοῦ","O"
"3398","αὐτοῦ","O"
"3399","γένους","O"
"3400",",","O"
"3401","οὑτωσὶ","O"
"3402","δὲ","O"
"3403","μηδὲ","O"
"3404","ἐν","O"
"3405","τούτῳ","O"
"3406","παρὰ","O"
"3407","φαῦλον","O"
"3408","ποιεῖσθαι","O"
"3409","τὸ","O"
"3410","μέρος","O"
"3411","τοῦ","O"
"3412","λόγου","O"
"3413","τοῦτο","O"
"3414",".","O"
"3415","Ἐπὶ","O"
"3416","δὲ","O"
"3417","τοῖς","O"
"3418","ἐπαίνοις","O"
"3419","καὶ","O"
"3420","τοῖς","O"
"3421","ἐγκωμίοις","O"
"3422","καὶ","O"
"3423","προτροπή","O"
"3424","τις","O"
"3425","ἔστω","O"
"3426","τοῖς","O"
"3427","γαμοῦσιν","O"
"3428","πρὸς","O"
"3429","τὸ","O"
"3430","σπουδάζειν","O"
"3431","περὶ","O"
"3432","ἀλλήλους","O"
"3433","καὶ","O"
"3434","ὁμονοεῖν","O"
"3435","ὅ","O"
"3436","τι","O"
"3437","μάλιστα","O"
"3438","·","O"
"3439","καὶ","O"
"3440","ὅσα","O"
"3441","ἀγαθὰ","O"
"3442","ἐκ","O"
"3443","τῆς","O"
"3444","τοιαύτης","O"
"3445","ὁμονοίας","O"
"3446","καὶ","O"
"3447","φιλίας","O"
"3448","ἀνάγκη","O"
"3449","συμβαίνειν","O"
"3450",",","O"
"3451","ἀπὸ","O"
"3452","τοῦ","O"
"3453","καθόλου","O"
"3454","ἐπὶ","O"
"3455","τὸ","O"
"3456","ἴδιον","O"
"3457","ἄγοντα","O"
"3458","τὸν","O"
"3459","λόγον","O"
"3460","·","O"
"3461","ὅτι","O"
"3462","ὁμόνοια","O"
"3463","πᾶσι","O"
"3464","μὲν","O"
"3465","ἀνθρώποις","O"
"3466","ἡγεῖται","O"
"3467","τῶν","O"
"3468","ἀγαθῶν","O"
"3469",",","O"
"3470","μάλιστα","O"
"3471","δὲ","O"
"3472","τοῖς","O"
"3473","γεγαμηκόσιν","O"
"3474","·","O"
"3475","καὶ","O"
"3476","εἰς","O"
"3477","τοῦτο","O"
"3478","καὶ","O"
"3479","τὸ","O"
"3480","τοῦ","O"
"3481","Ὁμηροῦ","PERSON"
"3482","παραληπτέον","O"
"3483","ἐνδόξῳ","O"
"3484","κρίσει","O"
"3485","χρώμενον","O"
"3486",",","O"
"3487","ὅτι","O"
"3488","οὐδὲν","O"
"3489","μεῖζον","O"
"3490","ἀγαθὸν","O"
"3491","ἢ","O"
"3492","ὅτε","O"
"3493","ὁμοφρονέοντε","O"
"3494","νοήμασιν","O"
"3495","οἶκον","O"
"3496","ἔχητον","O"
"3497","ἀνὴρ","O"
"3498","ἠδὲ","O"
"3499","γυνή","O"
"3500","·","O"
"3501","τίνα","O"
"3502","μὲν","O"
"3503","ἐκ","O"
"3504","τούτου","O"
"3505","τοῖς","O"
"3506","ἐχθροῖς","O"
"3507","ἀνιαρά","O"
"3508",",","O"
"3509","τίνα","O"
"3510","δὲ","O"
"3511","ἡδέα","O"
"3512","τοῖς","O"
"3513","φίλοις","O"
"3514",".","O"
"3515","ἐπὶ","O"
"3516","τέλει","O"
"3517","δὲ","O"
"3518","καὶ","O"
"3519","εὐχῇ","O"
"3520","χρῆσθαι","O"
"3521",",","O"
"3522","ὅπως","O"
"3523","ὅ","O"
"3524","τι","O"
"3525","τάχιστα","O"
"3526",".","O"
"3527","παῖδες","O"
"3528","γένοιντο","O"
"3529",",","O"
"3530","ὡς","O"
"3531","καὶ","O"
"3532","τούτων","O"
"3533","ἐπιδεῖν","O"
"3534","γάμους","O"
"3535","καὶ","O"
"3536","ᾆσαί","O"
"3537","τὸν","O"
"3538","ὑμέναιον","O"
"3539","καὶ","O"
"3540","ὑπόθεσιν","O"
"3541","ἔχειν","O"
"3542","αὖθις","O"
"3543","τοιούτων","O"
"3544","λόγω","O"
"3545",".","O"
"3546","Μέθοδος","O"
"3547","προσφωνηματικῶν","O"
"3548","Ἰσοκράτης","PERSON"
"3549","μὲν","O"
"3550","ὁ","O"
"3551","σὸς","O"
"3552","ἑταῖρος","O"
"3553","καὶ","O"
"3554","ἐμός","O"
"3555",",","O"
"3556","ὦ","O"
"3557","Ἐχέκρατες","PERSON"
"3558",",","O"
"3559","εἴ","O"
"3560","περ","O"
"3561","ἄλλο","O"
"3562","τι","O"
"3563",",","O"
"3564","φησὶ","O"
"3565","χρῆναι","O"
"3566","προσεῖναι","O"
"3567","τοῖς","O"
"3568","σπουδαίοις","O"
"3569","ἀνθρώποις","O"
"3570",",","O"
"3571","ἐν","O"
"3572","τῇ","O"
"3573","παραινέσει","O"
"3574","τῇ","O"
"3575","πρὸς","O"
"3576","τὸν","O"
"3577","Ἰππονίκου","PERSON"
"3578",",","O"
"3579","καὶ","O"
"3580","τὴν","O"
"3581","φιλοπροσηγορίαν","O"
"3582","·","O"
"3583","ὅ","O"
"3584","πέρ","O"
"3585","ἐστι","O"
"3586","τὸ","O"
"3587","προσφωνεῖν","O"
"3588","τοὺς","O"
"3589","ἀπαντῶντας","O"
"3590",",","O"
"3591","ὡς","O"
"3592","αὐτός","O"
"3593","φησιν","O"
"3594",".","O"
"3595","εἰ","O"
"3596","δὲ","O"
"3597","καὶ","O"
"3598","ἰδίᾳ","O"
"3599","χρῆν","O"
"3600","πρὸς","O"
"3601","ἕκαστον","O"
"3602","τοῦτο","O"
"3603","ποιεῖν","O"
"3604",",","O"
"3605","ὅπως","O"
"3606","καὶ","O"
"3607","τοὺς","O"
"3608","ἰδιώτας","O"
"3609","ὡς","O"
"3610","ὅ","O"
"3611","τι","O"
"3612","μάλιστα","O"
"3613","οἰκειοτέρως","O"
"3614","καὶ","O"
"3615","εὐμενεστέρως","O"
"3616","ἔχειν","O"
"3617","πρὸς","O"
"3618","ἡμᾶς","O"
"3619","παρασκευάζωμεν","O"
"3620","ἐκ","O"
"3621","τῆς","O"
"3622","τοιαύτης","O"
"3623","φιλοπροσηγορίας","O"
"3624",",","O"
"3625","πολλῷ","O"
"3626","δή","O"
"3627","που","O"
"3628","ἀναγκαιότερον","O"
"3629","τὸ","O"
"3630","πρᾶγμα","O"
"3631","καὶ","O"
"3632","ὁ","O"
"3633","τοιοῦτος","O"
"3634","τρόπος","O"
"3635","τῆς","O"
"3636","προσφωνήσεως","O"
"3637",",","O"
"3638","εἰ","O"
"3639","πρὸς","O"
"3640","τοὺς","O"
"3641","ἐν","O"
"3642","τέλει","O"
"3643","καὶ","O"
"3644","ἐν","O"
"3645","ἀρχαῖς","O"
"3646","γεγονότας","O"
"3647","ὑφ","O"
"3648","ἡμῶν","O"
"3649","γίγνοιτο","O"
"3650","καὶ","O"
"3651","μάλιστά","O"
"3652","γε","O"
"3653","δὴ","O"
"3654","τοὺς","O"
"3655","ἑκάστοτε","O"
"3656","ἐκ","O"
"3657","βασιλέων","O"
"3658","εἰς","O"
"3659","τὰ","O"
"3660","ἔθνη","O"
"3661","καὶ","O"
"3662","τὰς","O"
"3663","πόλεις","O"
"3664","τὰς","O"
"3665","ἡμετέρας","O"
"3666","παραγιγνομένους","O"
"3667",",","O"
"3668","ὅπως","O"
"3669","καὶ","O"
"3670","αὐτοὺς","O"
"3671","διὰ","O"
"3672","τοιούτου","O"
"3673","τρόπου","O"
"3674","καὶ","O"
"3675","πρὸς","O"
"3676","ἡμᾶς","O"
"3677","καὶ","O"
"3678","πρὸς","O"
"3679","τὰς","O"
"3680","αὑτῶν","O"
"3681","πατρίδας","O"
"3682","οἰκειοτέρως","O"
"3683","διακεῖσθαι","O"
"3684","παρασκευάσαιμεν","O"
"3685",".","O"
"3686","ἀμέλει","O"
"3687","γέ","O"
"3688","τοι","O"
"3689","καὶ","O"
"3690","τὸ","O"
"3691","πρᾶγμα","O"
"3692","ἤδη","O"
"3693","ἐπιχωριάζει","O"
"3694","ἐπὶ","O"
"3695","πᾶσι","O"
"3696",",","O"
"3697","καὶ","O"
"3698","καθάπερ","O"
"3699","τις","O"
"3700","οὗτος","O"
"3701","νόμος","O"
"3702","καὶ","O"
"3703","θεσμὸς","O"
"3704","διελήλυθεν","O"
"3705","διὰ","O"
"3706","πάντων","O"
"3707",",","O"
"3708","ὡς","O"
"3709","εὐθὺς","O"
"3710","ἅμα","O"
"3711","τε","O"
"3712","τῇ","O"
"3713","πρώτῃ","O"
"3714","τῶν","O"
"3715","πυλῶν","O"
"3716",",","O"
"3717","ὡς","O"
"3718","ἄν","O"
"3719","εἴποι","O"
"3720","τις","O"
"3721",",","O"
"3722","εἰσόδῳ","O"
"3723","προσφωνεῖν","O"
"3724","τούτους","O"
"3725","δημοσίᾳ","O"
"3726","τὰς","O"
"3727","πόλεις","O"
"3728","ὑφ","O"
"3729","ἑνὸς","O"
"3730","ὅτου","O"
"3731","οὖν","O"
"3732","τῶν","O"
"3733","ἀρίστων","O"
"3734","κατὰ","O"
"3735","τὴν","O"
"3736","παιδείαν","O"
"3737","ὥςπερ","O"
"3738","δημοσίᾳ","O"
"3739","τινὶ","O"
"3740","φωνῇ","O"
"3741","καὶ","O"
"3742","κοινῷ","O"
"3743","προσαγορεύματι","O"
"3744","προσαγορεύοντος","O"
"3745",".","O"
"3746","φέρε","O"
"3747","οὖν","O"
"3748","εἴπωμέν","O"
"3749","τι","O"
"3750","καὶ","O"
"3751","περὶ","O"
"3752","τούτων","O"
"3753","τῶν","O"
"3754","λόγων","O"
"3755",",","O"
"3756","ὅπως","O"
"3757","ἂν","O"
"3758","καὶ","O"
"3759","τούτους","O"
"3760","ἄριστα","O"
"3761","καὶ","O"
"3762","ῥᾷστα","O"
"3763","μεταχειριζοίμεθα","O"
"3764",".","O"
"3765","Καθόλου","O"
"3766","μὲν","O"
"3767","ὁ","O"
"3768","τρόπος","O"
"3769","αὐτῶν","O"
"3770","τοιοῦτος","O"
"3771",",","O"
"3772","ὡς","O"
"3773","σύστασίν","O"
"3774","τινα","O"
"3775","ἔχειν","O"
"3776","τῆς","O"
"3777","αὑτῶν","O"
"3778","πατρίδος","O"
"3779","πρὸς","O"
"3780","τοὺς","O"
"3781","ἄρχειν","O"
"3782","μέλλοντας","O"
"3783",".","O"
"3784","δεῖ","O"
"3785","δὲ","O"
"3786","οὐκ","O"
"3787","αὐτὸ","O"
"3788","τοῦτο","O"
"3789","μόνον","O"
"3790","πραγματεύεσθαι","O"
"3791","ἐν","O"
"3792","τῷ","O"
"3793","λόγῳ","O"
"3794",",","O"
"3795","ἀλλὰ","O"
"3796","μηδὲ","O"
"3797","ἑαυτῶν","O"
"3798","ἐν","O"
"3799","τῷ","O"
"3800","τοιῷδε","O"
"3801","ὀλιγώρως","O"
"3802","ἔχειν","O"
"3803",".","O"
"3804","ἀρχὴ","O"
"3805","οὖν","O"
"3806","ἐμοὶ","O"
"3807","δοκεῖ","O"
"3808","ἀναγκαιοτάτη","O"
"3809","ἂν","O"
"3810","αὕτη","O"
"3811","γενέσθαι","O"
"3812","περὶ","O"
"3813","αὑτοῦ","O"
"3814","τε","O"
"3815","εἰπεῖν","O"
"3816","καὶ","O"
"3817","τῆς","O"
"3818","ἑαυτοῦ","O"
"3819","προαιρέσεως","O"
"3820",",","O"
"3821","καὶ","O"
"3822","δι","O"
"3823","ὅ","O"
"3824","τι","O"
"3825","προκεχείρισται","O"
"3826","ἐκ","O"
"3827","πάντων","O"
"3828","ἐπὶ","O"
"3829","τὸν","O"
"3830","λόγον","O"
"3831",",","O"
"3832","καὶ","O"
"3833","ὅτι","O"
"3834","ἀναγκαία","O"
"3835","αὐτῷ","O"
"3836","ἡ","O"
"3837","ὑπόθεσις","O"
"3838","τοῦ","O"
"3839","λόγου","O"
"3840",".","O"
"3841","ἐχέτω","O"
"3842","δὲ","O"
"3843","ἐν","O"
"3844","τούτῳ","O"
"3845","καὶ","O"
"3846","θεραπείαν","O"
"3847","τινὰ","O"
"3848","τοῦ","O"
"3849","ἄρχοντος","O"
"3850",",","O"
"3851","ὡς","O"
"3852","ἀποδεχομένου","O"
"3853","τοὺς","O"
"3854","τοιούτους","O"
"3855","ἄπαντας","O"
"3856","καὶ","O"
"3857","οἷον","O"
"3858","αὐτοῦ","O"
"3859","χεῖρα","O"
"3860","ὀρέγοντος","O"
"3861",",","O"
"3862","δι","O"
"3863","ὅπερ","O"
"3864","καὶ","O"
"3865","ἑτοιμότερον","O"
"3866","ὑπήκουσεν","O"
"3867","·","O"
"3868","καὶ","O"
"3869","ὅτι","O"
"3870","ἦν","O"
"3871","μὲν","O"
"3872","καὶ","O"
"3873","ἀκούειν","O"
"3874","τοῦτο","O"
"3875","εὐθὺς","O"
"3876","περὶ","O"
"3877","αὐτοῦ","O"
"3878",",","O"
"3879","πολὺ","O"
"3880","δὲ","O"
"3881","ἔτι","O"
"3882","ἐναργέστερον","O"
"3883","τῇ","O"
"3884","ὄψει","O"
"3885","αὐτῇ","O"
"3886","πέφηνεν","O"
"3887",",","O"
"3888","ἀτεχνῶς","O"
"3889","οἷον","O"
"3890","ἐκ","O"
"3891","τοῦ","O"
"3892","προσώπου","O"
"3893","καὶ","O"
"3894","τῆς","O"
"3895","φαιδρότητος","O"
"3896","ὥςπερ","O"
"3897","ἐν","O"
"3898","κατόπτρῳ","O"
"3899","τοῦ","O"
"3900","ἤθους","O"
"3901","καὶ","O"
"3902","τῆς","O"
"3903","πρὸς","O"
"3904","ταῦτα","O"
"3905","δεξιότητος","O"
"3906","φανερῶν","O"
"3907","γιγνομένων","O"
"3908",".","O"
"3909","οὕτω","O"
"3910","δὲ","O"
"3911","προκαταστησάμενον","O"
"3912","τὸν","O"
"3913","λόγον","O"
"3914","ἑξῆς","O"
"3915","ἰτέον","O"
"3916","ἐπὶ","O"
"3917","τὸ","O"
"3918","ἐγκώμιον","O"
"3919","τοῦ","O"
"3920","βασιλέως","O"
"3921",",","O"
"3922","ἐν","O"
"3923","βραχεῖ","O"
"3924","τοῦτο","O"
"3925","ποιησάμενον","O"
"3926","καὶ","O"
"3927","αὐτὸ","O"
"3928","τοῦτο","O"
"3929","ἐπισημηνάμενον","O"
"3930",",","O"
"3931","ὅτι","O"
"3932","οὐδ","O"
"3933","ἂν","O"
"3934","ὁ","O"
"3935","σύμπας","O"
"3936","χρόνος","O"
"3937","ἐξαρκέσαι","O"
"3938","πρὸς","O"
"3939","τοῦτο","O"
"3940",",","O"
"3941","καὶ","O"
"3942","ὅτι","O"
"3943","ἑτέρου","O"
"3944","καιροῦ","O"
"3945",",","O"
"3946","οὐ","O"
"3947","τοῦ","O"
"3948","παρόντος","O"
"3949",".","O"
"3950","κατακλείσεις","O"
"3951","δὲ","O"
"3952","τὸ","O"
"3953","ἐγκώμιον","O"
"3954","εἰς","O"
"3955","τοῦτο","O"
"3956",",","O"
"3957","ὅτι","O"
"3958","ἕν","O"
"3959","τι","O"
"3960","τῶν","O"
"3961","καλῶν","O"
"3962","τῶν","O"
"3963","βασιλέως","O"
"3964","καὶ","O"
"3965","τοῦτο","O"
"3966",",","O"
"3967","τὸ","O"
"3968","τοιοῦτον","O"
"3969","ἄνδρα","O"
"3970","ἐπιλεξάμενον","O"
"3971","καταπέμψαι","O"
"3972","ἐπὶ","O"
"3973","τὸ","O"
"3974","αὑτοῦ","O"
"3975","ἔθνος","O"
"3976","οὐ","O"
"3977","πόρρω","O"
"3978","βαίνοντα","O"
"3979","τῆς","O"
"3980","αὑτοῦ","O"
"3981","προαιρέσεως","O"
"3982",".","O"
"3983","Καὶ","O"
"3984","ἐντεῦθεν","O"
"3985","ἀρχέσθω","O"
"3986","σοι","O"
"3987","τὸ","O"
"3988","ἐγκώμιον","O"
"3989","τοῦ","O"
"3990","ἡγουμένου","O"
"3991",".","O"
"3992","χρηστέον","O"
"3993","δὲ","O"
"3994","καὶ","O"
"3995","ἐνταῦθα","O"
"3996","τοῖς","O"
"3997","ἐγκωμιαστικοῖς","O"
"3998","τόποις","O"
"3999",",","O"
"4000","ἀπὸ","O"
"4001","γένους","O"
"4002",",","O"
"4003","ἀπὸ","O"
"4004","φύσεως","O"
"4005",",","O"
"4006","ἀπὸ","O"
"4007","ἀνατροφῆς","O"
"4008","·","O"
"4009","εἰ","O"
"4010","μὲν","O"
"4011","φανερὰ","O"
"4012","εἴη","O"
"4013",",","O"
"4014","καθ","O"
"4015","ἕκαστον","O"
"4016","ἀκριβῶς","O"
"4017","διεξιόντα","O"
"4018","·","O"
"4019","εἰ","O"
"4020","δὲ","O"
"4021","ἄδηλα","O"
"4022",",","O"
"4023","κατὰ","O"
"4024","τὸ","O"
"4025","πιθανὸν","O"
"4026","προάγοντα","O"
"4027",",","O"
"4028","ὅτι","O"
"4029","ἀνάγκη","O"
"4030","τὸν","O"
"4031","τηλικούτων","O"
"4032","καὶ","O"
"4033","τοιούτων","O"
"4034","κατηξιωμένον","O"
"4035","οὔτε","O"
"4036","γένει","O"
"4037","οὔτε","O"
"4038","φύσει","O"
"4039","οὔτε","O"
"4040","ἀνατροφῇ","O"
"4041","λείπεσθαί","O"
"4042","τινων","O"
"4043",",","O"
"4044","ἀλλὰ","O"
"4045","διὰ","O"
"4046","ταῦτα","O"
"4047","προκεκρίσθαι","O"
"4048","·","O"
"4049","τά","O"
"4050","γε","O"
"4051","μὴν","O"
"4052","φανερὰ","O"
"4053","ἀκριβέστερον","O"
"4054","ἐπισημαινόμενον","O"
"4055",",","O"
"4056","οἷον","O"
"4057","εἰ","O"
"4058","ἐν","O"
"4059","νέᾳ","O"
"4060","ἡλικίᾳ","O"
"4061","τοιοῦτος","O"
"4062",",","O"
"4063","τί","O"
"4064","χρὴ","O"
"4065","προσδοκᾶν","O"
"4066","εἰς","O"
"4067","τὸν","O"
"4068","μέλλοντα","O"
"4069","χρόνον","O"
"4070",";","O"
"4071","καὶ","O"
"4072","ὅτι","O"
"4073","νέος","O"
"4074","μὲν","O"
"4075","τὴν","O"
"4076","ἡλικίαν","O"
"4077",",","O"
"4078","πρεσβύτερος","O"
"4079","δὲ","O"
"4080","τὴν","O"
"4081","φρόνησιν","O"
"4082",".","O"
"4083","εἰ","O"
"4084","δὲ","O"
"4085","πρεσβύτης","O"
"4086",",","O"
"4087","ὅτι","O"
"4088","ἐν","O"
"4089","πολλοῖς","O"
"4090","δοὺς","O"
"4091","πεῖραν","O"
"4092","ἑαυτοῦ","O"
"4093","τῆς","O"
"4094","ἀρετῆς","O"
"4095",",","O"
"4096","εἰκότως","O"
"4097","καὶ","O"
"4098","τὴν","O"
"4099","ἀρχὴν","O"
"4100","ταύτην","O"
"4101","ἐπιστεύθη","O"
"4102","·","O"
"4103","καὶ","O"
"4104","ὅτι","O"
"4105","καὶ","O"
"4106","τοῦτο","O"
"4107","τῆς","O"
"4108","εὐμοιρίας","O"
"4109","τῆς","O"
"4110","περὶ","O"
"4111","αὐτὸν","O"
"4112","τὸ","O"
"4113","ἐν","O"
"4114","τῷ","O"
"4115","γήρᾳ","O"
"4116","ἀκμάζειν","O"
"4117",".","O"
"4118","εἰ","O"
"4119","δὲ","O"
"4120","δὴ","O"
"4121","καὶ","O"
"4122","σεμνότης","O"
"4123","τις","O"
"4124","προσείη","O"
"4125","τῷ","O"
"4126","προσώπῳ","O"
"4127",",","O"
"4128","μηδὲ","O"
"4129","τοῦτο","O"
"4130","παρέργως","O"
"4131","παρατρέχειν","O"
"4132",".","O"
"4133","εἰ","O"
"4134","φιλόλογος","O"
"4135","εἴη","O"
"4136",",","O"
"4137","ἐγκώμιον","O"
"4138","παιδείας","O"
"4139",",","O"
"4140","καὶ","O"
"4141","ὅτι","O"
"4142","οἱ","O"
"4143","πεπαιδευμένοι","O"
"4144","μάλιστα","O"
"4145","ἄξιοι","O"
"4146","ἀρχῆς","O"
"4147","καὶ","O"
"4148","τοιαύτης","O"
"4149","ἡγεμονίας","O"
"4150",".","O"
"4151","καὶ","O"
"4152","εἴτε","O"
"4153","τὴν","O"
"4154","Ῥωμαϊκὴν","NORP"
"4155","διάλεκτον","O"
"4156","εἴη","O"
"4157","πεπαιδευμένος","O"
"4158",",","O"
"4159","τοῖς","O"
"4160","ἀρίστοις","O"
"4161","τῶν","O"
"4162","Ῥωμαίων","NORP"
"4163","παραβάλλειν","O"
"4164","·","O"
"4165","εἴτε","O"
"4166","τὴν","O"
"4167","Ἑλληνικήν","NORP"
"4168",",","O"
"4169","τοῖς","O"
"4170","τῶν","O"
"4171","Ἑλλήνων","NORP"
"4172",".","O"
"4173","διὰ","O"
"4174","τοῦτο","O"
"4175","δὲ","O"
"4176","καὶ","O"
"4177","δίκαιος","O"
"4178","καὶ","O"
"4179","σώφρων","O"
"4180","καὶ","O"
"4181","περὶ","O"
"4182","τὰς","O"
"4183","δίκας","O"
"4184","ἀκριβής","O"
"4185","·","O"
"4186","παραδείγμασι","O"
"4187","δὲ","O"
"4188","καὶ","O"
"4189","ἐπὶ","O"
"4190","τούτῳ","O"
"4191","χρηστέον","O"
"4192","προσώποις","O"
"4193",",","O"
"4194","τῷ","O"
"4195","Ἀριστείδῃ","O"
"4196",",","O"
"4197","τῷ","O"
"4198","Θεμιστοκλεῖ","PERSON"
"4199",",","O"
"4200","ἐφαρμόζοντα","O"
"4201","καὶ","O"
"4202","παραβάλλοντα","O"
"4203","καὶ","O"
"4204","τούτων","O"
"4205","ἀμείνω","O"
"4206","ἀποφαίνοντα","O"
"4207",".","O"
"4208","Ἐὰν","O"
"4209","δὲ","O"
"4210","ἔχωμεν","O"
"4211","καὶ","O"
"4212","πράξεις","O"
"4213","τινὰς","O"
"4214","αὐτοῦ","O"
"4215","προγεγενημένας","O"
"4216","καὶ","O"
"4217","ἀρχὰς","O"
"4218","προηνυσμένας","O"
"4219","λέγειν","O"
"4220","ἢ","O"
"4221","ἐν","O"
"4222","στρατείαις","O"
"4223","ἢ","O"
"4224","ἐν","O"
"4225","διοικήσεσιν","O"
"4226",",","O"
"4227","καὶ","O"
"4228","ταύτας","O"
"4229","παρατιθέναι","O"
"4230",".","O"
"4231","ἐὰν","O"
"4232","δὲ","O"
"4233","καί","O"
"4234","τινας","O"
"4235","τιμὰς","O"
"4236","ἔχωμεν","O"
"4237","αὐτῷ","O"
"4238","τῶν","O"
"4239","πατέρων","O"
"4240","γενομένας","O"
"4241","λέγειν","O"
"4242",",","O"
"4243","καὶ","O"
"4244","τούτων","O"
"4245","χρὴ","O"
"4246","μνημονεύειν","O"
"4247",".","O"
"4248","καὶ","O"
"4249","ἐντεῦθεν","O"
"4250","προτροπὴ","O"
"4251","καὶ","O"
"4252","παράκλησις","O"
"4253","πρὸς","O"
"4254","εὔνοιαν","O"
"4255","τῆς","O"
"4256","πόλεως","O"
"4257",",","O"
"4258","ἐπισημηνάμενον","O"
"4259",",","O"
"4260","ὅτι","O"
"4261","χρηστὴν","O"
"4262","ἐλπίδα","O"
"4263","περὶ","O"
"4264","τούτου","O"
"4265","ἔχουσι","O"
"4266",".","O"
"4267","φανερὸν","O"
"4268","γάρ","O"
"4269","τοι","O"
"4270","ἀπὸ","O"
"4271","τοῦ","O"
"4272","οὕτως","O"
"4273","ἀποδέξασθαι","O"
"4274","τὴν","O"
"4275","πόλιν","O"
"4276",",","O"
"4277","ἀπὸ","O"
"4278","τοῦ","O"
"4279","φιλανθρώπως","O"
"4280","καὶ","O"
"4281","εὐπροσηγόρως","O"
"4282","ἅπασι","O"
"4283","προσενεχθῆναι","O"
"4284","καὶ","O"
"4285","ὁμιλῆσαι","O"
"4286","·","O"
"4287","καὶ","O"
"4288","ὅτι","O"
"4289","εἰκότως","O"
"4290","τοῦτο","O"
"4291","ἐποίησεν","O"
"4292","·","O"
"4293","τοιαύτη","O"
"4294","γὰρ","O"
"4295","ἡ","O"
"4296","πόλις","O"
"4297","οἵα","O"
"4298","ἀμείβεσθαι","O"
"4299","τοὺς","O"
"4300","εὖ","O"
"4301","χρησαμένους","O"
"4302","ἑαυτῇ","O"
"4303",".","O"
"4304","Καὶ","O"
"4305","ἐντεῦθεν","O"
"4306","ὁ","O"
"4307","ἔπαινος","O"
"4308","ὁ","O"
"4309","περὶ","O"
"4310","τῆς","O"
"4311","πόλεως","O"
"4312",",","O"
"4313","ἐὰν","O"
"4314","θέλῃς","O"
"4315","·","O"
"4316","περὶ","O"
"4317","γένους","O"
"4318","αὐτῆς","O"
"4319",",","O"
"4320","περὶ","O"
"4321","δυνάμεως","O"
"4322","τῆς","O"
"4323","ἐν","O"
"4324","ταῖς","O"
"4325","προσόδοις","O"
"4326",",","O"
"4327","περὶ","O"
"4328","παιδείας","O"
"4329","τῶν","O"
"4330","ἐνοικούντων","O"
"4331",",","O"
"4332","περὶ","O"
"4333","χώρας","O"
"4334","τῆς","O"
"4335","ὑποτελοῦς","O"
"4336",",","O"
"4337","ἀφ","O"
"4338","ἧς","O"
"4339","ἡ","O"
"4340","πρόσοδος","O"
"4341","·","O"
"4342","εἰ","O"
"4343","μὲν","O"
"4344","πολλὴ","O"
"4345","εἴη","O"
"4346",",","O"
"4347","εἰς","O"
"4348","ἰσχὺν","O"
"4349","τῆς","O"
"4350","πόλεως","O"
"4351","ἀναφέροντα","O"
"4352","·","O"
"4353","εἰ","O"
"4354","δὲ","O"
"4355","ὀλίγη","O"
"4356",",","O"
"4357","ὅτι","O"
"4358","ἀρκεῖται","O"
"4359","καὶ","O"
"4360","ταύτῃ","O"
"4361",".","O"
"4362","ἔτι","O"
"4363","οὗπερ","O"
"4364","ἂν","O"
"4365","ᾖ","O"
"4366","κτίστου","O"
"4367",",","O"
"4368","ἀναγκαῖον","O"
"4369","εἰπεῖν","O"
"4370",",","O"
"4371","ἐάν","O"
"4372","τε","O"
"4373","θεὸς","O"
"4374","ἐάν","O"
"4375","τε","O"
"4376","ἥρως","O"
"4377","ἦ","O"
"4378",",","O"
"4379","εἴτ","O"
"4380","οὖν","O"
"4381","τῶν","O"
"4382","ἀρχαίων","O"
"4383","τις","O"
"4384","εἴτ","O"
"4385","οὖν","O"
"4386","τῶν","O"
"4387","ἔναγχος","O"
"4388","γεγενημένων","O"
"4389","βασιλέων","O"
"4390",".","O"
"4391","οἷον","O"
"4392","κἂν","O"
"4393","μύθους","O"
"4394","τινὰς","O"
"4395","ἔχωμεν","O"
"4396","προσόντας","O"
"4397","τῇ","O"
"4398","πόλει","O"
"4399",",","O"
"4400","μηδὲ","O"
"4401","τούτους","O"
"4402","παραλιπεῖν","O"
"4403",".","O"
"4404","μετὰ","O"
"4405","ταῦτα","O"
"4406","περὶ","O"
"4407","μεγέθους","O"
"4408","τῆς","O"
"4409","πόλεως","O"
"4410",",","O"
"4411","περὶ","O"
"4412","κάλλους","O"
"4413",",","O"
"4414","περὶ","O"
"4415","θέσεως","O"
"4416",",","O"
"4417","εἴτε","O"
"4418","ἠπειρωτικὴ","O"
"4419","εἴη","O"
"4420",",","O"
"4421","εἴτε","O"
"4422","ἐπιθαλαττίδιος","NORP"
"4423","ἢ","O"
"4424","νησιῶτις","O"
"4425",".","O"
"4426","κἂν","O"
"4427","εἰ","O"
"4428","τινας","O"
"4429","τιμὰς","O"
"4430","ἔχοιμεν","O"
"4431","παρὰ","O"
"4432","βασιλέων","O"
"4433",",","O"
"4434","μηδὲ","O"
"4435","ταύτας","O"
"4436","παραλιπεῖν","O"
"4437",",","O"
"4438","κἂν","O"
"4439","εἰ","O"
"4440","πράξεις","O"
"4441","τινὰς","O"
"4442","προγεγενημένας","O"
"4443","ἢ","O"
"4444","παλαιὰς","O"
"4445","ἢ","O"
"4446","νέας","O"
"4447",",","O"
"4448","ἢ","O"
"4449","εἰ","O"
"4450","τιμὰς","O"
"4451","προὑπαρξάσας","O"
"4452","παρ","O"
"4453","ἡμῶν","O"
"4454","πρὸς","O"
"4455","τοὺς","O"
"4456","ἄρχοντας","O"
"4457","τοὺς","O"
"4458","προγεγενημένους","O"
"4459",".","O"
"4460","Ἐν","O"
"4461","ἅπασι","O"
"4462","δὲ","O"
"4463","τούτοις","O"
"4464","μεμίχθω","O"
"4465","ἡ","O"
"4466","προτροπὴ","O"
"4467","καὶ","O"
"4468","παράκλησις","O"
"4469","πρὸς","O"
"4470","εὔνοιαν","O"
"4471","τῆς","O"
"4472","πόλεως","O"
"4473","·","O"
"4474","δεῖν","O"
"4475","γὰρ","O"
"4476","τοὺς","O"
"4477","ἀγαθοὺς","O"
"4478","ἄρχοντας","O"
"4479","ταῖς","O"
"4480","τοιαύταις","O"
"4481","πόλεσιν","O"
"4482","τὰς","O"
"4483","παρ","O"
"4484","ἑαυτῶν","O"
"4485","εὐνοίας","O"
"4486","προσνέμειν","O"
"4487",".","O"
"4488","ἐπὶ","O"
"4489","δὲ","O"
"4490","τῷ","O"
"4491","τέλει","O"
"4492","εὐχῇ","O"
"4493","χρησόμεθα","O"
"4494","ὑπὲρ","O"
"4495","τοῦ","O"
"4496","βασιλέως","O"
"4497","καὶ","O"
"4498","ὑπὲρ","O"
"4499","αὐτοῦ","O"
"4500","τοῦ","O"
"4501","ἄρχοντος","O"
"4502",".","O"
"4503","καὶ","O"
"4504","ὑπὲρ","O"
"4505","ἡμῶν","O"
"4506","δὲ","O"
"4507","αὐτῶν","O"
"4508","πάλιν","O"
"4509","μνησθησόμεθα","O"
"4510",",","O"
"4511","εἰ","O"
"4512","μὲν","O"
"4513","τῶν","O"
"4514","ἀρχομένων","O"
"4515","εἴημεν","O"
"4516",",","O"
"4517","ὅτι","O"
"4518","ἀπὸ","O"
"4519","τοῦ","O"
"4520","τοιούτου","O"
"4521","ἡμεῖς","O"
"4522","τιμῆς","O"
"4523","καὶ","O"
"4524","δόξης","O"
"4525","τευξόμεθα","O"
"4526","·","O"
"4527","εἰ","O"
"4528","δὲ","O"
"4529","τῶν","O"
"4530","ἤδη","O"
"4531","προευδοκιμηκότων","O"
"4532","καὶ","O"
"4533","προειρηκότων","O"
"4534",",","O"
"4535","ἀνεπαχθῶς","O"
"4536","περὶ","O"
"4537","αὑτῶν","O"
"4538","εἰπόντες","O"
"4539","εἰς","O"
"4540","τοῦτο","O"
"4541","καταλύσομεν","O"
"4542","τὸν","O"
"4543","λόγον","O"
"4544",",","O"
"4545","ὡς","O"
"4546","ἐλπίδος","O"
"4547","τι","O"
"4548","καὶ","O"
"4549","αὐτοὶ","O"
"4550","ἔχοντες","O"
"4551","τοῦ","O"
"4552","μὴ","O"
"4553","φυλαχθήσεσθαι","O"
"4554","μόνον","O"
"4555","ἐπὶ","O"
"4556","τούτων","O"
"4557","τὴν","O"
"4558","δόξαν","O"
"4559","ἑαυτοῖς","O"
"4560",",","O"
"4561","ἀλλὰ","O"
"4562","καὶ","O"
"4563","πολλῷ","O"
"4564","ἀμείνω","O"
"4565","πρὸς","O"
"4566","τὸ","O"
"4567","λοιπὸν","O"
"4568","ἔσεσθαι","O"
"4569",".","O"
"4570","Ἀπαγγελία","O"
"4571","δὲ","O"
"4572","πρέποι","O"
"4573","ἂν","O"
"4574","μάλιστα","O"
"4575","μεμιγμένη","O"
"4576","τῷ","O"
"4577","τοιούτῳ","O"
"4578","λόγῳ","O"
"4579",",","O"
"4580","ἐνιαχοῦ","O"
"4581","μὲν","O"
"4582","συνεστραμμένη","O"
"4583",",","O"
"4584","ἐνιαχοῦ","O"
"4585","δὲ","O"
"4586","διηρμένη","O"
"4587",",","O"
"4588","ἐν","O"
"4589","τοῖς","O"
"4590","μύθοις","O"
"4591","ἀφελεστέρα","O"
"4592",".","O"
"4593","τὸ","O"
"4594","δὲ","O"
"4595","σαφὲς","O"
"4596","τῆς","O"
"4597","ἑρμηνείας","O"
"4598","δι","O"
"4599","ὅλου","O"
"4600","τοῦ","O"
"4601","λόγου","O"
"4602","μάλιστα","O"
"4603","ἐν","O"
"4604","σπουδῇ","O"
"4605","ἔστω","O"
"4606","τῷ","O"
"4607","λέγοντι","O"
"4608",".","O"
"4609","Καθόλου","O"
"4610","ὁ","O"
"4611","περὶ","O"
"4612","τῶν","O"
"4613","πανηγυρικῶν","O"
"4614","λόγος","O"
"4615","ὧδέ","O"
"4616","πως","O"
"4617","περαίνοιτο","O"
"4618","ἄν","O"
"4619",".","O"
"4620","Μέθοδος","O"
"4621","ἐπιταφίων","O"
"4622",".","O"
"4623","Οὐ","O"
"4624","μὲν","O"
"4625","δὴ","O"
"4626","οὐδὲ","O"
"4627","τούτων","O"
"4628","ἀπείρως","O"
"4629","ἔχειν","O"
"4630","τόν","O"
"4631","γε","O"
"4632","δὴ","O"
"4633","ὁδῷ","O"
"4634","τινι","O"
"4635","καὶ","O"
"4636","ἐπιστήμῃ","O"
"4637","μετιόντα","O"
"4638","λόγους","O"
"4639","χρή","O"
"4640",".","O"
"4641","ἀπευκτὰ","O"
"4642","μὲν","O"
"4643","γὰρ","O"
"4644","τὰ","O"
"4645","τοιαῦτα","O"
"4646",",","O"
"4647","ἀναγκαῖα","O"
"4648","δὲ","O"
"4649","ἀνθρώποις","O"
"4650","γε","O"
"4651","οὖσι","O"
"4652","καὶ","O"
"4653","παρελθοῦσιν","O"
"4654","εἰς","O"
"4655","τὸν","O"
"4656","ἀνθρώπινον","O"
"4657","βίον","O"
"4658",".","O"
"4659","ἀνθρώπῳ","O"
"4660","γὰρ","O"
"4661","γενομένῳ","O"
"4662","κατὰ","O"
"4663","τὸν","O"
"4664","τοῦ","O"
"4665","Καλλαίσχρου","O"
"4666","τὸν","O"
"4667","τῶν","O"
"4668","τριάκοντα","O"
"4669","βέβαιον","O"
"4670","μὲν","O"
"4671","οὐδέν","O"
"4672",",","O"
"4673","ὅτι","O"
"4674","μὴ","O"
"4675","κατθανεῖν","O"
"4676","γενομένῳ","O"
"4677",",","O"
"4678","καὶ","O"
"4679","ζῶντι","O"
"4680","εἶναι","O"
"4681","μὴ","O"
"4682","οἷόν","O"
"4683","τε","O"
"4684","ἐκτὸς","O"
"4685","ἄτης","O"
"4686","βαίνειν","O"
"4687",".","O"
"4688","ἐπειδὴ","O"
"4689","τοίνυν","O"
"4690","ἀμφὶ","O"
"4691","ταφὴν","O"
"4692","δύο","O"
"4693","λόγοι","O"
"4694","μεμηχάνηνται","O"
"4695",",","O"
"4696","ὃ","O"
"4697","μὲν","O"
"4698","κοινὸς","O"
"4699","πρὸς","O"
"4700","πόλιν","O"
"4701","ἅπασαν","O"
"4702","καὶ","O"
"4703","δῆμον","O"
"4704","ὁ","O"
"4705","μὲν","O"
"4706","τοῖς","O"
"4707","ἐν","O"
"4708","πολέμῳ","O"
"4709","πεσοῦσιν","O"
"4710",",","O"
"4711","ἰδίᾳ","O"
"4712","δὲ","O"
"4713","καὶ","O"
"4714","καθ","O"
"4715","ἕκαστον","O"
"4716","ἅτερος","O"
"4717","αὐτοῖν","O"
"4718",",","O"
"4719","οἷα","O"
"4720","δὴ","O"
"4721","τὰ","O"
"4722","πολλὰ","O"
"4723","ἐν","O"
"4724","εἰρήνῃ","O"
"4725","συμπίπτειν","O"
"4726","ἀνάγκη","O"
"4727",",","O"
"4728","ἐν","O"
"4729","διαφόροις","O"
"4730","ἡλικίαις","O"
"4731","ἑκάστῳ","O"
"4732","τῆς","O"
"4733","τελευτῆς","O"
"4734","συμπεσούσης","O"
"4735","·","O"
"4736","ὄνομά","O"
"4737","γε","O"
"4738","μὴν","O"
"4739","ἀμφοῖν","O"
"4740","ἓν","O"
"4741","καὶ","O"
"4742","τὸ","O"
"4743","αὐτό","O"
"4744",",","O"
"4745","ἐπιτάφιος","O"
"4746","οὕτως","O"
"4747","ὀνομαζόμενος","O"
"4748","·","O"
"4749","παραδείγματα","O"
"4750","δὲ","O"
"4751","αὐτῶν","O"
"4752","ἔστί","O"
"4753","που","O"
"4754","καὶ","O"
"4755","παρὰ","O"
"4756","τοῖς","O"
"4757","ἀρχαίοις","O"
"4758",",","O"
"4759","τοῦ","O"
"4760","μὲν","O"
"4761","κοινοῦ","O"
"4762","καὶ","O"
"4763","πολιτικοῦ","O"
"4764","παρά","O"
"4765","γε","O"
"4766","τῷ","O"
"4767","τοῦ","O"
"4768","Ὀλόρου","O"
"4769","καὶ","O"
"4770","παρὰ","O"
"4771","τῷ","O"
"4772","τοῦ","O"
"4773","Ἀρίστωνος","PERSON"
"4774",",","O"
"4775","Λυσίας","PERSON"
"4776","τε","O"
"4777","καὶ","O"
"4778","Ὑπερείδης","PERSON"
"4779","καὶ","O"
"4780","ὁ","O"
"4781","Παιανιεὺς","NORP"
"4782","καὶ","O"
"4783","ὁ","O"
"4784","τοῦ","O"
"4785","Ἰσοκράτους","PERSON"
"4786","ἑταῖρος","O"
"4787","Ναυκράτης","PERSON"
"4788","πολλὰς","O"
"4789","ἡμῖν","O"
"4790","τοιαύτας","O"
"4791","ἰδέας","O"
"4792","παρέσχοντο","O"
"4793",".","O"
"4794","οὐκ","O"
"4795","ἀπορήσομεν","O"
"4796","δὲ","O"
"4797","οὐδὲ","O"
"4798","τῶν","O"
"4799","πρὸς","O"
"4800","ἕκαστον","O"
"4801","·","O"
"4802","ἐπεί","O"
"4803","τοι","O"
"4804","καὶ","O"
"4805","τὰ","O"
"4806","ποιήματα","O"
"4807","μεστὰ","O"
"4808","τούτων","O"
"4809",",","O"
"4810","οἱ","O"
"4811","ἐπικήδειοι","O"
"4812","οὕτως","O"
"4813","ὀνομαζόμενοι","O"
"4814","θρῆνοί","O"
"4815","τε","O"
"4816","·","O"
"4817","ὡς","O"
"4818","αὕτως","O"
"4819","πλοῦτος","O"
"4820","πολὺς","O"
"4821","τῶν","O"
"4822","καταλογάδην","O"
"4823","ἐστὶ","O"
"4824","τοιούτων","O"
"4825","λόγων","O"
"4826","ἔν","O"
"4827","τε","O"
"4828","τοῖς","O"
"4829","πάλαι","O"
"4830","καὶ","O"
"4831","τοῖς","O"
"4832","ὀλίγον","O"
"4833","τι","O"
"4834","πρὸ","O"
"4835","ἡμῶν","O"
"4836","γενομένοις","O"
"4837","·","O"
"4838","οὐ","O"
"4839","λήξομεν","O"
"4840","δὲ","O"
"4841","οὐδὲ","O"
"4842","νῦν","O"
"4843",",","O"
"4844","ἔστ","O"
"4845","ἂν","O"
"4846","γένος","O"
"4847","ἀνθρώπων","O"
"4848","καὶ","O"
"4849","τὸ","O"
"4850","χρεὼν","O"
"4851","ἐπικρατοῦν","O"
"4852","ᾖ","O"
"4853",".","O"
"4854","μέτιμεν","O"
"4855","οὖν","O"
"4856","αὐτοῖν","O"
"4857","ἑκάτερον","O"
"4858","τὸν","O"
"4859","τρόπον","O"
"4860","τοῦτον","O"
"4861",".","O"
"4862","Συνελόντι","O"
"4863","μὲν","O"
"4864","οὖν","O"
"4865","ὁ","O"
"4866","ἐπιτάφιος","O"
"4867","ἔπαινός","O"
"4868","ἐστι","O"
"4869","τῶν","O"
"4870","κατοιχομένων","O"
"4871",".","O"
"4872","εἰ","O"
"4873","δὲ","O"
"4874","τοῦτο","O"
"4875",",","O"
"4876","δῆλόν","O"
"4877","που","O"
"4878",",","O"
"4879","ὡς","O"
"4880","καὶ","O"
"4881","ἀπὸ","O"
"4882","τῶν","O"
"4883","αὐτῶν","O"
"4884","ὀπῶν","O"
"4885","ληπτέον","O"
"4886",",","O"
"4887","ἀφ","O"
"4888","ὧν","O"
"4889","περ","O"
"4890","καὶ","O"
"4891","τὰ","O"
"4892","ἐγκώμια","O"
"4893","·","O"
"4894","πατρίδος","O"
"4895",",","O"
"4896","γένους","O"
"4897",",","O"
"4898","φύσεως","O"
"4899",",","O"
"4900","ἀγωγῆς","O"
"4901",",","O"
"4902","πράξεως","O"
"4903",".","O"
"4904","ἄχρι","O"
"4905","μὲν","O"
"4906","οὖν","O"
"4907","τινὸς","O"
"4908","τὴν","O"
"4909","αὐτὴν","O"
"4910","ἰτέον","O"
"4911",",","O"
"4912","οἷον","O"
"4913","περὶ","O"
"4914","πατρίδος","O"
"4915","λέγοντα","O"
"4916",",","O"
"4917","ὅτι","O"
"4918","μεγάλη","O"
"4919","καὶ","O"
"4920","ἔνδοξος","O"
"4921","καὶ","O"
"4922","ἀρχαία","O"
"4923",",","O"
"4924","καὶ","O"
"4925","εἰ","O"
"4926","τύχοι","O"
"4927","αὐτὴ","O"
"4928","πρώτη","O"
"4929","παρελθοῦσα","O"
"4930","εἰς","O"
"4931","ἀνθρώπους","O"
"4932",",","O"
"4933","οἷα","O"
"4934","καὶ","O"
"4935","Πλάτων","PERSON"
"4936","περὶ","O"
"4937","τῆς","O"
"4938","Ἀττικῆς","LOC"
"4939","διέξεισιν","O"
"4940","·","O"
"4941","εἰ","O"
"4942","δὲ","O"
"4943","μικρά","O"
"4944",",","O"
"4945","ὅτι","O"
"4946","διὰ","O"
"4947","τούτους","O"
"4948","ἤδῃ","O"
"4949","καὶ","O"
"4950","τὴν","O"
"4951","ἀρετὴν","O"
"4952","τὴν","O"
"4953","τούτων","O"
"4954","καὶ","O"
"4955","δόξαν","O"
"4956","ἔνδοξος","O"
"4957","καὶ","O"
"4958","αὐτὴ","O"
"4959","ἐγένετο","O"
"4960",",","O"
"4961","οἷον","O"
"4962","ἡ","O"
"4963","Σαλαμὶς","LOC"
"4964","διὰ","O"
"4965","τὸν","O"
"4966","Αἴαντα","PERSON"
"4967","ἢ","O"
"4968","τὴν","O"
"4969","ἀρετὴν","O"
"4970","τῶν","O"
"4971","ναυμαχησάντων","O"
"4972",",","O"
"4973","καὶ","O"
"4974","ἡ","O"
"4975","Αἴγινα","LOC"
"4976","διὰ","O"
"4977","τὸν","O"
"4978","Αἰακόν","PERSON"
"4979",".","O"
"4980","ἢ","O"
"4981","εἴ","O"
"4982","τι","O"
"4983","βέλτιον","O"
"4984","περὶ","O"
"4985","αὐτῆς","O"
"4986","ἔχοιμεν","O"
"4987","λέγειν","O"
"4988","εἰρημένον","O"
"4989",",","O"
"4990","ὥςπερ","O"
"4991","θείαν","O"
"4992","τὴν","O"
"4993","Σαλαμῖνα","LOC"
"4994","εἶπεν","O"
"4995","ὁ","O"
"4996","Πύθιος","O"
"4997","·","O"
"4998","ὅτι","O"
"4999","ἐκ","O"
"5000","θεοῦ","O"
"5001","ἐκτίσθη","O"
"5002",",","O"
"5003","ὥσπερ","O"
"5004","Ἰωνία","LOC"
"5005",",","O"
"5006","Βυζάντιον","LOC"
"5007","ἢ","O"
"5008","εἰ","O"
"5009","δή","O"
"5010","τις","O"
"5011","ἑτέρα","O"
"5012","πόλις","O"
"5013",".","O"
"5014","καὶ","O"
"5015","ἐπὶ","O"
"5016","μὲν","O"
"5017","τῶν","O"
"5018","ἐν","O"
"5019","πολέμοις","O"
"5020","πεσόντων","O"
"5021","κἂν","O"
"5022","ἐπιδαψιλεύσαιτό","O"
"5023","τις","O"
"5024","ἐν","O"
"5025","τούτοις","O"
"5026",".","O"
"5027","ἐπὶ","O"
"5028","δὲ","O"
"5029","τῶν","O"
"5030","καθ","O"
"5031","ἕκαστον","O"
"5032","οὐ","O"
"5033","πάνυ","O"
"5034","τι","O"
"5035","ἀναγκαῖος","O"
"5036","ὁ","O"
"5037","πολὺς","O"
"5038","περὶ","O"
"5039","τῆς","O"
"5040","πατρίδος","O"
"5041","λόγος","O"
"5042","·","O"
"5043","ἰτέον","O"
"5044","οὖν","O"
"5045","ἐπὶ","O"
"5046","τοὺς","O"
"5047","προγόνους","O"
"5048",",","O"
"5049","εἰ","O"
"5050","οἱ","O"
"5051","πρόγονοι","O"
"5052","μὴ","O"
"5053","ἐπήλυδες","O"
"5054",",","O"
"5055","ἀλλ","O"
"5056","αὐτόχθονες","O"
"5057","·","O"
"5058","καὶ","O"
"5059","εἰ","O"
"5060","ἐπήλυδες","O"
"5061",",","O"
"5062","ἀλλὰ","O"
"5063","κρίσει","O"
"5064","τὴν","O"
"5065","ἀρίστην","O"
"5066","γῆν","O"
"5067","λαβόντες","O"
"5068",",","O"
"5069","οὐ","O"
"5070","τύχῃ","O"
"5071","·","O"
"5072","καὶ","O"
"5073","ὅτι","O"
"5074","ἢ","O"
"5075","ἐκ","O"
"5076","τοῦ","O"
"5077","Δωρικοῦ","NORP"
"5078","γένους","O"
"5079",",","O"
"5080","ὅ","O"
"5081","περ","O"
"5082","ἀνδρειότατον","O"
"5083","·","O"
"5084","ἢ","O"
"5085","ἐκ","O"
"5086","τοῦ","O"
"5087","Ἰωνικοῦ","NORP"
"5088",",","O"
"5089","ὅ","O"
"5090","περ","O"
"5091","σοφώτατον","O"
"5092",",","O"
"5093","καὶ","O"
"5094","ὅτι","O"
"5095","Ἑλληνες","NORP"
"5096",".","O"
"5097","εἰ","O"
"5098","δὲ","O"
"5099","ἐπὶ","O"
"5100","τινὸς","O"
"5101","εὐκλείας","O"
"5102","λόγος","O"
"5103","γίγνοιτο","O"
"5104",",","O"
"5105","ὅτι","O"
"5106","πατρὸς","O"
"5107","ἀγαθοῦ","O"
"5108","καὶ","O"
"5109","προγόνων","O"
"5110",",","O"
"5111","καὶ","O"
"5112","ἐν","O"
"5113","βραχεῖ","O"
"5114","περὶ","O"
"5115","αὐτῶν","O"
"5116","εἰπεῖν","O"
"5117","τὸν","O"
"5118","ἔπαινον","O"
"5119",",","O"
"5120","ὁποῖοι","O"
"5121","δημοσίᾳ","O"
"5122",",","O"
"5123","ὁποῖοι","O"
"5124","ἰδίᾳ","O"
"5125",",","O"
"5126","ὁποῖοι","O"
"5127","ἐν","O"
"5128","λόγοις","O"
"5129",",","O"
"5130","ὁποῖοι","O"
"5131","ἐν","O"
"5132","βίῳ","O"
"5133",",","O"
"5134","καὶ","O"
"5135","εἴ","O"
"5136","τι","O"
"5137","ἐν","O"
"5138","ἔργοις","O"
"5139","ἢ","O"
"5140","ἐν","O"
"5141","πράξεσιν","O"
"5142","·","O"
"5143","ἢ","O"
"5144","εἴ","O"
"5145","τινα","O"
"5146","τοιαῦτα","O"
"5147","ἡ","O"
"5148","ποιότης","O"
"5149","τοῦ","O"
"5150","προσώπου","O"
"5151","παρέχοι","O"
"5152","ἐκ","O"
"5153","τῆς","O"
"5154","φύσεως","O"
"5155",",","O"
"5156","ὅτι","O"
"5157","εὐφυὴς","O"
"5158","εἰς","O"
"5159","πάντα","O"
"5160",",","O"
"5161","κοινὸς","O"
"5162","δὲ","O"
"5163","ὁ","O"
"5164","τοιοῦτος","O"
"5165",".","O"
"5166","Ἐν","O"
"5167","δὲ","O"
"5168","τῇ","O"
"5169","ἀγωγῇ","O"
"5170","γενόμενοι","O"
"5171","ἐπὶ","O"
"5172","μὲν","O"
"5173","τῶν","O"
"5174","κοινῶν","O"
"5175","τὴν","O"
"5176","πολιτείαν","O"
"5177","ληψόμεθα","O"
"5178",",","O"
"5179","ὅτι","O"
"5180","ἢ","O"
"5181","δημοκρατία","O"
"5182","ἢ","O"
"5183","ἀριστοκρατία","O"
"5184","·","O"
"5185","ἐν","O"
"5186","δὲ","O"
"5187","τοῖς","O"
"5188","ἰδίοις","O"
"5189","τὴν","O"
"5190","ἀνατροφὴν","O"
"5191","καὶ","O"
"5192","τὴν","O"
"5193","παιδείαν","O"
"5194","καὶ","O"
"5195","τὰ","O"
"5196","ἐπιτηδεύματα","O"
"5197",".","O"
"5198","ἐν","O"
"5199","δὲ","O"
"5200","ταῖς","O"
"5201","κοιναῖς","O"
"5202","πράξεσιν","O"
"5203","ὁ","O"
"5204","μὲν","O"
"5205","κοινὸς","O"
"5206","ἕξει","O"
"5207","τὰ","O"
"5208","κατὰ","O"
"5209","πολέμους","O"
"5210","ἔργα","O"
"5211","καὶ","O"
"5212","ὅπως","O"
"5213","ἐτελεύτησαν","O"
"5214",",","O"
"5215","ὥςπερ","O"
"5216","ἀμέλει","O"
"5217","καὶ","O"
"5218","Πλάτωνί","PERSON"
"5219","γε","O"
"5220","καὶ","O"
"5221","Θουκυδίδῃ","PERSON"
"5222","καὶ","O"
"5223","τοῖς","O"
"5224","ἄλλοις","O"
"5225","εἴρηται","O"
"5226",".","O"
"5227","ὁπόταν","O"
"5228","δὲ","O"
"5229","περὶ","O"
"5230","ἑνός","O"
"5231","τινος","O"
"5232","λέγωμεν","O"
"5233",",","O"
"5234","περὶ","O"
"5235","τῆς","O"
"5236","ἀρετῆς","O"
"5237","ποιησόμεθα","O"
"5238","τὸν","O"
"5239","λόγον","O"
"5240",",","O"
"5241","οἷον","O"
"5242","περὶ","O"
"5243","ἀνδρείας","O"
"5244",",","O"
"5245","περὶ","O"
"5246","δικαιοσύνης","O"
"5247",",","O"
"5248","περὶ","O"
"5249","σοφίας","O"
"5250","·","O"
"5251","ὁποῖος","O"
"5252","περὶ","O"
"5253","τὴν","O"
"5254","πόλιν","O"
"5255","ἐν","O"
"5256","τούτοις","O"
"5257",",","O"
"5258","ὁποῖος","O"
"5259","ἰδίᾳ","O"
"5260","περὶ","O"
"5261","ἕκαστα","O"
"5262","·","O"
"5263","ὁποῖος","O"
"5264","περὶ","O"
"5265","φίλους","O"
"5266",",","O"
"5267","ὁποῖος","O"
"5268","περὶ","O"
"5269","ἐχθρούς","O"
"5270","·","O"
"5271","καὶ","O"
"5272","ἔτι","O"
"5273","προστεθήτω","O"
"5274",",","O"
"5275","οἷος","O"
"5276","περὶ","O"
"5277","γονέας","O"
"5278",",","O"
"5279","οἷος","O"
"5280","ἐν","O"
"5281","ἀρχαῖς","O"
"5282",",","O"
"5283","εἴ","O"
"5284","τινα","O"
"5285","ἦρξεν","O"
"5286",".","O"
"5287","Μετὰ","O"
"5288","ταῦτα","O"
"5289","δὲ","O"
"5290","ἐν","O"
"5291","μὲν","O"
"5292","τοῖς","O"
"5293","κοινοῖς","O"
"5294","ἐπὶ","O"
"5295","τὸ","O"
"5296","προτρεπτικὸν","O"
"5297","μεταβησόμεθα","O"
"5298",",","O"
"5299","προτρέποντες","O"
"5300","ἐπὶ","O"
"5301","τὰ","O"
"5302","ὅμοια","O"
"5303","τοὺς","O"
"5304","ὑπολειπομένους","O"
"5305",".","O"
"5306","καὶ","O"
"5307","πολὺς","O"
"5308","ὁ","O"
"5309","τόπος","O"
"5310","οὗτος","O"
"5311",".","O"
"5312","εἶτα","O"
"5313","οὕτως","O"
"5314","ἐπὶ","O"
"5315","τὸ","O"
"5316","παραμυθητικὸν","O"
"5317","τῶν","O"
"5318","πατέρων","O"
"5319",",","O"
"5320","ὅσοι","O"
"5321","τε","O"
"5322","ἔτι","O"
"5323","παιδοποιεῖσθαι","O"
"5324","ἱκανοί","O"
"5325",",","O"
"5326","ὅσοι","O"
"5327","τε","O"
"5328","ἔξω","O"
"5329","τῆς","O"
"5330","ὥρας","O"
"5331","ταύτης","O"
"5332","·","O"
"5333","καὶ","O"
"5334","εἴρηται","O"
"5335","ταῦτα","O"
"5336","καὶ","O"
"5337","παρὰ","O"
"5338","τῷ","O"
"5339","Θουκυδίδῃ","PERSON"
"5340",".","O"
"5341","ἐν","O"
"5342","δὲ","O"
"5343","τοῖς","O"
"5344","ἰδίοις","O"
"5345","τὸ","O"
"5346","μὲν","O"
"5347","προτρεπτικὸν","O"
"5348","ἐνίοτε","O"
"5349","μὲν","O"
"5350","οὐδὲ","O"
"5351","ὅλως","O"
"5352","παραλαμβάνομεν","O"
"5353","διὰ","O"
"5354","τὸ","O"
"5355","τάχα","O"
"5356","ἂν","O"
"5357","εἰ","O"
"5358","τύχοι","O"
"5359","παῖδας","O"
"5360","εἶναι","O"
"5361","τοὺς","O"
"5362","κατοιχομένους","O"
"5363","·","O"
"5364","ἐνίοτε","O"
"5365","δὲ","O"
"5366","ἐπὶ","O"
"5367","βραχύ","O"
"5368",",","O"
"5369","πλὴν","O"
"5370","ἐπὶ","O"
"5371","τοῖς","O"
"5372","πάνυ","O"
"5373","ἐνδόξοις","O"
"5374",".","O"
"5375","ἐνταῦθα","O"
"5376","γὰρ","O"
"5377","οὐδὲν","O"
"5378","κωλύει","O"
"5379","καὶ","O"
"5380","ἐπὶ","O"
"5381","πλεῖον","O"
"5382","χρῆσθαι","O"
"5383","τῷ","O"
"5384","εἴδει","O"
"5385",",","O"
"5386","οἷον","O"
"5387","εἰ","O"
"5388","ἐπὶ","O"
"5389","ἄρχοντός","O"
"5390","τινος","O"
"5391","καὶ","O"
"5392","τοιούτου","O"
"5393","προσώπου","O"
"5394","ὁ","O"
"5395","ἐπιτάφιος","O"
"5396","γίνοιτο","O"
"5397",",","O"
"5398","ἀναγκαῖον","O"
"5399","παρακελεύεσθαι","O"
"5400","μιμεῖσθαι","O"
"5401","τοῖς","O"
"5402","παισὶν","O"
"5403","τοὺς","O"
"5404","ἑαυτῶν","O"
"5405","τοκέας","O"
"5406",",","O"
"5407","καὶ","O"
"5408","ἐπὶ","O"
"5409","τὰ","O"
"5410","ὅμοια","O"
"5411","σπεύλοὺς","O"
"5412","δεῖν","O"
"5413",".","O"
"5414","ἀναγκαιότερος","O"
"5415","δὲ","O"
"5416","ὁ","O"
"5417","παραμυθητικὸς","O"
"5418","παραμυθουμένων","O"
"5419","ἡμῶν","O"
"5420","τοὺς","O"
"5421","προσήκοντας","O"
"5422",".","O"
"5423","δεῖ","O"
"5424","δὲ","O"
"5425","εἰδέναι","O"
"5426","καὶ","O"
"5427","τὴν","O"
"5428","μέθοδον","O"
"5429","τοῦ","O"
"5430","παραμυθητικοῦ","O"
"5431","·","O"
"5432","οὐ","O"
"5433","γὰρ","O"
"5434","θρηνεῖν","O"
"5435","οὐδὲ","O"
"5436","ἀπολοφύρεσθαι","O"
"5437","τοὺς","O"
"5438","ἀποθανόντας","O"
"5439","·","O"
"5440","οὐ","O"
"5441","γὰρ","O"
"5442","ἂν","O"
"5443","παραμυθοίμεθα","O"
"5444","τοὺς","O"
"5445","ὑπολειπομένους","O"
"5446",",","O"
"5447","ἀλλὰ","O"
"5448","μεῖζον","O"
"5449","τὸ","O"
"5450","πένθος","O"
"5451","παρασκευάζοιμεν","O"
"5452","·","O"
"5453","καὶ","O"
"5454","οὐ","O"
"5455","δόξει","O"
"5456","εἶναι","O"
"5457","τῶν","O"
"5458","κατοιχομένων","O"
"5459","ἔπαινος","O"
"5460",",","O"
"5461","ἀλλὰ","O"
"5462","ὀλοφυρμὸς","O"
"5463","ὡς","O"
"5464","τὰ","O"
"5465","δεινότατα","O"
"5466","παθόντων","O"
"5467",".","O"
"5468","πειρᾶσθαι","O"
"5469","δὲ","O"
"5470","ἐν","O"
"5471","τῷ","O"
"5472","παραμυθεῖσθαι","O"
"5473","καὶ","O"
"5474","ἐνδιδόναι","O"
"5475","τοῦ","O"
"5476","πάθους","O"
"5477","τοῖς","O"
"5478","ὑπολειπομένοις","O"
"5479",",","O"
"5480","καὶ","O"
"5481","μὴ","O"
"5482","ἀντιτείνειν","O"
"5483","εὐθύς","O"
"5484","·","O"
"5485","ῥᾷον","O"
"5486","γὰρ","O"
"5487","ἐπαξόμεθα","O"
"5488","·","O"
"5489","ἅμα","O"
"5490","δὲ","O"
"5491","καὶ","O"
"5492","ἔπαινον","O"
"5493","ἕξει","O"
"5494","ὁ","O"
"5495","λόγος","O"
"5496",",","O"
"5497","εἰ","O"
"5498","λέγοιμεν","O"
"5499",",","O"
"5500","ὅτι","O"
"5501","οὐ","O"
"5502","ῥᾴδιον","O"
"5503","ἐπὶ","O"
"5504","τοῖς","O"
"5505","τοιούτοις","O"
"5506","ῥᾷον","O"
"5507","φέρειν","O"
"5508",".","O"
"5509","ἐπειδὴ","O"
"5510","δὲ","O"
"5511","οἱ","O"
"5512","ἐν","O"
"5513","πολέμῳ","O"
"5514","τελευτήσαντες","O"
"5515","ὅμοιοι","O"
"5516","ταῖς","O"
"5517","ἡλικίαις","O"
"5518",",","O"
"5519","οὐδὲν","O"
"5520","ἀπὸ","O"
"5521","τούτων","O"
"5522","ἕξομεν","O"
"5523","εἰς","O"
"5524","παραμυθίαν","O"
"5525","ἐπιχειρεῖν","O"
"5526",",","O"
"5527","πλὴν","O"
"5528","ὅτι","O"
"5529","ἐνδόξως","O"
"5530","ἀπέθανον","O"
"5531","ὑπὲρ","O"
"5532","τῆς","O"
"5533","πατρίδος","O"
"5534","καὶ","O"
"5535","οὗτοι","O"
"5536",",","O"
"5537","καὶ","O"
"5538","ὅτι","O"
"5539","ταχὺς","O"
"5540","καὶ","O"
"5541","ἀναίσθητος","O"
"5542","ὁ","O"
"5543","τοιοῦτος","O"
"5544","θάνατος","O"
"5545",",","O"
"5546","καὶ","O"
"5547","ἐκτὸς","O"
"5548","βασάνων","O"
"5549","καὶ","O"
"5550","τῶν","O"
"5551","κακῶν","O"
"5552","τῶν","O"
"5553","ἐκ","O"
"5554","τῆς","O"
"5555","νόσου","O"
"5556","·","O"
"5557","ὅτι","O"
"5558","δημοσίας","O"
"5559","ταφῆς","O"
"5560","ἔλαχον","O"
"5561","ζηλωτὸν","O"
"5562","δὲ","O"
"5563","τοῦτο","O"
"5564","καὶ","O"
"5565","τοῖς","O"
"5566","μετὰ","O"
"5567","ταῦτα","O"
"5568","καὶ","O"
"5569","ἀθάνατος","O"
"5570","αὐτῶν","O"
"5571","ἡ","O"
"5572","δόξα","O"
"5573",".","O"
"5574","Ἐπὶ","O"
"5575","δὲ","O"
"5576","τοῖς","O"
"5577","καθ","O"
"5578","ἕκαστον","O"
"5579","καὶ","O"
"5580","ἀπὸ","O"
"5581","τῶν","O"
"5582","ἡλικιῶν","O"
"5583","πολλὰς","O"
"5584","ἀφορμὰς","O"
"5585","παρέξει","O"
"5586","ὁ","O"
"5587","λόγος","O"
"5588","εἰς","O"
"5589","παραμυθίαν","O"
"5590","·","O"
"5591","εἰ","O"
"5592","μέν","O"
"5593","τις","O"
"5594","ἄφνω","O"
"5595","τελευτήσειεν","O"
"5596","καὶ","O"
"5597","ἀλύπως","O"
"5598",",","O"
"5599","ὅτι","O"
"5600","μακαρίως","O"
"5601","αὐτῷ","O"
"5602","ἡ","O"
"5603","τελευτὴ","O"
"5604","συνηνέχθη","O"
"5605","·","O"
"5606","εἰ","O"
"5607","δέ","O"
"5608","τις","O"
"5609","νόσῳ","O"
"5610","καὶ","O"
"5611","πολὺν","O"
"5612","χρόνον","O"
"5613","νοσήσας","O"
"5614",",","O"
"5615","ὅτι","O"
"5616","γενναίως","O"
"5617","ἐνεκαρτέρησεν","O"
"5618","τῇ","O"
"5619","νόσῳ","O"
"5620","·","O"
"5621","ἢ","O"
"5622","εἴ","O"
"5623","τις","O"
"5624","ἐν","O"
"5625","πολέμῳ","O"
"5626",",","O"
"5627","ὅτι","O"
"5628","ὑπὲρ","O"
"5629","πατρίδος","O"
"5630","ἀγωνιζόμενος","O"
"5631","·","O"
"5632","ἢ","O"
"5633","εἴ","O"
"5634","τις","O"
"5635","ἐν","O"
"5636","πρεσβείᾳ","O"
"5637",",","O"
"5638","ὅτι","O"
"5639","ὑπὲρ","O"
"5640","τῆς","O"
"5641","πόλεως","O"
"5642","·","O"
"5643","κἂν","O"
"5644","εἰ","O"
"5645","ἐν","O"
"5646","ἀποδημίᾳ","O"
"5647",",","O"
"5648","ὅτι","O"
"5649","οὐδὲν","O"
"5650","διενήνοχεν","O"
"5651","·","O"
"5652","μία","O"
"5653","γὰρ","O"
"5654","καὶ","O"
"5655","ἡ","O"
"5656","αὐτὴ","O"
"5657","οἶμος","O"
"5658","κατὰ","O"
"5659","τὸν","O"
"5660","Αἰσχύλον","PERSON"
"5661","εἰς","O"
"5662","Ἁιδου","GOD"
"5663","φέρουσα","O"
"5664","·","O"
"5665","εἰ","O"
"5666","δέ","O"
"5667","τις","O"
"5668","ἐν","O"
"5669","τῇ","O"
"5670","πατρίδι","O"
"5671",",","O"
"5672","ὅτι","O"
"5673","ἐν","O"
"5674","τῇ","O"
"5675","φιλτάτῃ","O"
"5676","καὶ","O"
"5677","τῇ","O"
"5678","γειναμένῃ","O"
"5679","καὶ","O"
"5680","τοῖς","O"
"5681","οἰκειοτάτοις","O"
"5682","πᾶσιν","O"
"5683",".","O"
"5684","ἀπὸ","O"
"5685","ἡλικίας","O"
"5686","·","O"
"5687","εἰ","O"
"5688","μὲν","O"
"5689","νέος","O"
"5690","ὣν","O"
"5691","τοῦτο","O"
"5692","πάθοι","O"
"5693",",","O"
"5694","ὅτι","O"
"5695","θεοφιλής","O"
"5696","·","O"
"5697","τοὺς","O"
"5698","γὰρ","O"
"5699","τοιούτους","O"
"5700","φιλοῦσιν","O"
"5701","οἱ","O"
"5702","θεοί","O"
"5703","·","O"
"5704","καὶ","O"
"5705","ὅτι","O"
"5706","καὶ","O"
"5707","τῶν","O"
"5708","παλαιῶν","O"
"5709","πολλοὺς","O"
"5710","ἀνήρπασαν","O"
"5711",",","O"
"5712","οἷον","O"
"5713","τὸν","O"
"5714","Γανυμήδην","PERSON"
"5715",",","O"
"5716","τὸν","O"
"5717","Τιθωνόν","PERSON"
"5718",",","O"
"5719","τὸν","O"
"5720","Ἀχιλλέα","PERSON"
"5721",",","O"
"5722","μὴ","O"
"5723","βουλόμενοι","O"
"5724","αὐτοὺς","O"
"5725","ἐν","O"
"5726","τοῖς","O"
"5727","κακοῖς","O"
"5728","τοῖς","O"
"5729","ἐν","O"
"5730","τῇ","O"
"5731","γῇ","O"
"5732","καλινδεῖσθαι","O"
"5733","ἢ","O"
"5734","πολὺν","O"
"5735","χρόνον","O"
"5736","ἐγκατορωρύχθαι","O"
"5737","τὴν","O"
"5738","ψυχὴν","O"
"5739","ἐν","O"
"5740","τῷ","O"
"5741","σώματι","O"
"5742","ὥςπερ","O"
"5743","ἐν","O"
"5744","τάφῳ","O"
"5745","ἢ","O"
"5746","ἐν","O"
"5747","δεσμωτηρίῳ","O"
"5748","μηδὲ","O"
"5749","δουλεύειν","O"
"5750","δεσπόταις","O"
"5751","κακοῖς","O"
"5752",",","O"
"5753","ἀλλὰ","O"
"5754","ἐλευθεροῦν","O"
"5755","·","O"
"5756","καὶ","O"
"5757","μακάριοι","O"
"5758","φυγόντες","O"
"5759","τὰ","O"
"5760","ἀλγεινὰ","O"
"5761","τοῦ","O"
"5762","βίου","O"
"5763","καὶ","O"
"5764","τὰ","O"
"5765","πάθη","O"
"5766","τὰ","O"
"5767","συμπίπτοντα","O"
"5768","τοῖς","O"
"5769","ἀνθρώποις","O"
"5770",",","O"
"5771","μυρία","O"
"5772","ταῦτα","O"
"5773","ὄντα","O"
"5774","καὶ","O"
"5775","ἄπειρα","O"
"5776",",","O"
"5777","ὀφθαλμῶν","O"
"5778","πηρώσεις","O"
"5779",",","O"
"5780","ποδῶν","O"
"5781",",","O"
"5782","ἑτέρου","O"
"5783","τινὸς","O"
"5784","μέρους","O"
"5785","τοῦ","O"
"5786","σώματος","O"
"5787",",","O"
"5788","καὶ","O"
"5789","ὅτι","O"
"5790","τῷ","O"
"5791","ὄντι","O"
"5792","ἡ","O"
"5793","νόσος","O"
"5794","ἀλγεινοτάτη","O"
"5795",".","O"
"5796","εἰ","O"
"5797","δὲ","O"
"5798","μέσος","O"
"5799","τὴν","O"
"5800","ἡλικίαν","O"
"5801",",","O"
"5802","ὅτι","O"
"5803","ἐνακμάσας","O"
"5804","τῷ","O"
"5805","βίῳ","O"
"5806","καὶ","O"
"5807","νῷ","O"
"5808","δεῖγμα","O"
"5809","τῆς","O"
"5810","ἀρετῆς","O"
"5811","τῆς","O"
"5812","ἑαυτοῦ","O"
"5813","παρέσχεν","O"
"5814","·","O"
"5815","καὶ","O"
"5816","ὅτι","O"
"5817","ποθούμενος","O"
"5818",",","O"
"5819","οὐκ","O"
"5820","ἀηδὴς","O"
"5821","ἤδη","O"
"5822","διὰ","O"
"5823","τὸ","O"
"5824","γῆρας","O"
"5825","γενόμενος","O"
"5826","ἀπῆλθε","O"
"5827","τοῦ","O"
"5828","βίου","O"
"5829",",","O"
"5830","ἀλλ","O"
"5831","ἐν","O"
"5832","ἡλικίᾳ","O"
"5833",".","O"
"5834","εἰ","O"
"5835","δὲ","O"
"5836","δὴ","O"
"5837","ἐν","O"
"5838","γήρᾳ","O"
"5839","τις","O"
"5840","τελευτήσειεν","O"
"5841",",","O"
"5842","ὅτι","O"
"5843","εἰς","O"
"5844","πᾶσαν","O"
"5845","ἀπόλαυσιν","O"
"5846","τῶν","O"
"5847","ἐν","O"
"5848","τῷ","O"
"5849","βίῳ","O"
"5850","καλῶν","O"
"5851","συνετων","O"
"5852","μετρήθῇ","O"
"5853","αὐτῷ","O"
"5854","ὁ","O"
"5855","χρόνος","O"
"5856",".","O"
"5857","ἐν","O"
"5858","τούτῳ","O"
"5859","παρατιθέναι","O"
"5860","ἀναγκαῖον","O"
"5861",",","O"
"5862","ὁπόσα","O"
"5863","ἐν","O"
"5864","πανηγύρεσιν","O"
"5865","τερπνά","O"
"5866",",","O"
"5867","ὅσα","O"
"5868","ἐν","O"
"5869","γάμοις","O"
"5870",",","O"
"5871","παιδοποιίαις","O"
"5872",",","O"
"5873","τιμαῖς","O"
"5874","ταῖς","O"
"5875","παρὰ","O"
"5876","τῆς","O"
"5877","πατρίδος","O"
"5878","·","O"
"5879","ταῦτα","O"
"5880","γὰρ","O"
"5881","ἡ","O"
"5882","πλείων","O"
"5883","περίοδος","O"
"5884","τοῦ","O"
"5885","χρόνου","O"
"5886","παρέχειν","O"
"5887","εἴωθεν","O"
"5888","·","O"
"5889","καὶ","O"
"5890","ὅτι","O"
"5891","λιπαρὸν","O"
"5892","γῆρας","O"
"5893","κατὰ","O"
"5894","τὸν","O"
"5895","Νέστορα","PERSON"
"5896","ἐβίωσεν","O"
"5897","·","O"
"5898","ὅτι","O"
"5899","τούτου","O"
"5900","ἕνεκα","O"
"5901","ἐνδιέτριψεν","O"
"5902",",","O"
"5903","ἵνα","O"
"5904","παράδειγμα","O"
"5905","γένηται","O"
"5906","τοῖς","O"
"5907","ἄλλοις","O"
"5908",",","O"
"5909","καὶ","O"
"5910","μάλιστα","O"
"5911","εἰ","O"
"5912","ἔνδοξον","O"
"5913","εἴη","O"
"5914","τὸ","O"
"5915","πρόσωπον","O"
"5916",".","O"
"5917","ἐπὶ","O"
"5918","τέλει","O"
"5919","δὲ","O"
"5920","περὶ","O"
"5921","ψυχῆς","O"
"5922","ἀναγκαῖον","O"
"5923","εἰπεῖν","O"
"5924",",","O"
"5925","ὅτι","O"
"5926","ἀθάνατος","O"
"5927",",","O"
"5928","καὶ","O"
"5929","ὅτι","O"
"5930","τοὺς","O"
"5931","τοιούτους","O"
"5932","ἐν","O"
"5933","θεοῖς","O"
"5934","ὄντας","O"
"5935","ἄμεινον","O"
"5936","εἰκὸς","O"
"5937","ἀπολαβεῖν","O"
"5938",".","O"
"5939","ἀρχὰς","O"
"5940","δὲ","O"
"5941","ἐνίοτε","O"
"5942","αὐτὸ","O"
"5943","παρέξει","O"
"5944","τὸ","O"
"5945","πρόσωπον","O"
"5946","ἰδίας","O"
"5947","καὶ","O"
"5948","μὴ","O"
"5949","κοινάς","O"
"5950","·","O"
"5951","οἷον","O"
"5952","εἰ","O"
"5953","ἀπὸ","O"
"5954","λόγων","O"
"5955","εἴη","O"
"5956",",","O"
"5957","ὅτι","O"
"5958","ἀκόλουθον","O"
"5959","τοῖς","O"
"5960","λόγοις","O"
"5961","εὐφημεῖν","O"
"5962","αὐτόν","O"
"5963","·","O"
"5964","ἢ","O"
"5965","εἴπερ","O"
"5966","ἐπὶ","O"
"5967","ἑτέροις","O"
"5968","αὐτός","O"
"5969","τι","O"
"5970","τοιοῦτον","O"
"5971","εἰρηκὼς","O"
"5972","εἴη","O"
"5973",",","O"
"5974","ὅτι","O"
"5975","τὸν","O"
"5976","αὐτὸν","O"
"5977","ἔρανον","O"
"5978","καὶ","O"
"5979","τούτῳ","O"
"5980","ἀποδοτέον","O"
"5981","·","O"
"5982","ἢ","O"
"5983","ὅ","O"
"5984","τί","O"
"5985","ποτ","O"
"5986","ἂν","O"
"5987","ἡ","O"
"5988","ἰδιότης","O"
"5989","τοῦ","O"
"5990","προσώπου","O"
"5991","παρέχῃ","O"
"5992",".","O"
"5993","Ἡ","O"
"5994","δὲ","O"
"5995","ἀπαγγελία","O"
"5996","ποικίλη","O"
"5997",",","O"
"5998","ἐν","O"
"5999","μὲν","O"
"6000","τοῖς","O"
"6001","ἀγωνιστικοῖς","O"
"6002","συνεστραμμένη","O"
"6003","·","O"
"6004","ἐν","O"
"6005","δὲ","O"
"6006","τοῖς","O"
"6007","ἐνδόξοις","O"
"6008","καὶ","O"
"6009","μέγεθος","O"
"6010","ἔχουσιν","O"
"6011",",","O"
"6012","οἷον","O"
"6013","ὅσα","O"
"6014","περὶ","O"
"6015","ψυχῆς","O"
"6016",",","O"
"6017","διηρμένη","O"
"6018","καὶ","O"
"6019","μέγεθος","O"
"6020","ἔχουσα","O"
"6021","καὶ","O"
"6022","ἐγγὺς","O"
"6023","βαίνουσα","O"
"6024","τῆς","O"
"6025","τοῦ","O"
"6026","Πλάτωνος","PERSON"
"6027",".","O"
"6028","Προτρεπτικὸς","O"
"6029","ἀθληταῖς","O"
"6030","Ἀκόλουθος","O"
"6031","ἂν","O"
"6032","εἴη","O"
"6033","καί","O"
"6034",",","O"
"6035","ὡς","O"
"6036","ἂν","O"
"6037","εἴποι","O"
"6038","τις","O"
"6039",",","O"
"6040","συναφής","O"
"6041",",","O"
"6042","ὦ","O"
"6043","Ἐχέκρατες","PERSON"
"6044",",","O"
"6045","καὶ","O"
"6046","ὁ","O"
"6047","ἐν","O"
"6048","ταύταις","O"
"6049","ταῖς","O"
"6050","πανηγύρεσι","O"
"6051","λεγόμενος","O"
"6052","λόγος","O"
"6053",",","O"
"6054","οὐκ","O"
"6055","εἰς","O"
"6056","αὐτὴν","O"
"6057","μέντοι","O"
"6058","τὴν","O"
"6059","πανήγυριν","O"
"6060",",","O"
"6061","ἀλλ","O"
"6062","εἰς","O"
"6063","τοὺς","O"
"6064","ἀνταγωνιστὰς","O"
"6065","τοὺς","O"
"6066","ἐν","O"
"6067","τῇ","O"
"6068","πανηγύρει","O"
"6069","καὶ","O"
"6070","τοῖς","O"
"6071","ἀγωνισταῖς","O"
"6072","ἀθληταῖς","O"
"6073","δή","O"
"6074","που","O"
"6075",",","O"
"6076","ὁ","O"
"6077","προτρεπτικὸς","O"
"6078","οὕτως","O"
"6079","λεγόμενος","O"
"6080",".","O"
"6081","Σκεπτέον","O"
"6082","οὖν","O"
"6083","πρῶτον","O"
"6084","εὐθύς","O"
"6085",",","O"
"6086","ὅς","O"
"6087","τίς","O"
"6088","ποτε","O"
"6089","ὁ","O"
"6090","λέγων","O"
"6091","ὡς","O"
"6092","ἔγωγε","O"
"6093","οἶδα","O"
"6094","καὶ","O"
"6095","Ὀλυμπίασιν","NORP"
"6096","καὶ","O"
"6097","ἐπ","O"
"6098","ἐμοῦ","O"
"6099","τοῦτο","O"
"6100","γενόμενον","O"
"6101","καὶ","O"
"6102","Πυθοῖ","O"
"6103","καὶ","O"
"6104","ἄλλοθι","O"
"6105","πολλαχοῦ","O"
"6106","τισίν","O"
"6107","·","O"
"6108","νῦν","O"
"6109","μὲν","O"
"6110","γὰρ","O"
"6111","ἴσως","O"
"6112","πολίτης","O"
"6113",",","O"
"6114","νῦν","O"
"6115","δὲ","O"
"6116","καὶ","O"
"6117","αὐτῶν","O"
"6118","τῶν","O"
"6119","περὶ","O"
"6120","τὸν","O"
"6121","ἀγῶνά","O"
"6122","τις","O"
"6123",",","O"
"6124","ἐγὼ","O"
"6125","δὲ","O"
"6126","ἤδη","O"
"6127","καὶ","O"
"6128","τὸν","O"
"6129","ἀγωνοθέτην","O"
"6130","εἶδον","O"
"6131","ἀγωνιστὴν","O"
"6132","τούτου","O"
"6133","τοῦ","O"
"6134","λόγου","O"
"6135","γεγενημένον","O"
"6136",".","O"
"6137","τὰς","O"
"6138","γὰρ","O"
"6139","ἀρχὰς","O"
"6140","ἴσως","O"
"6141","που","O"
"6142","καὶ","O"
"6143","ἐντεῦθέν","O"
"6144","τις","O"
"6145","οὐκ","O"
"6146","ἄπο","O"
"6147","καιροῦ","O"
"6148","ποιήσεται","O"
"6149",".","O"
"6150","εἰ","O"
"6151","μὲν","O"
"6152","πολίτης","O"
"6153","εἴη","O"
"6154",",","O"
"6155","ὅτι","O"
"6156","καὶ","O"
"6157","αὐτὸς","O"
"6158","πεισθεὶς","O"
"6159","τοῖς","O"
"6160","ἀγωνοθέταις","O"
"6161","καὶ","O"
"6162","τῷ","O"
"6163","τῆς","O"
"6164","πόλεως","O"
"6165","νόμῳ","O"
"6166","εἰς","O"
"6167","τὸν","O"
"6168","ἀγῶνα","O"
"6169","καθῆκεν","O"
"6170","ἑαυτὸν","O"
"6171","καὶ","O"
"6172","παρεβάλετο","O"
"6173","κινδύνῳ","O"
"6174","οὐχ","O"
"6175","ἧττον","O"
"6176","ὄντι","O"
"6177","ἐργὡδει","O"
"6178","·","O"
"6179","ἐκειῖνος","O"
"6180","μὲν","O"
"6181","γὰρ","O"
"6182","σώματος","O"
"6183",",","O"
"6184","ὅδε","O"
"6185","δὲ","O"
"6186","ψυχῆς","O"
"6187",".","O"
"6188","χαλεπώτεροι","O"
"6189","δὲ","O"
"6190","οἱ","O"
"6191","ἀγῶνες","O"
"6192","οἱ","O"
"6193","τῆς","O"
"6194","ψυχῆς","O"
"6195","ἢοἱ","O"
"6196","τοῦ","O"
"6197","σώματος","O"
"6198",".","O"
"6199","ἐπὶ","O"
"6200","μὲν","O"
"6201","γὰρ","O"
"6202","τῆς","O"
"6203","ἀγωνίας","O"
"6204","τῶν","O"
"6205","σωμάτων","O"
"6206","καὶ","O"
"6207","φανερὰ","O"
"6208","ἡ","O"
"6209","νίκη","O"
"6210","καὶ","O"
"6211","ὑπὸ","O"
"6212","τοῖς","O"
"6213","ὀφθαλμοῖς","O"
"6214",",","O"
"6215","ἥ","O"
"6216","περ","O"
"6217","ἐναργεστάτη","O"
"6218","τῶν","O"
"6219","αἰσθήσεων","O"
"6220","·","O"
"6221","ἔτι","O"
"6222","δὲ","O"
"6223","καὶ","O"
"6224","βραβευτὴς","O"
"6225","ἐφέστηκεν","O"
"6226","ἐπ","O"
"6227","αὐτῷ","O"
"6228","τούτῳ","O"
"6229","κρείττων","O"
"6230","τοῦ","O"
"6231","παρὰ","O"
"6232","τῶν","O"
"6233","ἄλλων","O"
"6234","φθόνου","O"
"6235",".","O"
"6236","ἥδε","O"
"6237","δὲ","O"
"6238","ἡ","O"
"6239","κρίσις","O"
"6240","οὐκ","O"
"6241","ἐφ","O"
"6242","ἑνί","O"
"6243",",","O"
"6244","ἀλλ","O"
"6245","ἐπὶ","O"
"6246","πολλοῖς","O"
"6247","·","O"
"6248","καὶ","O"
"6249","οὐκ","O"
"6250","ὀφθαλμοῖς","O"
"6251","κρίνουσιν","O"
"6252",",","O"
"6253","ἀλλὰ","O"
"6254","γνώμῃ","O"
"6255",",","O"
"6256","ἐν","O"
"6257","ᾗ","O"
"6258","πολλὰ","O"
"6259","τὰ","O"
"6260","ἀντιστατοῦντα","O"
"6261","·","O"
"6262","ἄγνοια","O"
"6263","καὶ","O"
"6264","φιλοτιμία","O"
"6265","καὶ","O"
"6266","φθόνος","O"
"6267",",","O"
"6268","ἐφ","O"
"6269","ἅπασι","O"
"6270","δὲ","O"
"6271","τὸ","O"
"6272","μὴ","O"
"6273","βούλεσθαι","O"
"6274","τοὺς","O"
"6275","ἀκούοντας","O"
"6276","μείζονα","O"
"6277","εἶναι","O"
"6278","τὰ","O"
"6279","ἐπαινούμενα","O"
"6280","τῷ","O"
"6281","περὶ","O"
"6282","αὐτῶν","O"
"6283","λόγῳ","O"
"6284",".","O"
"6285","τούτοις","O"
"6286","δὲ","O"
"6287","ὑποβάλλειν","O"
"6288","κἀκεῖνο","O"
"6289","ἀναγκαῖον","O"
"6290",",","O"
"6291","τὸ","O"
"6292","ἀνελεῖν","O"
"6293","ὡς","O"
"6294","ἀντικείμενον","O"
"6295","ἐκ","O"
"6296","τῆς","O"
"6297","τοῦ","O"
"6298","προσώπου","O"
"6299","ποιότητος","O"
"6300",",","O"
"6301","ὅτι","O"
"6302","μὴ","O"
"6303","καταφρονητέον","O"
"6304","λόγων","O"
"6305","τοῖς","O"
"6306","ἀθληταῖς","O"
"6307","ἅτε","O"
"6308","ἐν","O"
"6309","ἔργοις","O"
"6310","ἀσκοῦσι","O"
"6311",".","O"
"6312","λόγος","O"
"6313","γὰρ","O"
"6314","εἰς","O"
"6315","πάντα","O"
"6316","ἐπιτήδειος","O"
"6317","καὶ","O"
"6318","πρὸς","O"
"6319","πᾶν","O"
"6320","ἐπιρρώννυσιν","O"
"6321","·","O"
"6322","οὕτως","O"
"6323","καὶ","O"
"6324","ἐπὶ","O"
"6325","πολέμου","O"
"6326","καὶ","O"
"6327","ἐπὶ","O"
"6328","παρατάξεως","O"
"6329","δέονται","O"
"6330","στρατιῶται","O"
"6331","τοῦ","O"
"6332","παρὰ","O"
"6333","τῶν","O"
"6334","στρατηγῶν","O"
"6335","λόγου","O"
"6336","καὶ","O"
"6337","τῆς","O"
"6338","προτροπῆς","O"
"6339",",","O"
"6340","καὶ","O"
"6341","αὐτοὶ","O"
"6342","αὑτῶν","O"
"6343","ἐρρωμενέστεροι","O"
"6344","ἐγένοντο","O"
"6345",".","O"
"6346","μάλιστα","O"
"6347","δὲ","O"
"6348","οἱ","O"
"6349","ἀθληταὶ","O"
"6350","δέοιντο","O"
"6351","ἂν","O"
"6352","τῆς","O"
"6353","ἀπὸ","O"
"6354","τοῦ","O"
"6355","λόγου","O"
"6356","προτροπῆς","O"
"6357","καὶ","O"
"6358","ἐπικελεύσεως","O"
"6359",",","O"
"6360","ὄντες","O"
"6361","μὲν","O"
"6362","καὶ","O"
"6363","αὐτοὶ","O"
"6364","Ἑρμοῦ","GOD"
"6365","τε","O"
"6366","καὶ","O"
"6367","Ἡρακλέους","GOD"
"6368","μαθηταί","O"
"6369","τε","O"
"6370","καὶ","O"
"6371","ζηλωταί","O"
"6372","ὧν","O"
"6373","ὃ","O"
"6374","μὲν","O"
"6375","εὑρετὴς","O"
"6376","τοῦ","O"
"6377","λόγου","O"
"6378","ἢ","O"
"6379","αὐτὸ","O"
"6380","χρῆμα","O"
"6381","λόγος","O"
"6382","·","O"
"6383","ὃ","O"
"6384","δὲ","O"
"6385","σὺν","O"
"6386","τῇ","O"
"6387","Ἀθηνᾷ","GOD"
"6388","πάντα","O"
"6389","κατώρθωσεν","O"
"6390","τὰ","O"
"6391","ἐπιταχθέντα","O"
"6392","·","O"
"6393","ἣ","O"
"6394","δὲ","O"
"6395","τί","O"
"6396","ἂν","O"
"6397","ἄλλο","O"
"6398","εἴη","O"
"6399","ἢ","O"
"6400","νοῦς","O"
"6401","τε","O"
"6402","καὶ","O"
"6403","λόγος","O"
"6404",";","O"
"6405",",","O"
"6406","καὶ","O"
"6407","ὁσημέραι","O"
"6408","δὲ","O"
"6409","ἐπὶ","O"
"6410","ταῖς","O"
"6411","γυμνασίαις","O"
"6412","ἑκάστοτε","O"
"6413","τοιούτους","O"
"6414","τοὺς","O"
"6415","ἐπικελευομένους","O"
"6416","ἔχοντες","O"
"6417","αὑτοῖς","O"
"6418",".","O"
"6419","εἶτα","O"
"6420","διαφορὰν","O"
"6421","ἐρεῖς","O"
"6422",",","O"
"6423","ὅσῳ","O"
"6424","κρείττων","O"
"6425","οὗτος","O"
"6426","τοῦ","O"
"6427","ἐκείνων","O"
"6428","ἔπαινος","O"
"6429","·","O"
"6430","διὰ","O"
"6431","ταῦτα","O"
"6432",",","O"
"6433","ὅτι","O"
"6434","ὃ","O"
"6435","μὲν","O"
"6436","ἐκ","O"
"6437","τῶν","O"
"6438","ἐπιτυχόντων","O"
"6439",",","O"
"6440","οὗτος","O"
"6441","δὲ","O"
"6442","ἀπὸ","O"
"6443","τῶν","O"
"6444","δεδοκιμασμένων","O"
"6445","καὶ","O"
"6446","βίῳ","O"
"6447","καὶ","O"
"6448","λόγῳ","O"
"6449","καὶ","O"
"6450","δόξῃ","O"
"6451","·","O"
"6452","καὶ","O"
"6453","ἐκεῖνος","O"
"6454","μὲν","O"
"6455","ἔθει","O"
"6456","τινί","O"
"6457",",","O"
"6458","οὗτος","O"
"6459","δὲ","O"
"6460","νόμῳ","O"
"6461","πόλεως","O"
"6462","καὶ","O"
"6463","δόγματι","O"
"6464","ἀρχόντων","O"
"6465","·","O"
"6466","κἀκεῖνος","O"
"6467","οἷον","O"
"6468","ἐπιβόησίς","O"
"6469","τις","O"
"6470",",","O"
"6471","μηδὲν","O"
"6472","τῶν","O"
"6473","ἤχων","O"
"6474","διαφέρων","O"
"6475",",","O"
"6476","οὗτος","O"
"6477","δὲ","O"
"6478","μετὰ","O"
"6479","ἐπαίνων","O"
"6480","καὶ","O"
"6481","ἀποδείξεων","O"
"6482","παράκλησις","O"
"6483",".","O"
"6484","εἶτ","O"
"6485","ἀκόλουθον","O"
"6486","τοῖς","O"
"6487","περὶ","O"
"6488","τὸ","O"
"6489","τοῦ","O"
"6490","σώματος","O"
"6491","καλὸν","O"
"6492","σπουδάσασιν","O"
"6493","καὶ","O"
"6494","περὶ","O"
"6495","τὸ","O"
"6496","καλὸν","O"
"6497","τὸ","O"
"6498","ἐπὶ","O"
"6499","τῇ","O"
"6500","ψυχῇ","O"
"6501","σπουδάσαι","O"
"6502","καὶ","O"
"6503","μᾶλλον","O"
"6504",",","O"
"6505","ὅσῳ","O"
"6506","τιμιώτερον","O"
"6507","ψυχὴ","O"
"6508","σώματος","O"
"6509",",","O"
"6510","εἰ","O"
"6511","μὴ","O"
"6512","καὶ","O"
"6513","αὐτοὺς","O"
"6514","ἀσκοῦντας","O"
"6515",",","O"
"6516","ἀλλὰ","O"
"6517","τοῖς","O"
"6518","ἀσκήσασι","O"
"6519","πειθομένους","O"
"6520","·","O"
"6521","ὅπερ","O"
"6522","οὐδὲ","O"
"6523","δυσχέρειάν","O"
"6524","τινα","O"
"6525","ἔχει","O"
"6526","οὐδὲ","O"
"6527","πόνον","O"
"6528",",","O"
"6529","ἄλλως","O"
"6530","τε","O"
"6531","καὶ","O"
"6532","ἐπὶ","O"
"6533","συμφέροντι","O"
"6534","τῶν","O"
"6535","πεισθέντων","O"
"6536","τῆς","O"
"6537","πειθοῦς","O"
"6538","γινομένης","O"
"6539","·","O"
"6540","ὥςπερ","O"
"6541","γὰρ","O"
"6542","καὶ","O"
"6543","ἐν","O"
"6544","στρατοπέδῳ","O"
"6545","οἱ","O"
"6546","γνησιώτατοι","O"
"6547","παρὰ","O"
"6548","τῶν","O"
"6549","στρατηγῶν","O"
"6550","λόγους","O"
"6551","ἀκούσαντες","O"
"6552","μάλιστα","O"
"6553","φιλοτιμοῦνται","O"
"6554","περὶ","O"
"6555","τὴν","O"
"6556","νίκην","O"
"6557",",","O"
"6558","οὕτως","O"
"6559","καὶ","O"
"6560","οἱ","O"
"6561","ἐν","O"
"6562","τοῖς","O"
"6563","ἀγῶσι","O"
"6564","προτρεπτικοὺς","O"
"6565","λόγους","O"
"6566","οἰκείως","O"
"6567","ἀναδεξάμενοι","O"
"6568","·","O"
"6569","μάλιστα","O"
"6570","γὰρ","O"
"6571","ἂν","O"
"6572","ὀρέγοιντο","O"
"6573","τοῦ","O"
"6574","περιγενέσθαι","O"
"6575",".","O"
"6576","καὶ","O"
"6577","ὅτι","O"
"6578","τοῖς","O"
"6579","ἐπαγγελλομένοις","O"
"6580","τὴν","O"
"6581","σωτηρίαν","O"
"6582","τὴν","O"
"6583","τοῦ","O"
"6584","σώματος","O"
"6585","προσήκει","O"
"6586","καὶ","O"
"6587","ἀψευδεῖν","O"
"6588",".","O"
"6589","ἐν","O"
"6590","τούτῳ","O"
"6591","·","O"
"6592","εἰ","O"
"6593","δήπου","O"
"6594","τις","O"
"6595",",","O"
"6596","καίτοι","O"
"6597","τῆς","O"
"6598","ἀπὸ","O"
"6599","τούτων","O"
"6600","δόξης","O"
"6601","ἀδήλου","O"
"6602","τυγχανούσης","O"
"6603",",","O"
"6604","ὅμως","O"
"6605","ἐφίεται","O"
"6606","τούτου","O"
"6607","ἄλλως","O"
"6608","μηδὲ","O"
"6609","ἀνάγκης","O"
"6610","οὔσης","O"
"6611",",","O"
"6612","πόσῳ","O"
"6613","μᾶλλον","O"
"6614","εἰκὸς","O"
"6615","τοὺς","O"
"6616","ἐπ","O"
"6617","αὐτὸ","O"
"6618","τοῦτο","O"
"6619","παρόντας","O"
"6620","καὶ","O"
"6621","παραδεδωκότας","O"
"6622","ἑαυτοὺς","O"
"6623","καὶ","O"
"6624","τούτου","O"
"6625","ἕνεκα","O"
"6626","ἐπὶ","O"
"6627","τοσοῦτον","O"
"6628","τοῖς","O"
"6629","γυμνασίοις","O"
"6630","χρησαμένους","O"
"6631","καὶ","O"
"6632","ὑπευθύνους","O"
"6633","ἑαυτοὺς","O"
"6634","καταστήσαντας","O"
"6635","πειθομένους","O"
"6636","φαίνεσθαι","O"
"6637","τῷ","O"
"6638","ἐπὶ","O"
"6639","τοῦτο","O"
"6640","ὑπὸ","O"
"6641","τῆς","O"
"6642","πόλεως","O"
"6643","καὶ","O"
"6644","τῶν","O"
"6645","ἀγωνοθετῶν","O"
"6646","καὶ","O"
"6647","τοῦ","O"
"6648","νόμου","O"
"6649","προκεχειρισμένῳ","O"
"6650",";","O"
"6651","Εἰ","O"
"6652","δὲ","O"
"6653","δὴ","O"
"6654","καὶ","O"
"6655","ἀγωνοθέτης","O"
"6656","εἴη","O"
"6657","ὁ","O"
"6658","λέγων","O"
"6659",",","O"
"6660","πρὸς","O"
"6661","τούτοις","O"
"6662","ἢ","O"
"6663","πρὸ","O"
"6664","ἁπάντων","O"
"6665","τούτων","O"
"6666","ἁρμόσει","O"
"6667","εἰπεῖν","O"
"6668",",","O"
"6669","ὅτι","O"
"6670","εἰ","O"
"6671","ὁ","O"
"6672","διατιθεὶς","O"
"6673","τὸν","O"
"6674","ἀγῶνα","O"
"6675","οὐκ","O"
"6676","ὤκνησεν","O"
"6677","ἀγωνιστὴν","O"
"6678","καὶ","O"
"6679","ἑαυτὸν","O"
"6680","καταστῆσαι","O"
"6681","καὶ","O"
"6682","ὑποβαλεῖν","O"
"6683","τῇ","O"
"6684","τῶν","O"
"6685","ἀκουόντων","O"
"6686","κρίσει","O"
"6687","ἕνεκα","O"
"6688","τοῦ","O"
"6689","ἀγῶνος","O"
"6690","καὶ","O"
"6691","τοῦ","O"
"6692","ἔνδοξον","O"
"6693","καὶ","O"
"6694","μέγαν","O"
"6695","καὶ","O"
"6696","περισπούδαστον","O"
"6697","τοῦτον","O"
"6698","γενέσθαι","O"
"6699",",","O"
"6700","πολλῷ","O"
"6701","δήπου","O"
"6702","ἀναγκαιότερον","O"
"6703","αὐτοῖς","O"
"6704","τοῖς","O"
"6705","ἀγωνιζομένοις","O"
"6706","καὶ","O"
"6707","κληρονομεῖν","O"
"6708","μέλλουσι","O"
"6709","τῆς","O"
"6710","τοῦ","O"
"6711","ἀγῶνος","O"
"6712","δόξης","O"
"6713",".","O"
"6714","Τῷ","O"
"6715","δὲ","O"
"6716","ξένῳ","O"
"6717","καὶ","O"
"6718","τοῦτο","O"
"6719","ἂν","O"
"6720","ἁρμόζοι","O"
"6721","λέγειν","O"
"6722",",","O"
"6723","ὅτι","O"
"6724","προσήκων","O"
"6725","αὐτῷ","O"
"6726","ὁ","O"
"6727","λόγος","O"
"6728","διὰ","O"
"6729","τὴν","O"
"6730","ἐπιδημίαν","O"
"6731","καὶ","O"
"6732","τὴν","O"
"6733","μετουσίαν","O"
"6734","τῆς","O"
"6735","θέας","O"
"6736","·","O"
"6737","οἱ","O"
"6738","γὰρ","O"
"6739","τῆς","O"
"6740","θέας","O"
"6741","μεταδόντες","O"
"6742","καὶ","O"
"6743","τοῦ","O"
"6744","λόγου","O"
"6745","τοῦ","O"
"6746","περὶ","O"
"6747","αὐτῆς","O"
"6748","μετέδοσαν","O"
"6749","ἄλλως","O"
"6750","τε","O"
"6751","καὶ","O"
"6752","ἐπὶ","O"
"6753","τῷ","O"
"6754","ἐνδοξοτέραν","O"
"6755","τὴν","O"
"6756","πανήγυριν","O"
"6757","γενέσθαι","O"
"6758",".","O"
"6759","καὶ","O"
"6760","ὅτι","O"
"6761","γνήσιος","O"
"6762","πολίτης","O"
"6763","οὐχ","O"
"6764","ὁ","O"
"6765","ἐγγεγραμμένος","O"
"6766","μόνον","O"
"6767",",","O"
"6768","ἀλλὰ","O"
"6769","πολλῷ","O"
"6770","μᾶλλον","O"
"6771","ὁ","O"
"6772","εὔνους","O"
"6773","τῇ","O"
"6774","πόλει","O"
"6775","καὶ","O"
"6776","περὶ","O"
"6777","τὰ","O"
"6778","καλὰ","O"
"6779","μόνον","O"
"6780","τὰ","O"
"6781","τῆς","O"
"6782","πόλεως","O"
"6783","σπουδάζων","O"
"6784",".","O"
"6785","εἰ","O"
"6786","δὲ","O"
"6787","δὴ","O"
"6788","καὶ","O"
"6789","μὴ","O"
"6790","πολίτης","O"
"6791","ὢν","O"
"6792","ἐπείσθη","O"
"6793","τοῖς","O"
"6794","ἐπιτάξασι","O"
"6795","καθεῖναι","O"
"6796","ἑαυτὸν","O"
"6797","εἰς","O"
"6798","τὸν","O"
"6799","ἀγῶνα","O"
"6800",",","O"
"6801","πολλῷ","O"
"6802","δήπου","O"
"6803","μᾶλλον","O"
"6804","τοῖς","O"
"6805","ἀθληταῖς","O"
"6806","σπουδαστέον","O"
"6807","περὶ","O"
"6808","αὐτὸν","O"
"6809","τοῖς","O"
"6810","ὡς","O"
"6811","ἂν","O"
"6812","εἴποι","O"
"6813","τις","O"
"6814","πολίταις","O"
"6815","τοῦ","O"
"6816","ἀγῶνος","O"
"6817","οὖσι","O"
"6818",".","O"
"6819","Τούτων","O"
"6820","δὲ","O"
"6821","τῶν","O"
"6822","ἀφορμῶν","O"
"6823","τάχα","O"
"6824","ἄν","O"
"6825","τινες","O"
"6826","καὶ","O"
"6827","εἰς","O"
"6828","τὸν","O"
"6829","πανηγυρικὸν","O"
"6830","λόγον","O"
"6831","ἁρμόζοιεν","O"
"6832",",","O"
"6833","τοιούτων","O"
"6834","προσώπων","O"
"6835","πανηγυριζόντων","O"
"6836","καὶ","O"
"6837","τοιούτων","O"
"6838","ποιοτήτων","O"
"6839","ἐμπεριειλημμένων","O"
"6840",".","O"
"6841","τοιαύτης","O"
"6842","δὲ","O"
"6843","τῆς","O"
"6844","προκαταστάσεως","O"
"6845","γενομένης","O"
"6846","ὑποβλητέον","O"
"6847","καὶ","O"
"6848","τὸν","O"
"6849","περὶ","O"
"6850","τῶν","O"
"6851","πανηγύρεων","O"
"6852","καθόλου","O"
"6853","λόγον","O"
"6854","ἔπαινον","O"
"6855","ἔχοντα","O"
"6856","τῶν","O"
"6857","προκαταστησαμένων","O"
"6858",",","O"
"6859","ὅτι","O"
"6860","τῶν","O"
"6861","πολέμων","O"
"6862","καὶ","O"
"6863","τῶν","O"
"6864","πρὸς","O"
"6865","ἀλλήλους","O"
"6866","διαφορῶν","O"
"6867","καταπαύσαντες","O"
"6868","τὰς","O"
"6869","πόλεις","O"
"6870","συνήγαγον","O"
"6871","ὥςπερ","O"
"6872","εἰς","O"
"6873","μίαν","O"
"6874","πόλιν","O"
"6875","τὴν","O"
"6876","πατρίδα","O"
"6877","πάντων","O"
"6878",",","O"
"6879","ὡς","O"
"6880","κοινῇ","O"
"6881","συνελθόντας","O"
"6882","θύειν","O"
"6883","καὶ","O"
"6884","ἑορτάζειν","O"
"6885","λήθην","O"
"6886","ἁπάντων","O"
"6887","τῶν","O"
"6888","πρότερον","O"
"6889","ποιησαμένους","O"
"6890","·","O"
"6891","καὶ","O"
"6892","οὐ","O"
"6893","ταῦτα","O"
"6894","ἀπέχρησε","O"
"6895","μόνον","O"
"6896",",","O"
"6897","ἀλλὰ","O"
"6898","καὶ","O"
"6899","θεάματα","O"
"6900","καὶ","O"
"6901","ἀκροάματα","O"
"6902","μυρία","O"
"6903","ἐπὶ","O"
"6904","μυρίοις","O"
"6905","προέθεσαν","O"
"6906",",","O"
"6907","οὐκ","O"
"6908","εἰς","O"
"6909","ψυχαγωγίαν","O"
"6910","μόνον","O"
"6911",",","O"
"6912","ἀλλὰ","O"
"6913","καὶ","O"
"6914","πρὸς","O"
"6915","ὠφέλειαν","O"
"6916","·","O"
"6917","διὰ","O"
"6918","μὲν","O"
"6919","τῶν","O"
"6920","μουσικῶν","O"
"6921","ἀκροαμάτων","O"
"6922","παιδεύοντες","O"
"6923","ἡμᾶς","O"
"6924",",","O"
"6925","διὰ","O"
"6926","δὲ","O"
"6927","τῶν","O"
"6928","γυμνικῶν","O"
"6929","συνασκοῦντες","O"
"6930","εἰς","O"
"6931","τοὺς","O"
"6932","πολέμους","O"
"6933",".","O"
"6934","καλὸν","O"
"6935","μὲν","O"
"6936","οὖν","O"
"6937","καὶ","O"
"6938","τοῖς","O"
"6939","ἐπιδημοῦσι","O"
"6940","σπουδάζειν","O"
"6941","περὶ","O"
"6942","τὴν","O"
"6943","θέαν","O"
"6944",",","O"
"6945","πολὺ","O"
"6946","δὲ","O"
"6947","κάλλιον","O"
"6948","τοῖς","O"
"6949","ἀγωνιζομένοις","O"
"6950","αὐτοῖς","O"
"6951",".","O"
"6952","τοῖς","O"
"6953","μὲν","O"
"6954","γὰρ","O"
"6955","πρόσκαιρος","O"
"6956","ἡ","O"
"6957","τέρψις","O"
"6958",",","O"
"6959","τοῖς","O"
"6960","δὲ","O"
"6961","ἀθάνατος","O"
"6962","ἡ","O"
"6963","δόξα","O"
"6964","·","O"
"6965","καὶ","O"
"6966","παραχρῆμα","O"
"6967","μὲν","O"
"6968","γίνεται","O"
"6969","ἑκάστῳ","O"
"6970","τούτων","O"
"6971","εὐφημεῖσθαι","O"
"6972","καὶ","O"
"6973","δακτυλοδεικτεῖσθαι","O"
"6974","ἐπὶ","O"
"6975","τοῖς","O"
"6976","καλλίστοις","O"
"6977",",","O"
"6978","νικᾶν","O"
"6979",",","O"
"6980","στεφανοῦσθαι","O"
"6981",",","O"
"6982","ἀναγορεύεσθαι","O"
"6983",",","O"
"6984","διὰ","O"
"6985","μιᾶς","O"
"6986","πράξεως","O"
"6987","καὶ","O"
"6988","νίκης","O"
"6989","οὐ","O"
"6990","μιᾶς","O"
"6991","πόλεως","O"
"6992","γενόμενον","O"
"6993","ἀλλὰ","O"
"6994","σχεδὸν","O"
"6995","ἁπάσης","O"
"6996","τῆς","O"
"6997","οἰκουμένης","O"
"6998","·","O"
"6999","ἕκαστος","O"
"7000","γὰρ","O"
"7001","τῶν","O"
"7002","παρόντων","O"
"7003","τῆς","O"
"7004","ἀρετῆς","O"
"7005","ἀποδεχόμενος","O"
"7006","τῇ","O"
"7007","εὐνοίᾳ","O"
"7008","ὡς","O"
"7009","πολίτην","O"
"7010","αὑτοῦ","O"
"7011","προσοικειοῦται","O"
"7012",",","O"
"7013","τὸ","O"
"7014","τοῦ","O"
"7015","Ὁμήρου","PERSON"
"7016","δὴ","O"
"7017","τοῦτο","O"
"7018","·","O"
"7019","ἐρχόμενον","O"
"7020","δὲ","O"
"7021","ἀνὰ","O"
"7022","τὴν","O"
"7023","πανήγυριν","O"
"7024","θεὸν","O"
"7025","ὣς","O"
"7026","εἰσορόωσιν","O"
"7027",",","O"
"7028","οὐ","O"
"7029","μόνον","O"
"7030","γε","O"
"7031","ἀλλὰ","O"
"7032","καὶ","O"
"7033","μετὰ","O"
"7034","τὴν","O"
"7035","πανήγυριν","O"
"7036",",","O"
"7037","ὁπόταν","O"
"7038","αὐτὸν","O"
"7039","ἴδωσι","O"
"7040","μόνον","O"
"7041",".","O"
"7042","καὶ","O"
"7043","ἀγωνιζομένῳ","O"
"7044","ταῦτα","O"
"7045","καθ","O"
"7046","ἕκαστον","O"
"7047","ἀγῶνα","O"
"7048","·","O"
"7049","παυσαμένῳ","O"
"7050","δὲ","O"
"7051","παραμένουσιν","O"
"7052","τὸν","O"
"7053","βίον","O"
"7054","σύμπαντα","O"
"7055","οἱ","O"
"7056","καρποὶ","O"
"7057","οἱ","O"
"7058","ἀπὸ","O"
"7059","τῆς","O"
"7060","νίκης","O"
"7061",",","O"
"7062","τὴν","O"
"7063","περιουσίαν","O"
"7064","τοῦ","O"
"7065","βίου","O"
"7066","ἄφθονον","O"
"7067","παρέχοντες","O"
"7068","·","O"
"7069","μετὰ","O"
"7070","δὲ","O"
"7071","τὴν","O"
"7072","τελευτὴν","O"
"7073","ἡ","O"
"7074","μνήμη","O"
"7075","ἡ","O"
"7076","ἀπὸ","O"
"7077","τῶν","O"
"7078","ἀνδριάντων","O"
"7079","καὶ","O"
"7080","τῶν","O"
"7081","εἰκόνων","O"
"7082","εἰς","O"
"7083","τὸ","O"
"7084","ἀνάγραπτον","O"
"7085","ἔχειν","O"
"7086","τὴν","O"
"7087","δόξαν","O"
"7088","οὐκ","O"
"7089","ἐν","O"
"7090","ταῖς","O"
"7091","μνήμαις","O"
"7092","σῳζομένην","O"
"7093","μόνον","O"
"7094",",","O"
"7095","ἀλλὰ","O"
"7096","καὶ","O"
"7097","διὰ","O"
"7098","τῶν","O"
"7099","συγγραμμάτων","O"
"7100","συμπαραμένουσαν","O"
"7101","ἅπαντι","O"
"7102","τῷ","O"
"7103","χρόνῳ","O"
"7104",".","O"
"7105","Εἶτα","O"
"7106","ἐπὶ","O"
"7107","τούτοις","O"
"7108","προσάξεις","O"
"7109","καὶ","O"
"7110","τὸν","O"
"7111","περὶ","O"
"7112","τῆς","O"
"7113","πόλεως","O"
"7114","λόγον","O"
"7115",",","O"
"7116","ὅτι","O"
"7117","καὶ","O"
"7118","διὰ","O"
"7119","τὴν","O"
"7120","πόλιν","O"
"7121","αὐτὴν","O"
"7122","σπουδαστέον","O"
"7123","περὶ","O"
"7124","τὸν","O"
"7125","ἀγῶνα","O"
"7126",".","O"
"7127","σύμμετρος","O"
"7128","δὲ","O"
"7129","γινέσθω","O"
"7130","ὁ","O"
"7131","ἔπαινος","O"
"7132",",","O"
"7133","ἐπειδὴ","O"
"7134","οὐ","O"
"7135","περὶ","O"
"7136","αὐτοῦ","O"
"7137","νῦν","O"
"7138","πρόκειται","O"
"7139",".","O"
"7140","ἀφορμαὶ","O"
"7141","δὲ","O"
"7142","εἰς","O"
"7143","τοῦτο","O"
"7144","ἔσονται","O"
"7145","δήπου","O"
"7146","ἱκαναὶ","O"
"7147","αἱ","O"
"7148","προειρημέναι","O"
"7149","ἐν","O"
"7150","ταῖς","O"
"7151","περὶ","O"
"7152","τοῦ","O"
"7153","πανηγυρικοῦ","O"
"7154","λόγου","O"
"7155","μεθόδοις","O"
"7156",".","O"
"7157","ὁμοίως","O"
"7158","δὲ","O"
"7159","καὶ","O"
"7160","περὶ","O"
"7161","αὐτῆς","O"
"7162","τῆς","O"
"7163","πανηγύρεως","O"
"7164","ἐρεῖς","O"
"7165","ἐφεξῆς","O"
"7166",",","O"
"7167","καὶ","O"
"7168","πόθεν","O"
"7169","ἤρξατο","O"
"7170",",","O"
"7171","καὶ","O"
"7172","τίς","O"
"7173","ὁ","O"
"7174","καταστήσας","O"
"7175",",","O"
"7176","καὶ","O"
"7177","τίνων","O"
"7178","θεῶν","O"
"7179","ἐπάγεται","O"
"7180",",","O"
"7181","καὶ","O"
"7182","τίς","O"
"7183","ὁ","O"
"7184","ἐπώνυμος","O"
"7185","αὐτῆς","O"
"7186","·","O"
"7187","καὶ","O"
"7188","ἔπαινος","O"
"7189","διὰ","O"
"7190","βραχέων","O"
"7191","ἀπὸ","O"
"7192","τῶν","O"
"7193","αὐτῶν","O"
"7194","ἀφορμῶν","O"
"7195","τῶν","O"
"7196","ἐκεῖ","O"
"7197","παραδεδομένων","O"
"7198",".","O"
"7199","ἀναγκαῖον","O"
"7200","δὲ","O"
"7201","ἐνταῦθα","O"
"7202","γενόμενον","O"
"7203","καὶ","O"
"7204","σύγκρισιν","O"
"7205","ποιήσασθαι","O"
"7206","πρὸς","O"
"7207","τοὺς","O"
"7208","ἄλλους","O"
"7209","ἀγῶνας","O"
"7210",".","O"
"7211","ἡ","O"
"7212","δὲ","O"
"7213","σύγκρισις","O"
"7214","ἔσται","O"
"7215","καὶ","O"
"7216","ἀπὸ","O"
"7217","τόπου","O"
"7218","τοῦ","O"
"7219","ἀγῶνος","O"
"7220",",","O"
"7221","οἷον","O"
"7222","ὅτι","O"
"7223","ἐνδοξότατος","O"
"7224",",","O"
"7225","καὶ","O"
"7226","ἀπὸ","O"
"7227","χρόνου","O"
"7228",",","O"
"7229","ὅτι","O"
"7230","ἀρχαιότατος","O"
"7231","·","O"
"7232","ἢ","O"
"7233","εἰ","O"
"7234","νέος","O"
"7235",",","O"
"7236","ὅτι","O"
"7237","ὅσον","O"
"7238","τῷ","O"
"7239","χρόνῳ","O"
"7240","ὑποδεῖ","O"
"7241",",","O"
"7242","τοσοῦτον","O"
"7243","τῇ","O"
"7244","δόξῃ","O"
"7245","προέχει","O"
"7246","·","O"
"7247","καὶ","O"
"7248","ὅτι","O"
"7249","εἰ","O"
"7250","νῦν","O"
"7251","περισπούδαστός","O"
"7252","ἐστι","O"
"7253",",","O"
"7254","πολλῷ","O"
"7255","περισπουδαστότερος","O"
"7256","ἔσται","O"
"7257","λαβὼν","O"
"7258","τὸν","O"
"7259","χρόνον","O"
"7260",".","O"
"7261","εἰ","O"
"7262","θεὸς","O"
"7263","εἴη","O"
"7264","ὁ","O"
"7265","ἐπώνυμος","O"
"7266",",","O"
"7267","τὰ","O"
"7268","προσόντα","O"
"7269","τῷ","O"
"7270","θεῷ","O"
"7271","·","O"
"7272","εἰ","O"
"7273","τῶν","O"
"7274","ἡρώων","O"
"7275","τις","O"
"7276",",","O"
"7277","ὁμοίως","O"
"7278","τὰς","O"
"7279","πράξεις","O"
"7280","·","O"
"7281","εἰ","O"
"7282","ἐπιτάφιος","O"
"7283",",","O"
"7284","ὅτι","O"
"7285","καὶ","O"
"7286","αὐτὸς","O"
"7287","διὰ","O"
"7288","τὴν","O"
"7289","ἀρετὴν","O"
"7290","τοῦ","O"
"7291","ἀγῶνος","O"
"7292","καὶ","O"
"7293","τῆς","O"
"7294","τούτου","O"
"7295","θέσεως","O"
"7296","ἠξιώθη","O"
"7297",".","O"
"7298","ἔτι","O"
"7299","καὶ","O"
"7300","τὴν","O"
"7301","πόλιν","O"
"7302","παραβαλεῖς","O"
"7303","πρὸς","O"
"7304","τὰς","O"
"7305","ἄλλας","O"
"7306",",","O"
"7307","ἀπὸ","O"
"7308","μεγέθους","O"
"7309",",","O"
"7310","ἀπὸ","O"
"7311","κάλλους","O"
"7312",",","O"
"7313","ἀπὸ","O"
"7314","οἰκιστοῦ","O"
"7315",",","O"
"7316","ἀπὸ","O"
"7317","οἰκειώματος","O"
"7318","·","O"
"7319","εἴρηται","O"
"7320","δὲ","O"
"7321","καὶ","O"
"7322","ταῦτα","O"
"7323","ἤδη","O"
"7324",".","O"
"7325","τούτων","O"
"7326","δὲ","O"
"7327","ῥηθέντων","O"
"7328","οἰκειότατα","O"
"7329","ἂν","O"
"7330","ἐπαχθείη","O"
"7331","ὁ","O"
"7332","πρὸς","O"
"7333","τοὺς","O"
"7334","ἀθλητὰς","O"
"7335","λόγος","O"
"7336","κατὰ","O"
"7337","τὸν","O"
"7338","Θουκυδίδην","PERSON"
"7339","·","O"
"7340","Περὶ","O"
"7341","τοιαύτης","O"
"7342","οὖν","O"
"7343","πόλεως","O"
"7344","καὶ","O"
"7345","τοιούτου","O"
"7346","ἀγῶνος","O"
"7347","πολλοὶ","O"
"7348","μὲν","O"
"7349","καὶ","O"
"7350","ἄλλοι","O"
"7351","καὶ","O"
"7352","πάλαι","O"
"7353","ἐφιλοτιμήσαντο","O"
"7354","καὶ","O"
"7355","ἐσπούδασαν","O"
"7356","νικηφόροι","O"
"7357","γενέσθαι","O"
"7358",".","O"
"7359","Ἐπειδὴ","O"
"7360","δὲ","O"
"7361","διάφορα","O"
"7362","τὰ","O"
"7363","πρόσωπα","O"
"7364",",","O"
"7365","τὰ","O"
"7366","μὲν","O"
"7367","ἔνδοξα","O"
"7368",",","O"
"7369","τὰ","O"
"7370","δὲ","O"
"7371","ἧττον","O"
"7372",",","O"
"7373","καὶ","O"
"7374","τὰ","O"
"7375","μὲν","O"
"7376","ἀπὸ","O"
"7377","στεφάνων","O"
"7378","πολλῶν","O"
"7379",",","O"
"7380","τὰ","O"
"7381","δὲ","O"
"7382","νῦν","O"
"7383","πρῶτον","O"
"7384","ἀρχόμενα","O"
"7385",",","O"
"7386","πειρασόμεθα","O"
"7387","ἕκαστον","O"
"7388","ἀπὸ","O"
"7389","τῶν","O"
"7390","οἰκείων","O"
"7391","καὶ","O"
"7392","προσφόρων","O"
"7393","προτρέψασθαι","O"
"7394","·","O"
"7395","οἷον","O"
"7396","τοὺς","O"
"7397","μὲν","O"
"7398","πολλοὺς","O"
"7399","ἔχοντας","O"
"7400","στεφάνους","O"
"7401",",","O"
"7402","ὅτι","O"
"7403","καλόν","O"
"7404",",","O"
"7405","μὴ","O"
"7406","ὅπως","O"
"7407","καταισχῦναι","O"
"7408","τούτους","O"
"7409",",","O"
"7410","ἀλλὰ","O"
"7411","καὶ","O"
"7412","προσθεῖναι","O"
"7413","καὶ","O"
"7414","πλείους","O"
"7415","ἀποφῆναι","O"
"7416","·","O"
"7417","συναύξεται","O"
"7418","γὰρ","O"
"7419","τοῖς","O"
"7420","στεφάνοις","O"
"7421","καὶ","O"
"7422","ἡ","O"
"7423","δόξα","O"
"7424",".","O"
"7425","τοὺς","O"
"7426","δὲ","O"
"7427","ὀλὶγους","O"
"7428",",","O"
"7429","ὅτι","O"
"7430","δεῖ","O"
"7431","μὴ","O"
"7432","τούτοις","O"
"7433","ἀρκεῖσθαι","O"
"7434",",","O"
"7435","ἀλλὰ","O"
"7436","καὶ","O"
"7437","βεβαιώσασθαι","O"
"7438","τούτους","O"
"7439","ὅτι","O"
"7440","καὶ","O"
"7441","μετὰ","O"
"7442","τῆς","O"
"7443","ἀληθεὶας","O"
"7444","καὶ","O"
"7445","προῖκα","O"
"7446",",","O"
"7447","τῷ","O"
"7448","ἐπαγωνίσασθαι","O"
"7449","καὶ","O"
"7450","προσλαβεῖν","O"
"7451","ἑτέρους","O"
"7452",".","O"
"7453","τοὺς","O"
"7454","δὲ","O"
"7455","νῦν","O"
"7456","πρῶτον","O"
"7457","ἀρξομένους","O"
"7458","·","O"
"7459","ἀρχὴ","O"
"7460","δέ","O"
"7461","τοι","O"
"7462","ἥμισυ","O"
"7463","παντός","O"
"7464",".","O"
"7465","καὶ","O"
"7466","τοῖς","O"
"7467","ἡττημένοις","O"
"7468","πρότερον","O"
"7469","καλὸν","O"
"7470","ἀναμάχεσθαι","O"
"7471",",","O"
"7472","ἵνα","O"
"7473","μὴ","O"
"7474","καὶ","O"
"7475","ψυχῇ","O"
"7476","καὶ","O"
"7477","σώματι","O"
"7478",",","O"
"7479","ἀλλὰ","O"
"7480","τύχῃ","O"
"7481","μᾶλλον","O"
"7482","δοκῶσιν","O"
"7483","τῇ","O"
"7484","ἥττῃ","O"
"7485","κεχρῆσθαι","O"
"7486",".","O"
"7487","εἶτα","O"
"7488","συμπροτρέψεις","O"
"7489","τοὺς","O"
"7490","μὲν","O"
"7491","κατὰ","O"
"7492","τὸ","O"
"7493","αἰσχρόν","O"
"7494",",","O"
"7495","τοὺς","O"
"7496","δὲ","O"
"7497","κατὰ","O"
"7498","τὸ","O"
"7499","καλόν","O"
"7500",",","O"
"7501","ὅτι","O"
"7502","τοῖς","O"
"7503","μὲν","O"
"7504","πολλοὺς","O"
"7505","ἔχουσι","O"
"7506","καὶ","O"
"7507","προνενικηκόσιν","O"
"7508","αἰσχρὸν","O"
"7509","τὸ","O"
"7510","ἡττηθῆναι","O"
"7511","τῶν","O"
"7512","μήπω","O"
"7513","νενικηκότων","O"
"7514",",","O"
"7515","τοῖς","O"
"7516","δὲ","O"
"7517","ἄλλοις","O"
"7518","ἔντιμον","O"
"7519","καὶ","O"
"7520","οὐδὲ","O"
"7521","ὑπερβολὴν","O"
"7522","εἰς","O"
"7523","δόξης","O"
"7524","λόγον","O"
"7525","ἔχον","O"
"7526","τὸ","O"
"7527","τοὺς","O"
"7528","νενικηκότας","O"
"7529","κρατῆσαι","O"
"7530","καὶ","O"
"7531","δι","O"
"7532","ἑνὸς","O"
"7533","στεφάνου","O"
"7534","προσλαβεῖν","O"
"7535","τὴν","O"
"7536","τούτων","O"
"7537","δόξαν","O"
"7538",".","O"
"7539","εἶτα","O"
"7540","πειραφραίνει","O"
"7541",",","O"
"7542","σόμεθα","O"
"7543","ἀναιρεῖν","O"
"7544",",","O"
"7545","δι","O"
"7546","ἃ","O"
"7547","ἐπὶ","O"
"7548","τὸ","O"
"7549","διαφθείρεσθαί","O"
"7550","τινες","O"
"7551","τρέπονται","O"
"7552",",","O"
"7553","τῷ","O"
"7554","αἰσχρῷ","O"
"7555","καὶ","O"
"7556","ἀδόξῳ","O"
"7557",",","O"
"7558","ὅτι","O"
"7559","αἰσχρὸν","O"
"7560","χρημάτων","O"
"7561","προἕσθαι","O"
"7562","τὴν","O"
"7563","νίκην","O"
"7564",",","O"
"7565","κατὰ","O"
"7566","ἀμφότερα","O"
"7567","τὰ","O"
"7568","πρόσωπα","O"
"7569","τὸ","O"
"7570","αἰσχρὸν","O"
"7571","προσάπτοντες","O"
"7572",",","O"
"7573","καὶ","O"
"7574","κατὰ","O"
"7575","τὸ","O"
"7576","τῶν","O"
"7577","διδόντων","O"
"7578","καὶ","O"
"7579","κατὰ","O"
"7580","τὸ","O"
"7581","τῶν","O"
"7582","λαμβανόντων","O"
"7583",",","O"
"7584","ὅτι","O"
"7585","οἳ","O"
"7586","μὲν","O"
"7587","χρήματα","O"
"7588","ἀντὶ","O"
"7589","δόξης","O"
"7590","ἀνταλλάσσονται","O"
"7591","·","O"
"7592","ἐν","O"
"7593","ᾧ","O"
"7594","οἷα","O"
"7595","μὲν","O"
"7596","τὰ","O"
"7597","χρήματα","O"
"7598",",","O"
"7599","οἵα","O"
"7600","δὲ","O"
"7601","ἡ","O"
"7602","δόξα","O"
"7603","·","O"
"7604","τὰ","O"
"7605","μὲν","O"
"7606","πρόσκαιρα","O"
"7607",",","O"
"7608","ἣ","O"
"7609","δὲ","O"
"7610","ἀθάνατος","O"
"7611","·","O"
"7612","καὶ","O"
"7613","τὰ","O"
"7614","μὲν","O"
"7615","τύχη","O"
"7616","καὶ","O"
"7617","χρόνος","O"
"7618","καὶ","O"
"7619","πόλεμος","O"
"7620","ἀφεῖλεν","O"
"7621",",","O"
"7622","ἣ","O"
"7623","δὲ","O"
"7624","ἀναφαίρετος","O"
"7625","ὑπὸ","O"
"7626","τούτων","O"
"7627","·","O"
"7628","καὶ","O"
"7629","τὰ","O"
"7630","μὲν","O"
"7631","ζῶντας","O"
"7632","εὐφραίνει","O"
"7633",",","O"
"7634","ἣ","O"
"7635","δὲ","O"
"7636","μετὰ","O"
"7637","τὴν","O"
"7638","τελευτὴν","O"
"7639","ζηλωτοὺς","O"
"7640","ἀποφαίνει","O"
"7641","·","O"
"7642","καὶ","O"
"7643","τὰ","O"
"7644","μὲν","O"
"7645","καὶ","O"
"7646","ἀπὸ","O"
"7647","κακίας","O"
"7648","περιγίνεται","O"
"7649",",","O"
"7650","ἣ","O"
"7651","δὲ","O"
"7652","ἀπὸ","O"
"7653","ἀρετῆς","O"
"7654","καὶ","O"
"7655","ἀνδραγαθίας","O"
"7656",".","O"
"7657","ἔπειτα","O"
"7658","καὶ","O"
"7659","οἱ","O"
"7660","δόντες","O"
"7661","τῷ","O"
"7662","μὲν","O"
"7663","δοκεῖν","O"
"7664","νενικήκασιν","O"
"7665",",","O"
"7666","τῇ","O"
"7667","δ","O"
"7668","ἀληθείᾳ","O"
"7669","ἐώνηνται","O"
"7670","τὴν","O"
"7671","νίκην","O"
"7672","·","O"
"7673","καὶ","O"
"7674","ὅτι","O"
"7675","οὐ","O"
"7676","δόξαν","O"
"7677","κτῶνται","O"
"7678",",","O"
"7679","ἀλλ","O"
"7680","αἰσχύνην","O"
"7681",",","O"
"7682","τὸ","O"
"7683","γὰρ","O"
"7684","μὴ","O"
"7685","μετὰ","O"
"7686","ἀληθείας","O"
"7687","κρατῆσαι","O"
"7688","πρὸς","O"
"7689","αἰσχύνην","O"
"7690","μᾶλλον","O"
"7691","τῷ","O"
"7692","κρατήσαντι","O"
"7693","ἢ","O"
"7694","δόξαν","O"
"7695","·","O"
"7696","καὶ","O"
"7697","ὅτι","O"
"7698","εἰ","O"
"7699","καὶ","O"
"7700","λανθάνοιεν","O"
"7701","τοὺς","O"
"7702","ἄλλους","O"
"7703",",","O"
"7704","ἀλλ","O"
"7705","ἑαυτοῖς","O"
"7706","συνίσασιν","O"
"7707",",","O"
"7708","καὶ","O"
"7709","παρὰ","O"
"7710","τοῖς","O"
"7711","ἄλλοις","O"
"7712","μὲν","O"
"7713","δοκοῦσι","O"
"7714","κρατεῖν","O"
"7715",",","O"
"7716","παρὰ","O"
"7717","δὲ","O"
"7718","ἑαυτοῖς","O"
"7719","ἥττηνται","O"
"7720","·","O"
"7721","καὶ","O"
"7722","ὅτι","O"
"7723","οὐδὲ","O"
"7724","ἡδονὴ","O"
"7725","ἐπὶ","O"
"7726","τῆς","O"
"7727","τοιαύτης","O"
"7728","νίκης","O"
"7729","·","O"
"7730","καὶ","O"
"7731","ὅτι","O"
"7732","ὁ","O"
"7733","τῆς","O"
"7734","αἰσχύνης","O"
"7735","ἔλεγχος","O"
"7736","ἀεὶ","O"
"7737","συμπάρεστιν","O"
"7738","αὐτοῖς","O"
"7739","τῆς","O"
"7740","ἐπονειδίστου","O"
"7741","νίκης","O"
"7742",".","O"
"7743","καὶ","O"
"7744","ὅτι","O"
"7745","χείρους","O"
"7746","τῶν","O"
"7747","προδοτῶν","O"
"7748","·","O"
"7749","ἐκεῖνοι","O"
"7750","μὲν","O"
"7751","γὰρ","O"
"7752","τοὺς","O"
"7753","ἄλλους","O"
"7754","πωλοῦσιν","O"
"7755",",","O"
"7756","οὗτοι","O"
"7757","δὲ","O"
"7758","καὶ","O"
"7759","ἑαυτούς","O"
"7760","·","O"
"7761","καὶ","O"
"7762","ὅμοιοι","O"
"7763","τοῖς","O"
"7764","πόρνοις","O"
"7765","εἰσὶν","O"
"7766","ἐπὶ","O"
"7767","τοῖς","O"
"7768","σώμασιν","O"
"7769","τοῖς","O"
"7770","ἑαυτῶν","O"
"7771","λαμβάνοντες","O"
"7772","·","O"
"7773","κἀκεῖνοι","O"
"7774","μὲν","O"
"7775","ἴσως","O"
"7776","καὶ","O"
"7777","δι","O"
"7778","ἡλικίαν","O"
"7779","ἐξαπατηθέντες","O"
"7780",",","O"
"7781","οὗτοι","O"
"7782","δὲ","O"
"7783","δι","O"
"7784","αἰσχροκέρδειαν","O"
"7785","ἑαυτοὺς","O"
"7786","ἐκδόντες","O"
"7787",".","O"
"7788","εἶτα","O"
"7789","ὅτι","O"
"7790","οὐδὲ","O"
"7791","λανθάνουσιν","O"
"7792","·","O"
"7793","ῥᾳδίως","O"
"7794","γὰρ","O"
"7795","ὁρῶνται","O"
"7796","καὶ","O"
"7797","ἐκ","O"
"7798","τῶν","O"
"7799","σωμάτων","O"
"7800","καὶ","O"
"7801","ἐκ","O"
"7802","τῶν","O"
"7803","γυμνασιῶν","O"
"7804","καὶ","O"
"7805","ἐκ","O"
"7806","τῶν","O"
"7807","προγεγενημένων","O"
"7808","ἀγώνων","O"
"7809",".","O"
"7810","ἐν","O"
"7811","ᾧ","O"
"7812","·","O"
"7813","τίνα","O"
"7814","τὰ","O"
"7815","ἐπὶ","O"
"7816","τούτοις","O"
"7817",";","O"
"7818","μάστιγες","O"
"7819",",","O"
"7820","ὕβρεις","O"
"7821",",","O"
"7822","αἰκίαι","O"
"7823","σωμάτων","O"
"7824",",","O"
"7825","ἃ","O"
"7826","δούλων","O"
"7827","καὶ","O"
"7828","οὐκ","O"
"7829","ἐλευθέρων·.","O"
"7830","τὸ","O"
"7831","παρὰ","O"
"7832","τοῖς","O"
"7833","θεαταῖς","O"
"7834","βλασφημεῖσθαι","O"
"7835","ἀντὶ","O"
"7836","τοῦ","O"
"7837","ἐπαινεῖσθαι","O"
"7838","κροτεῖσθαι","O"
"7839","στεφανοῦσθαι","O"
"7840","·","O"
"7841","ἐνίοτε","O"
"7842","δὲ","O"
"7843","καὶ","O"
"7844","ζημία","O"
"7845","καὶ","O"
"7846","τὸ","O"
"7847","ἐκβάλλεσθαι","O"
"7848","καὶ","O"
"7849","ἐκ","O"
"7850","τῶν","O"
"7851","σταδίων","O"
"7852","καὶ","O"
"7853","ἀγώνων","O"
"7854",",","O"
"7855","μέγιστον","O"
"7856","δὲ","O"
"7857","ἐπ","O"
"7858","ἐλευθερίᾳ","O"
"7859","φρονοῦντας","O"
"7860","εἰς","O"
"7861","τὰς","O"
"7862","τῶν","O"
"7863","δούλων","O"
"7864","τιμωρίας","O"
"7865","περιορᾶν","O"
"7866","αὑτοὺς","O"
"7867","ἐμπίπτοντας","O"
"7868",".","O"
"7869","καὶ","O"
"7870","ἂν","O"
"7871","μὲν","O"
"7872","δοῦλον","O"
"7873","αἰσθάνωνταί","O"
"7874","τινα","O"
"7875","τῶν","O"
"7876","ἀγωνιζομένων","O"
"7877","εἶναι","O"
"7878",",","O"
"7879","κατηγορεῖν","O"
"7880","αὐτοῦ","O"
"7881","καὶ","O"
"7882","ὡς","O"
"7883","ἀνάξιον","O"
"7884","τοῦ","O"
"7885","ἀγῶνος","O"
"7886","ἐκκρίνειν","O"
"7887","·","O"
"7888","αὐτοὺς","O"
"7889","δὲ","O"
"7890","τὰς","O"
"7891","παρὰ","O"
"7892","τῶν","O"
"7893","ἀθλοθετῶν","O"
"7894","ψήφους","O"
"7895","τῆς","O"
"7896","ἐλευθερίας","O"
"7897","λαμβάνοντας","O"
"7898","τὴν","O"
"7899","τῆς","O"
"7900","δουλείας","O"
"7901","καθ","O"
"7902","ἑαυτῶν","O"
"7903","φέρειν","O"
"7904",".","O"
"7905","Ἐν","O"
"7906","δὲ","O"
"7907","τούτῳ","O"
"7908","τῷ","O"
"7909","τόπῳ","O"
"7910","γενομένους","O"
"7911","ἀναγκαῖον","O"
"7912","καὶ","O"
"7913","τῶν","O"
"7914","ἀρχαίων","O"
"7915","μνημονεύειν","O"
"7916","καὶ","O"
"7917","παραδείγματα","O"
"7918","φέρειν","O"
"7919",",","O"
"7920","ὅσοι","O"
"7921","ἔνδοξοι","O"
"7922","·","O"
"7923","οἳ","O"
"7924","μὲν","O"
"7925","ὅτι","O"
"7926","ἀήττητοι","O"
"7927",",","O"
"7928","οἳ","O"
"7929","δὲ","O"
"7930","ὅτι","O"
"7931","πλείστας","O"
"7932","νίκας","O"
"7933","ἤραντο","O"
"7934",",","O"
"7935","οἳ","O"
"7936","δὲ","O"
"7937","ὅτι","O"
"7938","εἰ","O"
"7939","καὶ","O"
"7940","ὀλίγας","O"
"7941",",","O"
"7942","ἀλλὰ","O"
"7943","τὰς","O"
"7944","ἐνδοξοτάτας","O"
"7945",",","O"
"7946","καὶ","O"
"7947","ὅτι","O"
"7948","πάσας","O"
"7949","προῖκα","O"
"7950",",","O"
"7951","καὶ","O"
"7952","ὅτι","O"
"7953","ἀπὸ","O"
"7954","σωφροσύνης","O"
"7955",",","O"
"7956","ἀπὸ","O"
"7957","ἐγκρατείας","O"
"7958",",","O"
"7959","ἀπὸ","O"
"7960","τῆς","O"
"7961","ἀσκήσεως","O"
"7962","τοιοῦτοι","O"
"7963","ἐγένοντο","O"
"7964","·","O"
"7965","καὶ","O"
"7966","ὅ","O"
"7967","τι","O"
"7968","αὐτοῖς","O"
"7969","τοιοῦτον","O"
"7970","συνέβη","O"
"7971","·","O"
"7972","ὅτι","O"
"7973","πολλοὶ","O"
"7974","καὶ","O"
"7975","ἰσόθεοι","O"
"7976","ἐνομίσθησαν","O"
"7977",",","O"
"7978","οἳ","O"
"7979","δὲ","O"
"7980","καὶ","O"
"7981","ὡς","O"
"7982","θεοὶ","O"
"7983","τιμῶνται","O"
"7984","τῶν","O"
"7985","πάλαι","O"
"7986",".","O"
"7987","Περὶ","O"
"7988","ἐσχηματισμένων","O"
"7989","ᾱ̄","O"
"7990","Ἀγῶνας","O"
"7991","ἐσχηματισμένους","O"
"7992","παντάπασιν","O"
"7993","οὔ","O"
"7994","φασιν","O"
"7995","εἶναι","O"
"7996","τινές","O"
"7997",",","O"
"7998","ἀλλὰ","O"
"7999","μέρη","O"
"8000","μὲν","O"
"8001","ἀγώνων","O"
"8002","ἐσχηματίσθαι","O"
"8003","συνομολογοῦσιν","O"
"8004",",","O"
"8005","τὸ","O"
"8006","δὲ","O"
"8007","ὅλας","O"
"8008","ὑποθέσεις","O"
"8009","διὰ","O"
"8010","τούτου","O"
"8011","τοῦ","O"
"8012","τρόπου","O"
"8013","τῶν","O"
"8014","λόγων","O"
"8015","περαίνεσθαι","O"
"8016","οὐχ","O"
"8017","οἷόν","O"
"8018","τε","O"
"8019","εἶναι","O"
"8020","φασί","O"
"8021","μὴ","O"
"8022","γὰρ","O"
"8023","δυνατὸν","O"
"8024","εἶναι","O"
"8025","μὴ","O"
"8026","σαφῶς","O"
"8027","ἀκούοντας","O"
"8028","τοὺς","O"
"8029","ἀκροωμένους","O"
"8030","συνἱέναι","O"
"8031","περὶ","O"
"8032","οὗ","O"
"8033","ὁ","O"
"8034","λόγος","O"
"8035","ἐστίν","O"
"8036",",","O"
"8037","οὐδὲ","O"
"8038","τοὺς","O"
"8039","παλαιοὺς","O"
"8040","κεχρῆσθαι","O"
"8041","τῷ","O"
"8042","τοιούτῳ","O"
"8043","εἴδει","O"
"8044","τῶν","O"
"8045","λόγων","O"
"8046","καὶ","O"
"8047","τῶν","O"
"8048","ἀγώνων","O"
"8049",".","O"
"8050","ἡμεῖς","O"
"8051","δὲ","O"
"8052","καὶ","O"
"8053","ὅσοι","O"
"8054","τρόποι","O"
"8055","τῶν","O"
"8056","ἐσχηματισμένων","O"
"8057","ἀγώνων","O"
"8058",",","O"
"8059","φράσομεν","O"
"8060",",","O"
"8061","καὶ","O"
"8062","τῆς","O"
"8063","μεταχειρίσεως","O"
"8064","αὖ","O"
"8065","τὴν","O"
"8066","μέθοδον","O"
"8067","δηλώσομεν","O"
"8068",",","O"
"8069","αὐτοὺς","O"
"8070","τοὺς","O"
"8071","παλαιούς","O"
"8072","οὓς","O"
"8073","οὔ","O"
"8074","φασί","O"
"8075","τινες","O"
"8076","κεχρῆσθαι","O"
"8077","τῷ","O"
"8078","τρόπῳ","O"
"8079","τῶν","O"
"8080","λόγων","O"
"8081",",","O"
"8082","μαρτυρόμενοι","O"
"8083",".","O"
"8084","Ἐστι","O"
"8085","γὰρ","O"
"8086","τῶν","O"
"8087","καλουμένων","O"
"8088","σχημάτων","O"
"8089","εἴδη","O"
"8090","γ̄","O"
"8091","·","O"
"8092","τὸ","O"
"8093","μέν","O"
"8094","ἐστι","O"
"8095","σχῆμα","O"
"8096","λέγον","O"
"8097","μὲν","O"
"8098","ἃ","O"
"8099","βούλεται","O"
"8100",",","O"
"8101","δεόμενον","O"
"8102","δὲ","O"
"8103","εὐπρεπείας","O"
"8104","ἢ","O"
"8105","δι","O"
"8106","ἀξίωσιν","O"
"8107","τῶν","O"
"8108","προσώπων","O"
"8109",",","O"
"8110","πρὸς","O"
"8111","οὓς","O"
"8112","ὁ","O"
"8113","λόγος","O"
"8114",",","O"
"8115","ἢ","O"
"8116","δι","O"
"8117","ἀσφάλειαν","O"
"8118","πρὸς","O"
"8119","τοὺς","O"
"8120","ἀκούοντας","O"
"8121",".","O"
"8122","καὶ","O"
"8123","τούτῳ","O"
"8124","μὲν","O"
"8125","τῷ","O"
"8126","εἴδει","O"
"8127","οὐκ","O"
"8128","ἀντιλέγουσιν","O"
"8129","οἱ","O"
"8130","ῥητορικοί","O"
"8131",",","O"
"8132","ἀλλὰ","O"
"8133","καλοῦσιν","O"
"8134","αὐτὸ","O"
"8135","χρῶμα","O"
"8136",".","O"
"8137","τοὺς","O"
"8138","γὰρ","O"
"8139","εὐπροσώπους","O"
"8140","λόγους","O"
"8141",",","O"
"8142","οὐκ","O"
"8143","οἶδα","O"
"8144","ὁπόθεν","O"
"8145","ὁρμηθέντες","O"
"8146",",","O"
"8147","οὕτως","O"
"8148","ὀνομάζουσιν","O"
"8149",",","O"
"8150","ὅταν","O"
"8151","ἢ","O"
"8152","πρὸς","O"
"8153","πατρίδα","O"
"8154","τις","O"
"8155","διαλέγηται","O"
"8156","ἢ","O"
"8157","πρὸς","O"
"8158","ἀριστέα","O"
"8159","ἢ","O"
"8160","πρὸς","O"
"8161","στρατηγὸν","O"
"8162","ἢ","O"
"8163","πρὸς","O"
"8164","ἀρχήν","O"
"8165","τινα","O"
"8166","ἢ","O"
"8167","πρὸς","O"
"8168","ὅλην","O"
"8169","πόλιν","O"
"8170",".","O"
"8171","τὸ","O"
"8172","δέ","O"
"8173","τι","O"
"8174","σχῆμά","O"
"8175","ἐστι","O"
"8176","πλαγίως","O"
"8177","ἕτερα","O"
"8178","μὲν","O"
"8179","λέγον","O"
"8180",",","O"
"8181","ἕτερα","O"
"8182","δὲ","O"
"8183","ἐργαζόμενον","O"
"8184","ἐν","O"
"8185","λόγοις","O"
"8186",".","O"
"8187","τρίτον","O"
"8188","σχῆμά","O"
"8189","ἐστι","O"
"8190","τὸ","O"
"8191","οἷς","O"
"8192","λέγει","O"
"8193","τὰ","O"
"8194","ἐναντία","O"
"8195","πραχθῆναι","O"
"8196","πραγματευόμενον","O"
"8197",".","O"
"8198","Τοῦ","O"
"8199","μὲν","O"
"8200","οὖν","O"
"8201","καλουμένου","O"
"8202","ὑπὸ","O"
"8203","τῶν","O"
"8204","πολλῶν","O"
"8205","χρώματος","O"
"8206","οὔτε","O"
"8207","ἀποκεκρυμμένη","O"
"8208","οὔτε","O"
"8209","χαλεπὴ","O"
"8210","ἡ","O"
"8211","μέθοδος","O"
"8212",".","O"
"8213","ἐπιείκεια","O"
"8214","γὰρ","O"
"8215","προστεθεῖσα","O"
"8216","τοῖς","O"
"8217","λόγοις","O"
"8218","καὶ","O"
"8219","τὸ","O"
"8220","ὑποστέλλεσθαι","O"
"8221","τῇ","O"
"8222","παρρησίᾳ","O"
"8223",",","O"
"8224","αὐτό","O"
"8225","τε","O"
"8226","τοῦτο","O"
"8227","τὸ","O"
"8228","αἰδεῖσθαι","O"
"8229","προσποιεῖσθαι","O"
"8230","καὶ","O"
"8231","τὸ","O"
"8232","ὁμολογεῖν","O"
"8233","μὴ","O"
"8234","βούλεσθαι","O"
"8235","τολμηρῶς","O"
"8236","μηδὲ","O"
"8237","ἀποκεκαλυμμένως","O"
"8238","λέγειν","O"
"8239","ἡ","O"
"8240","μέθοδός","O"
"8241","ἐστι","O"
"8242","τῶν","O"
"8243","τοιούτων","O"
"8244","λόγων","O"
"8245",".","O"
"8246","μεγίστη","O"
"8247","δὲ","O"
"8248","καὶ","O"
"8249","βαθυτάτη","O"
"8250","ἐν","O"
"8251","τούτοις","O"
"8252","τοῖς","O"
"8253","λόγοις","O"
"8254","μέθοδος","O"
"8255",",","O"
"8256","τὸ","O"
"8257","ἑτέρας","O"
"8258","αἰτίας","O"
"8259","ὑπο","O"
"8260","βαλέσθαι","O"
"8261","εὐσχήμονας","O"
"8262","πρὸ","O"
"8263","τῶν","O"
"8264","λυπούντων","O"
"8265","λόγων","O"
"8266",".","O"
"8267","Οἱ","O"
"8268","δὲ","O"
"8269","ἕτερα","O"
"8270","μὲν","O"
"8271","λέγοντες","O"
"8272",",","O"
"8273","ἕτερα","O"
"8274","δὲ","O"
"8275","βουλόμενοι","O"
"8276","τίνι","O"
"8277","μεἀκροωμένοις","O"
"8278","·","O"
"8279","ἃ","O"
"8280","δὲ","O"
"8281","βούλονται","O"
"8282","πεῖσαι","O"
"8283",",","O"
"8284","τοῖς","O"
"8285","προταθεῖσι","O"
"8286","συγκατασκευάζουσι","O"
"8287",".","O"
"8288","καὶ","O"
"8289","τρόπον","O"
"8290","τινὰ","O"
"8291","διπλοῦν","O"
"8292","ἀγῶνα","O"
"8293","ἀγωνίζονται","O"
"8294","·","O"
"8295","τῷ","O"
"8296","μὲν","O"
"8297","γὰρ","O"
"8298","λόγῳ","O"
"8299","τὸ","O"
"8300","κοινὸν","O"
"8301","προτείνουσιν","O"
"8302",",","O"
"8303","τέχνῃ","O"
"8304","δὲ","O"
"8305","οὗ","O"
"8306","τὴν","O"
"8307","χρείαν","O"
"8308","ἔχουσιν","O"
"8309",".","O"
"8310","Ὁ","O"
"8311","δὲ","O"
"8312","οἷς","O"
"8313","λέγει","O"
"8314","τὰ","O"
"8315","ἐναντία","O"
"8316","βουλόμενος","O"
"8317","λόγος","O"
"8318",",","O"
"8319","ἀκοῦσαι","O"
"8320","οὑτωσί","O"
"8321",",","O"
"8322","ἄτοπόν","O"
"8323","τινα","O"
"8324","τὴν","O"
"8325","μέθοδον","O"
"8326","ἔχειν","O"
"8327","δόξει","O"
"8328","·","O"
"8329","δεῖ","O"
"8330","γὰρ","O"
"8331","εἰς","O"
"8332","ἐναντιώσεις","O"
"8333","ὑποπίπτοντα","O"
"8334","φαίνεσθαι","O"
"8335","τοῖς","O"
"8336","ἀκούουσιν","O"
"8337","·","O"
"8338","καὶ","O"
"8339","ἐν","O"
"8340","τούτῳ","O"
"8341","τῷ","O"
"8342","εἴδει","O"
"8343","τὸ","O"
"8344","καινότατον","O"
"8345","δὴ","O"
"8346","φαίνεται","O"
"8347","τέχνη","O"
"8348","ῥήτορος","O"
"8349","οὖσα","O"
"8350","τὸ","O"
"8351","ἐναντία","O"
"8352","λέγειν","O"
"8353",".","O"
"8354","τίς","O"
"8355","ὁ","O"
"8356","λόγος","O"
"8357",";","O"
"8358","βραχὺς","O"
"8359","καὶ","O"
"8360","σαφής","O"
"8361",".","O"
"8362","ὥςπερ","O"
"8363","γὰρ","O"
"8364","ἐν","O"
"8365","τοῖς","O"
"8366","ἁπλοῖς","O"
"8367","τῶν","O"
"8368","ἀγώνων","O"
"8369","φέλειαν","O"
"8370","ἔχει","O"
"8371","τὸ","O"
"8372","μὴ","O"
"8373","δοκεῖν","O"
"8374","ἐναντία","O"
"8375","λέγειν","O"
"8376",",","O"
"8377","οὕτως","O"
"8378","ἐνταῦθα","O"
"8379","κέρδος","O"
"8380","αἱ","O"
"8381","ἐναντιώσεις","O"
"8382","ἔχουσιν","O"
"8383",",","O"
"8384","τὸ","O"
"8385","δὲ","O"
"8386","μὴ","O"
"8387","ἐναντία","O"
"8388","λέγειν","O"
"8389","ζημίαν","O"
"8390",".","O"
"8391","καὶ","O"
"8392","πάνυ","O"
"8393","δικαίως","O"
"8394","·","O"
"8395","εἰ","O"
"8396","γὰρ","O"
"8397","οἷς","O"
"8398","λέγει","O"
"8399","τις","O"
"8400","τὰ","O"
"8401","ἐναντία","O"
"8402","βούλεται","O"
"8403",",","O"
"8404","ἂν","O"
"8405","ἃ","O"
"8406","λέγῃ","O"
"8407","πείσῃ","O"
"8408",",","O"
"8409","τὰ","O"
"8410","ἐναντία","O"
"8411","πράξει","O"
"8412","·","O"
"8413","ἂν","O"
"8414","δὲ","O"
"8415","ἃ","O"
"8416","βούληται","O"
"8417","κατεργάζηται","O"
"8418",",","O"
"8419","τὰ","O"
"8420","ἐναντία","O"
"8421","οἷς","O"
"8422","λέγει","O"
"8423","πείθειν","O"
"8424","δόξει","O"
"8425",".","O"
"8426","μέθοδος","O"
"8427","δὲ","O"
"8428","τούτων","O"
"8429","τίς","O"
"8430",";","O"
"8431","ὥςπερ","O"
"8432","ἐν","O"
"8433","τοῖς","O"
"8434","ἁπλοῖς","O"
"8435","ἀγῶσι","O"
"8436",",","O"
"8437","οὕτως","O"
"8438","ἐν","O"
"8439","τοῖς","O"
"8440","τοιούτοις","O"
"8441","ἀγῶσι","O"
"8442","τὰς","O"
"8443","προτάσεις","O"
"8444","τὰς","O"
"8445","οἰκείας","O"
"8446","ἀσθενεῖς","O"
"8447","εἶναι","O"
"8448","δεῖ","O"
"8449",",","O"
"8450","τὰς","O"
"8451","δὲ","O"
"8452","τοῦ","O"
"8453","ἀντιδίκου","O"
"8454","ἰσχυράς","O"
"8455",",","O"
"8456","καὶ","O"
"8457","τὰ","O"
"8458","μὲν","O"
"8459","παρ","O"
"8460","αὑτοῦ","O"
"8461","εὐδιάλυτα","O"
"8462","προβάλλεσθαι","O"
"8463",",","O"
"8464","τὰ","O"
"8465","δὲ","O"
"8466","παρὰ","O"
"8467","τοῦ","O"
"8468","ἐναντιουμένου","O"
"8469","δυσκαταγώνιστα","O"
"8470","·","O"
"8471","αὕτη","O"
"8472","μία","O"
"8473","μέθοδος","O"
"8474",".","O"
"8475","δευτέρα","O"
"8476","δέ","O"
"8477","·","O"
"8478","ὥςπερ","O"
"8479","ἐν","O"
"8480","τοῖς","O"
"8481","ἁπλοῖς","O"
"8482","ἀγῶσιν","O"
"8483","οὐ","O"
"8484","χρὴ","O"
"8485","στρεφόμενα","O"
"8486","λέγειν","O"
"8487","οὐδ","O"
"8488","οἷς","O"
"8489","ἂν","O"
"8490","καὶ","O"
"8491","ὁ","O"
"8492","ἀντίδικος","O"
"8493","χρήσαιτο","O"
"8494",",","O"
"8495","οὕτως","O"
"8496","ἐν","O"
"8497","τοῖς","O"
"8498","τοιούτοις","O"
"8499","τῶν","O"
"8500","ἀγώνων","O"
"8501","τοιαῦτα","O"
"8502","λέγειν","O"
"8503","δεῖ","O"
"8504",",","O"
"8505","οἷς","O"
"8506","καὶ","O"
"8507","ὁ","O"
"8508","ἀντιλέγων","O"
"8509","χρήσεται","O"
"8510",".","O"
"8511","οἱ","O"
"8512","μὲν","O"
"8513","οὖν","O"
"8514","κυριώτατοι","O"
"8515","τρόποι","O"
"8516","τῶν","O"
"8517","ἐσχηματισμένων","O"
"8518","λόγων","O"
"8519","οὗτοι","O"
"8520",".","O"
"8521","Ἤρτηνται","O"
"8522","δὲ","O"
"8523","τούτων","O"
"8524","τῶν","O"
"8525","τρόπων","O"
"8526","κἀκεῖνα","O"
"8527","·","O"
"8528","τὸ","O"
"8529","τὰ","O"
"8530","αὐτὰ","O"
"8531","δοκοῦντα","O"
"8532","λέγειν","O"
"8533","ἑτέρῳ","O"
"8534","προειπόντι","O"
"8535","ἑτέραν","O"
"8536","ὑπόθεσιν","O"
"8537","διοικεῖσθαι","O"
"8538","·","O"
"8539","τὸ","O"
"8540","ἐναντιοῦσθαι","O"
"8541","δοκοῦντα","O"
"8542","τῷ","O"
"8543","λόγῳ","O"
"8544","βοηθεῖν","O"
"8545","τῷ","O"
"8546","ἔργῳ","O"
"8547",",","O"
"8548","προκατασκευάσαντος","O"
"8549","τοῦ","O"
"8550","σχήματος","O"
"8551","τὴν","O"
"8552","χρείαν","O"
"8553","·","O"
"8554","τὸ","O"
"8555","ὡς","O"
"8556","ἐροῦντα","O"
"8557","ἐν","O"
"8558","ἄλλῳ","O"
"8559","λόγῳ","O"
"8560","ὑπερβαλέσθαι","O"
"8561","τὴν","O"
"8562","ὑπὲρ","O"
"8563","αὐτοῦ","O"
"8564","παρρησίαν","O"
"8565","εἰς","O"
"8566","ἕτερον","O"
"8567","καιρόν","O"
"8568",".","O"
"8569","Τούτων","O"
"8570","δὴ","O"
"8571","καὶ","O"
"8572","τὰ","O"
"8573","παραδείγματα","O"
"8574","λαβεῖν","O"
"8575","ἐκ","O"
"8576","τῶν","O"
"8577","βυβλίων","O"
"8578",".","O"
"8579","ληψόμεθα","O"
"8580","δὲ","O"
"8581","παρὰ","O"
"8582","Δημοσθένους","PERSON"
"8583",",","O"
"8584","Θουκυδίδου","PERSON"
"8585",",","O"
"8586","Ξενοφῶντος","PERSON"
"8587",",","O"
"8588","Πλάτωνος","PERSON"
"8589",",","O"
"8590","Εὐριπίδου","PERSON"
"8591",",","O"
"8592","τῆς","O"
"8593","κωμῳδίας","O"
"8594",",","O"
"8595","Ὁμήρου","PERSON"
"8596","·","O"
"8597","ἀπὸ","O"
"8598","πασῶν","O"
"8599","ἰδεῶν","O"
"8600","τῆς","O"
"8601","ῥητορικῆς","O"
"8602",",","O"
"8603","συμβουλευτικῆς","O"
"8604","δικανικῆς","O"
"8605","πανηγυρικῆς","O"
"8606",".","O"
"8607","Μεμνῆσθαι","O"
"8608","χρή","O"
"8609",",","O"
"8610","ὅτι","O"
"8611","τῇ","O"
"8612","μεθόδῳ","O"
"8613","καὶ","O"
"8614","περὶ","O"
"8615","τῶν","O"
"8616","σχημάτων","O"
"8617","τῶν","O"
"8618","ἐναντία","O"
"8619","βουλομένων","O"
"8620","οἷς","O"
"8621","λέγουσιν","O"
"8622","ἀγωνιζόμενοι","O"
"8623",",","O"
"8624","ἐάν","O"
"8625","τις","O"
"8626","πορεύηται","O"
"8627",",","O"
"8628","ὡς","O"
"8629","ἔφαμεν","O"
"8630",",","O"
"8631","δι","O"
"8632","ἐναντιώσεων","O"
"8633",",","O"
"8634","μέγας","O"
"8635","κίνδυνος","O"
"8636","πρόσεστι","O"
"8637","τῷ","O"
"8638","μὴ","O"
"8639","φωραθῆναι","O"
"8640","ὑπὸ","O"
"8641","τῶν","O"
"8642","ἀκροωμένων","O"
"8643",",","O"
"8644","ὅτι","O"
"8645","τεχνάζει","O"
"8646",",","O"
"8647","τῆς","O"
"8648","ἐναντιώσεως","O"
"8649","εἰς","O"
"8650","δόξαν","O"
"8651","ἐμπεσεῖν","O"
"8652","·","O"
"8653","εἰ","O"
"8654","γὰρ","O"
"8655","μὴ","O"
"8656","ἐλεγχθείη","O"
"8657","ἡ","O"
"8658","τέχνη","O"
"8659",",","O"
"8660","συμβήσεται","O"
"8661","φιλονεικοῦντας","O"
"8662",",","O"
"8663","ἃ","O"
"8664","προσποιεῖται","O"
"8665","λέγειν","O"
"8666",",","O"
"8667","συγχωρεῖν","O"
"8668","τῷ","O"
"8669","ῥήτορι","O"
"8670",",","O"
"8671","οὐχ","O"
"8672","ἃ","O"
"8673","βούλεται","O"
"8674","ταῦτα","O"
"8675","ψηφίζεσθαι","O"
"8676",".","O"
"8677","φράσομεν","O"
"8678","οὖν","O"
"8679","καὶ","O"
"8680","ὅπως","O"
"8681","τις","O"
"8682","ἂν","O"
"8683","λάθοι","O"
"8684","μεταχειριζόμενος","O"
"8685","τὸν","O"
"8686","δι","O"
"8687","ἐναντιώσεων","O"
"8688","λόγον","O"
"8689",".","O"
"8690","Δημοσθένης","PERSON"
"8691","τοίνυν","O"
"8692","ὁ","O"
"8693","ῥήτωρ","O"
"8694",",","O"
"8695","ἵνα","O"
"8696","πρῶτον","O"
"8697","καὶ","O"
"8698","τὸ","O"
"8699","ὄνομα","O"
"8700","τοῦ","O"
"8701","σχήματος","O"
"8702","καὶ","O"
"8703","τὴν","O"
"8704","χρείαν","O"
"8705","δείξωμεν","O"
"8706","παρ","O"
"8707","αὐτῷ","O"
"8708","δεικνύντες","O"
"8709",",","O"
"8710","ἐν","O"
"8711","τῷ","O"
"8712","περὶ","O"
"8713","τοῦ","O"
"8714","στεφάνου","O"
"8715","διηγούμενος","O"
"8716","λόγον","O"
"8717",",","O"
"8718","ὃν","O"
"8719","συνεβούλευσεν","O"
"8720","διαθέσθαι","O"
"8721","πρὸς","O"
"8722","Θηβαίους","NORP"
"8723",",","O"
"8724","οὐχ","O"
"8725","ἁπλοῦν","O"
"8726","ἀλλά","O"
"8727","τινα","O"
"8728","τεχνικόν","O"
"8729",",","O"
"8730","ὧδέ","O"
"8731","πως","O"
"8732","λέγει","O"
"8733","καὶ","O"
"8734","ἐπὶ","O"
"8735","τῷ","O"
"8736","λόγῳ","O"
"8737","τὸ","O"
"8738","ὄνομα","O"
"8739","ἐπάγει","O"
"8740","τῆς","O"
"8741","τέχνης","O"
"8742","·","O"
"8743","ἐπειδὰν","O"
"8744","δὲ","O"
"8745","ἔλθωσιν","O"
"8746","οἱ","O"
"8747","πρέσβεις","O"
"8748","εἰς","O"
"8749","Θήβας","LOC"
"8750",",","O"
"8751","πῶς","O"
"8752","χρήσασθαι","O"
"8753","τῷ","O"
"8754","πράγματι","O"
"8755","παραινῶ","O"
"8756",";","O"
"8757","τούτ","O"
"8758","πάνυ","O"
"8759","μοι","O"
"8760","προσέχετε","O"
"8761","τὸν","O"
"8762","νοῦν","O"
"8763",".","O"
"8764","μὴ","O"
"8765","δεῖσθαι","O"
"8766","Θηβαίων","NORP"
"8767","μηδέν","O"
"8768","αἰσχρὸς","O"
"8769","γὰρ","O"
"8770","ὁ","O"
"8771","καιρός","O"
"8772",",","O"
"8773","ἀλλ","O"
"8774","ἐπαγγέλλεσθαι","O"
"8775","βοηθήσειν","O"
"8776",",","O"
"8777","ὡς","O"
"8778","ἐκείνων","O"
"8779","μὲν","O"
"8780","ὄντων","O"
"8781","ἐν","O"
"8782","τοῖς","O"
"8783","ἐσχάτοις","O"
"8784",",","O"
"8785","ἡμῶν","O"
"8786","δὲ","O"
"8787","ἄμεινον","O"
"8788","ἢ","O"
"8789","κεῖνοι","O"
"8790","καὶ","O"
"8791","τὸ","O"
"8792","μέλλον","O"
"8793","προορωμένων","O"
"8794",",","O"
"8795","ἵν","O"
"8796","ἐὰν","O"
"8797","μὲν","O"
"8798","δέξωνται","O"
"8799","ταῦτα","O"
"8800","καὶ","O"
"8801","πεισθῶσιν","O"
"8802","ἡμῖν","O"
"8803",",","O"
"8804","καὶ","O"
"8805","ἃ","O"
"8806","βουλόμεθα","O"
"8807","ὦμεν","O"
"8808","διῳκημένοι","O"
"8809","καὶ","O"
"8810","μετὰ","O"
"8811","σχήματος","O"
"8812","ἀξίου","O"
"8813","τῆς","O"
"8814","πόλεως","O"
"8815","ταῦτα","O"
"8816","πράξωμεν","O"
"8817",".","O"
"8818","Ορᾷς","O"
"8819","καὶ","O"
"8820","τὸ","O"
"8821","ἔργον","O"
"8822","τῆς","O"
"8823","διοικήσεως","O"
"8824",",","O"
"8825","καὶ","O"
"8826","τὸ","O"
"8827","ὄνομα","O"
"8828","ἐπιφερόμενον","O"
"8829","τῷ","O"
"8830","ἔργῳ","O"
"8831",",","O"
"8832","τὸ","O"
"8833","σχῆμα","O"
"8834",".","O"
"8835","ὁ","O"
"8836","αὐτὸς","O"
"8837","τοίνυν","O"
"8838","Δημοσθένης","PERSON"
"8839","ἐν","O"
"8840","μὲν","O"
"8841","τῷ","O"
"8842","περὶ","O"
"8843","τῆς","O"
"8844","πρεσβείας","O"
"8845",",","O"
"8846","ἵνα","O"
"8847","ἀπὸ","O"
"8848","δικανικοῦ","O"
"8849","λόγου","O"
"8850","ἀρξώμεθα","O"
"8851",",","O"
"8852","ἄλλα","O"
"8853","προτείνων","O"
"8854","ἄλλα","O"
"8855","κατασκευάζει","O"
"8856",",","O"
"8857","δι","O"
"8858","ὅλου","O"
"8859","τοῦ","O"
"8860","βυβλίου","O"
"8861","διοικούμενος","O"
"8862","διοίκησίν","O"
"8863","τινα","O"
"8864","τοιαύτην","O"
"8865","·","O"
"8866","κεφάλαια","O"
"8867","ἔστιν","O"
"8868","ἅ","O"
"8869","περ","O"
"8870","ἀσθενῆ","O"
"8871","ὄντα","O"
"8872","τῷ","O"
"8873","Δημοσθένει","PERSON"
"8874",",","O"
"8875","ἐὰν","O"
"8876","ἐφ","O"
"8877","αὑτῶν","O"
"8878","προτείνηται","O"
"8879",",","O"
"8880","ἐλέγχεται","O"
"8881","·","O"
"8882","ταῦτα","O"
"8883","ἵνα","O"
"8884","πιθανὰ","O"
"8885","ποιήσῃ","O"
"8886",",","O"
"8887","ἕτερα","O"
"8888","μὲν","O"
"8889","προτείνει","O"
"8890",",","O"
"8891","λαβὼν","O"
"8892","δὲ","O"
"8893","τὸν","O"
"8894","ἀκροατὴν","O"
"8895","προσέχοντα","O"
"8896","τοῖς","O"
"8897","προταθεῖσι","O"
"8898","συμπλέκει","O"
"8899","τὰς","O"
"8900","πίστεις","O"
"8901","τῶν","O"
"8902","ἀσθενῶν","O"
"8903","τοῖς","O"
"8904","προτεινομένοις","O"
"8905",".","O"
"8906","οἷον","O"
"8907",",","O"
"8908","ἵνα","O"
"8909","ὁ","O"
"8910","λόγος","O"
"8911","ἔχῃ","O"
"8912","παράδειγμα","O"
"8913",",","O"
"8914","ἔροιτ","O"
"8915","ἂν","O"
"8916","εἰκότως","O"
"8917","ὁ","O"
"8918","Αἰσχίνης","PERSON"
"8919","τὸν","O"
"8920","Δημοσθένην","PERSON"
"8921","·","O"
"8922","Διὰ","O"
"8923","τί","O"
"8924","τῆς","O"
"8925","προτέρας","O"
"8926","πρεσβείας","O"
"8927","οὐ","O"
"8928","κατηγορεῖς","O"
"8929",";","O"
"8930","καί","O"
"8931","τοι","O"
"8932","τὰ","O"
"8933","πεπραγμένα","O"
"8934","πάντα","O"
"8935","ἐν","O"
"8936","τῇ","O"
"8937","προτέρᾳ","O"
"8938","πέπρακται","O"
"8939","ὅ","O"
"8940","φησιν","O"
"8941","ὁ","O"
"8942","Αἰσχίνης","PERSON"
"8943","ἐν","O"
"8944","τῇ","O"
"8945","ἀπολογίᾳ","O"
"8946",",","O"
"8947","ἡ","O"
"8948","δὲ","O"
"8949","δευτέρα","O"
"8950","ἀπαίτησιν","O"
"8951","ὅρκων","O"
"8952","εἶχεν","O"
"8953","μόνην","O"
"8954",".","O"
"8955","ἡ","O"
"8956","μὲν","O"
"8957","οὖν","O"
"8958","ἀληθὴς","O"
"8959","αἰτία","O"
"8960","τοῦ","O"
"8961","μὴ","O"
"8962","κατηγορεῖν","O"
"8963","ἐκείνη","O"
"8964","·","O"
"8965","ἐπῄνεσεν","O"
"8966","ὁ","O"
"8967","Δημοσθένης","PERSON"
"8968","τὰ","O"
"8969","ἐν","O"
"8970","τῇ","O"
"8971","προτέρᾳ","O"
"8972","πρεσβείᾳ","O"
"8973","πάντα","O"
"8974","πεπραγμένα","O"
"8975",",","O"
"8976","καὶ","O"
"8977","ψηφίσματα","O"
"8978","ἔγραψεν","O"
"8979",",","O"
"8980","καλέσαι","O"
"8981","ἐπὶ","O"
"8982","δεῖπνον","O"
"8983","εἰς","O"
"8984","τὸ","O"
"8985","πρυτανεῖον","O"
"8986","τοὺς","O"
"8987","πρέσβεις","O"
"8988",".","O"
"8989","αὕτη","O"
"8990","μὲν","O"
"8991","οὖν","O"
"8992","ἡ","O"
"8993","ἀληθὴς","O"
"8994","αἰτία","O"
"8995","ἐστὶ","O"
"8996","τοῦ","O"
"8997","μὴ","O"
"8998","ἐγκαλεῖν","O"
"8999","τῇ","O"
"9000","προτέρᾳ","O"
"9001","πρεσβείᾳ","O"
"9002",".","O"
"9003","ἀλλὰ","O"
"9004","μὴν","O"
"9005","αἰτίαν","O"
"9006","ἱκανὴν","O"
"9007","οὐδεμίαν","O"
"9008","ἔχει","O"
"9009","κατὰ","O"
"9010","τῆς","O"
"9011","ὑστέρας","O"
"9012","πρεσβείας","O"
"9013","·","O"
"9014","δεῖ","O"
"9015","οὖν","O"
"9016","αὐτὸν","O"
"9017","ἐφάπτεσθαι","O"
"9018","καὶ","O"
"9019","τῆς","O"
"9020","προτέρας","O"
"9021",".","O"
"9022","κατηγορῶν","O"
"9023","οὖν","O"
"9024","ἅμα","O"
"9025","τῆς","O"
"9026","προτέρας","O"
"9027","πρεσβείας","O"
"9028","οὐ","O"
"9029","κατηγορεῖ","O"
"9030",".","O"
"9031","δεῖ","O"
"9032","δὲ","O"
"9033","αὐτῷ","O"
"9034","προφάσεως","O"
"9035",".","O"
"9036","τίς","O"
"9037","οὖν","O"
"9038","ἡ","O"
"9039","πρόφασις","O"
"9040",";","O"
"9041","φησὶν","O"
"9042","ἠγνοηκέναι","O"
"9043","τὸν","O"
"9044","Αἰσχίνην","PERSON"
"9045","πεπρακότα","O"
"9046","αὑτὸν","O"
"9047","ἐν","O"
"9048","τῇ","O"
"9049","προτέρᾳ","O"
"9050","πρεσβείᾳ","O"
"9051",".","O"
"9052","τοῦτο","O"
"9053","οὑτωσὶ","O"
"9054","μὲν","O"
"9055","πρὸς","O"
"9056","ἐρώτησιν","O"
"9057","τὴν","O"
"9058","παρ","O"
"9059","Αἰσχίνου","PERSON"
"9060","ἐν","O"
"9061","παραιτήσεως","O"
"9062","σχήματι","O"
"9063","λεγόμενον","O"
"9064","ἀσθενὲς","O"
"9065","καὶ","O"
"9066","γελοῖον","O"
"9067","ἐστίν","O"
"9068",".","O"
"9069","ἄλλο","O"
"9070","δὲ","O"
"9071","οὐδὲν","O"
"9072","ἔχων","O"
"9073","εἰπεῖν","O"
"9074","ὁ","O"
"9075","Δημοσθένης","PERSON"
"9076",",","O"
"9077","ὅπερ","O"
"9078","ἔφαμεν","O"
"9079",",","O"
"9080","ἑτέρου","O"
"9081","προφάσει","O"
"9082","τοῦτο","O"
"9083","συγκατασκευάζει","O"
"9084",".","O"
"9085","φησὶ","O"
"9086","γὰρ","O"
"9087","ἀποδείξειν","O"
"9088","τὸν","O"
"9089","Αἰσχίνην","PERSON"
"9090","αὐτὸν","O"
"9091","ὑφ","O"
"9092","αὑτοῦ","O"
"9093","ἐλεγχόμενον","O"
"9094",",","O"
"9095","ὅτι","O"
"9096","δῶρα","O"
"9097","εἴληφεν","O"
"9098",",","O"
"9099","καὶ","O"
"9100","διέξεισι","O"
"9101","λόγους","O"
"9102","οὓς","O"
"9103","εἶπε","O"
"9104","πρότερον","O"
"9105","κατὰ","O"
"9106","Φιλίππου","PERSON"
"9107","·","O"
"9108","εἶτα","O"
"9109","φησὶν","O"
"9110","αὐτὸν","O"
"9111","πρότερον","O"
"9112","κατὰ","O"
"9113","Φιλίππου","PERSON"
"9114","πολιτευσάμενον","O"
"9115","ὕστερον","O"
"9116","μεταβεβλῆσθαι","O"
"9117",",","O"
"9118","οὐκ","O"
"9119","ἂν","O"
"9120","μεταβαλόντα","O"
"9121",",","O"
"9122","εἰ","O"
"9123","μὴ","O"
"9124","δώροις","O"
"9125","πεισθεὶς","O"
"9126","τοῦτο","O"
"9127","ἐποίει","O"
"9128",".","O"
"9129","ταύτην","O"
"9130","τὴν","O"
"9131","ἀπόδειξιν","O"
"9132","ὑποθεὶς","O"
"9133","συγκατασκευάζει","O"
"9134","τὸ","O"
"9135","ὅτι","O"
"9136","εἰκότως","O"
"9137","ἔλαθέν","O"
"9138","με","O"
"9139","δῶρα","O"
"9140","λαβὼν","O"
"9141","ἐπὶ","O"
"9142","τῆς","O"
"9143","προτέρας","O"
"9144","πρεσβείας","O"
"9145","·","O"
"9146","ᾤμην","O"
"9147","γὰρ","O"
"9148","αὐτὸν","O"
"9149","χρηστὸν","O"
"9150","εἶναι","O"
"9151",",","O"
"9152","τῷ","O"
"9153","πρότερον","O"
"9154","κατὰ","O"
"9155","Φιλίππου","PERSON"
"9156","πολιτεύεσθαι","O"
"9157",".","O"
"9158","αὕτη","O"
"9159","μὲν","O"
"9160","ἡ","O"
"9161","συμπλοκὴ","O"
"9162","τοῦ","O"
"9163","ἕτερα","O"
"9164","συγκατασκευάζειν","O"
"9165","ἕτερα","O"
"9166","προτείνοντα","O"
"9167",".","O"
"9168","Ποιεῖ","O"
"9169","δὲ","O"
"9170","αὐτὸ","O"
"9171","πῶς","O"
"9172",";","O"
"9173","ἀκούσωμεν","O"
"9174","τῆς","O"
"9175","λέξεως","O"
"9176","τοῦ","O"
"9177","ῥήτορος","O"
"9178","·","O"
"9179","φησὶ","O"
"9180","γὰρ","O"
"9181","ὧδε","O"
"9182","·","O"
"9183","Βούλομαι","O"
"9184","δὲ","O"
"9185","πρὸ","O"
"9186","πάντων","O"
"9187",",","O"
"9188","ὧν","O"
"9189","μέλλω","O"
"9190","λέγειν","O"
"9191",",","O"
"9192","μνημονεύοντας","O"
"9193","ὑμῶν","O"
"9194","οἶδ","O"
"9195","ὅτι","O"
"9196","τοὺς","O"
"9197","πολλοὺς","O"
"9198","ὑπομνῆσαι","O"
"9199",",","O"
"9200","τίνα","O"
"9201","τάξιν","O"
"9202","αὑτὸν","O"
"9203","ἔταξεν","O"
"9204","Αἰσχίνης","PERSON"
"9205","ἐν","O"
"9206","τῇ","O"
"9207","πολιτείᾳ","O"
"9208","τὸ","O"
"9209","πρῶτον","O"
"9210",",","O"
"9211","καὶ","O"
"9212","τίνας","O"
"9213","λόγους","O"
"9214","κατὰ","O"
"9215","τοῦ","O"
"9216","Φιλίππου","PERSON"
"9217","δημηγορεῖν","O"
"9218","ᾤετο","O"
"9219","δεῖν","O"
"9220","·","O"
"9221","ἵν","O"
"9222","εἰδῆτε","O"
"9223",",","O"
"9224","ὅτι","O"
"9225","τοῖς","O"
"9226","ὑφ","O"
"9227","ἑαυτοῦ","O"
"9228","πεπραγμένοις","O"
"9229","καὶ","O"
"9230","δεδημηγορημένοις","O"
"9231","ἐν","O"
"9232","ἀρχῇ","O"
"9233","μάλιστα","O"
"9234","ἐξελεγχθήσεται","O"
"9235","δῶρα","O"
"9236","ἔχων","O"
"9237",".","O"
"9238","ἔστι","O"
"9239","τοίνυν","O"
"9240","ὁ","O"
"9241","πρῶτος","O"
"9242","Ἀθηναίων","NORP"
"9243","αἰσθόμενος","O"
"9244","Φίλιππον","PERSON"
"9245",",","O"
"9246","ὡς","O"
"9247","τότε","O"
"9248","δημηγορῶν","O"
"9249","ἔφη","O"
"9250",",","O"
"9251","ἐπιβουλεύοντα","O"
"9252","τοῖς","O"
"9253","Ἕλλησιν","NORP"
"9254","καὶ","O"
"9255","διαφθείροντά","O"
"9256","τινας","O"
"9257","τῶν","O"
"9258","ἐν","O"
"9259","Ἀρκαδίᾳ","LOC"
"9260","προεστηκότων","O"
"9261","·","O"
"9262","καὶ","O"
"9263","ἔχων","O"
"9264","Ἴσχανδρον","PERSON"
"9265","τὸν","O"
"9266","Νεοπτολέμου","PERSON"
"9267","δευτεραγωνιστήν","O"
"9268",",","O"
"9269","προσιὼν","O"
"9270","μὲν","O"
"9271","τῇ","O"
"9272","βουλῇ","O"
"9273",",","O"
"9274","προσιὼν","O"
"9275","δὲ","O"
"9276","τῷ","O"
"9277","δήμῳ","O"
"9278","περὶ","O"
"9279","τούτων","O"
"9280",",","O"
"9281","καὶ","O"
"9282","πείσας","O"
"9283","ὑμᾶς","O"
"9284","πανταχοῦ","O"
"9285","πρέσβεις","O"
"9286","πέμψαι","O"
"9287","τοὺς","O"
"9288","συνάξοντας","O"
"9289","δεῦρο","O"
"9290","τοὺς","O"
"9291","βουλευσομένους","O"
"9292","περὶ","O"
"9293","τοῦ","O"
"9294","πρὸς","O"
"9295","Φίλιππον","PERSON"
"9296","πολέμου","O"
"9297","·","O"
"9298","καὶ","O"
"9299","ἀπαγγέλλων","O"
"9300","μετὰ","O"
"9301","ταῦτα","O"
"9302","ἥκων","O"
"9303","ἐξ","O"
"9304","Ἀρκαδίας","LOC"
"9305","τοὺς","O"
"9306","καλοὺς","O"
"9307","ἐκείνους","O"
"9308","καὶ","O"
"9309","μακροὺς","O"
"9310","λόγους","O"
"9311",",","O"
"9312","οὓς","O"
"9313","ἐν","O"
"9314","τοῖς","O"
"9315","μυρίοις","O"
"9316","ἐν","O"
"9317","τῇ","O"
"9318","Μεγάλῃ","O"
"9319","πόλει","O"
"9320","πρὸς","O"
"9321","Ἱερώνυμον","PERSON"
"9322","τὸν","O"
"9323","ὑπὲρ","O"
"9324","Φιλίππου","PERSON"
"9325","λέγοντα","O"
"9326","ὑπὲρ","O"
"9327","ὑμῶν","O"
"9328","ἔφη","O"
"9329","δεδημηγορηκέναι","O"
"9330","·","O"
"9331","καὶ","O"
"9332","διεξιών","O"
"9333",",","O"
"9334","ἡλίκα","O"
"9335","τὴν","O"
"9336","Ἑλλάδα","LOC"
"9337","πᾶσαν","O"
"9338",",","O"
"9339","οὐχὶ","O"
"9340","τὰς","O"
"9341","ἰδίας","O"
"9342","ἀδικοῦσι","O"
"9343","μόνον","O"
"9344","πατρίδας","O"
"9345","οἱ","O"
"9346","δωροδοκοῦντες","O"
"9347","καὶ","O"
"9348","χρήματα","O"
"9349","λαμβάνοντες","O"
"9350","παρὰ","O"
"9351","Φιλίππου","PERSON"
"9352",".","O"
"9353","ἐπειδὴ","O"
"9354","τοίνυν","O"
"9355","ταῦτα","O"
"9356","πολιτευομένου","O"
"9357","τούτου","O"
"9358","τότε","O"
"9359","καὶ","O"
"9360","τοῦτο","O"
"9361","τὸ","O"
"9362","δεῖγμα","O"
"9363","ἐξενηνοχότος","O"
"9364","περὶ","O"
"9365","αὑτοῦ","O"
"9366","τοὺς","O"
"9367","περὶ","O"
"9368","τῆς","O"
"9369","εἰρήνης","O"
"9370","πρέσβεις","O"
"9371","πέμπειν","O"
"9372","ὡς","O"
"9373","Φίλιππον","PERSON"
"9374","ἐπείσθητε","O"
"9375","ὑπὸ","O"
"9376","Ἀριστοδήμου","PERSON"
"9377","καὶ","O"
"9378","εοπτολέμου","NORP"
"9379","καὶ","O"
"9380","τῶν","O"
"9381","ἄλλων","O"
"9382","τῶν","O"
"9383","ἐκεῖθεν","O"
"9384","ἀπαγγελλόντων","O"
"9385","οὐδ","O"
"9386","ὅ","O"
"9387","τι","O"
"9388","οὖν","O"
"9389","ὑγιές","O"
"9390",",","O"
"9391","γίνεται","O"
"9392","τῶν","O"
"9393","πρέσβεων","O"
"9394","τούτων","O"
"9395","εἷς","O"
"9396","καὶ","O"
"9397","οὗτος","O"
"9398",",","O"
"9399","οὐχ","O"
"9400","ὡς","O"
"9401","τῶν","O"
"9402","ἀποδωσομένων","O"
"9403","τὰ","O"
"9404","ὑμέτερα","O"
"9405","οὐδ","O"
"9406","ὡς","O"
"9407","τῶν","O"
"9408","πεπιστευκότων","O"
"9409","τῷ","O"
"9410","Φιλίππῳ","PERSON"
"9411",",","O"
"9412","ἀλλ","O"
"9413","ὡς","O"
"9414","τῶν","O"
"9415","φυλαξόντων","O"
"9416","τοὺς","O"
"9417","ἄλλους","O"
"9418",".","O"
"9419","διὰ","O"
"9420","γὰρ","O"
"9421","τοὺς","O"
"9422","προειρημένους","O"
"9423","λόγους","O"
"9424","καὶ","O"
"9425","τὴν","O"
"9426","πρὸς","O"
"9427","Φίλιππον","PERSON"
"9428","ἀπέχθειαν","O"
"9429","ταύτην","O"
"9430","εἰκότως","O"
"9431","περὶ","O"
"9432","αὐτοῦ","O"
"9433","πάντες","O"
"9434","εἴχετε","O"
"9435","τὴν","O"
"9436","δόξαν","O"
"9437",".","O"
"9438","αὕτη","O"
"9439","μὲν","O"
"9440","ἡ","O"
"9441","μέθοδος","O"
"9442","τοῦ","O"
"9443","συγκατασκευάσαι","O"
"9444","·","O"
"9445","ἤδη","O"
"9446","γὰρ","O"
"9447","τὸν","O"
"9448","δῆμον","O"
"9449","συνεπεσπάσατο","O"
"9450","ὡς","O"
"9451","συνεξηπατημένον","O"
"9452","ἑαυτῷ","O"
"9453","ὁ","O"
"9454","Δημοσθένης","PERSON"
"9455",".","O"
"9456","εἶτ","O"
"9457","ἐπήγαγεν","O"
"9458","τῆς","O"
"9459","τέχνης","O"
"9460","τὸ","O"
"9461","δεινόν","O"
"9462","·","O"
"9463","προσελθὼν","O"
"9464","τοίνυν","O"
"9465","ἐμοὶ","O"
"9466","μετὰ","O"
"9467","ταῦτα","O"
"9468","συνετάττετο","O"
"9469","κοινῇ","O"
"9470","πρεσβεύειν","O"
"9471",",","O"
"9472","καὶ","O"
"9473","ὅπως","O"
"9474","τὸν","O"
"9475","μιαρὸν","O"
"9476","καὶ","O"
"9477","λίαν","O"
"9478","ἀναιδῆ","O"
"9479","φυλάξομεν","O"
"9480","ἀμφότεροι","O"
"9481","τὸν","O"
"9482","Φιλοκράτην","PERSON"
"9483",",","O"
"9484","πολλὰ","O"
"9485","παρεκελεύσατο","O"
"9486",".","O"
"9487","καὶ","O"
"9488","μέχρι","O"
"9489","τοῦ","O"
"9490","δεῦρο","O"
"9491","ἐπανελθεῖν","O"
"9492","ἀπὸ","O"
"9493","τῆς","O"
"9494","πρώτης","O"
"9495","πρεσβείας","O"
"9496","ἐμὲ","O"
"9497","γοῦν","O"
"9498",",","O"
"9499","ὦ","O"
"9500","ἄνδρες","O"
"9501","Ἀθηναῖοι","NORP"
"9502",",","O"
"9503","διεφθαρμένος","O"
"9504","καὶ","O"
"9505","πεπρακὼς","O"
"9506","αὑτὸν","O"
"9507","ἐλάνθανεν","O"
"9508",".","O"
"9509","ὡς","O"
"9510","θαυμαστή","O"
"9511","γε","O"
"9512","ἡ","O"
"9513","τέχνη","O"
"9514","·","O"
"9515","πάντας","O"
"9516","αὐτοὺς","O"
"9517","ἐξηπατημένους","O"
"9518","ἀπεδειξεν","O"
"9519",".","O"
"9520","ἐπήγαγεν","O"
"9521","δὲ","O"
"9522","εὐθὺς","O"
"9523","τὸ","O"
"9524","ὁμοίως","O"
"9525","γὰρ","O"
"9526","ὑμεῖς","O"
"9527","ἐξηπάτησθε","O"
"9528","κἀ","O"
"9529","γώ","O"
"9530",",","O"
"9531","διὰ","O"
"9532","μέσου","O"
"9533","τὸ","O"
"9534","περὶ","O"
"9535","Φιλοκράτους","PERSON"
"9536","εἰπών","O"
"9537","·","O"
"9538","αὐτὸς","O"
"9539","ἐφ","O"
"9540","αὑτὸν","O"
"9541","ἤγαγεν","O"
"9542","τὴν","O"
"9543","αἰτίαν","O"
"9544",",","O"
"9545","ἁπλότητος","O"
"9546","προσχήματι","O"
"9547","κλέπτων","O"
"9548","τὴν","O"
"9549","πανουργίαν","O"
"9550","τῆς","O"
"9551","κατασκευῆς","O"
"9552","τῷ","O"
"9553","λέγειν","O"
"9554","ἐμὲ","O"
"9555","γοῦν","O"
"9556",",","O"
"9557","ὦ","O"
"9558","ἄνδρες","O"
"9559","Ἀθηναῖοι","NORP"
"9560",",","O"
"9561","διεφθαρμένος","O"
"9562","καὶ","O"
"9563","πεπρακὼς","O"
"9564","αὑτὸν","O"
"9565","ἐλάνθανεν","O"
"9566",",","O"
"9567","ἀλλὰ","O"
"9568","μὴ","O"
"9569","φάναι","O"
"9570","κἀμέ","O"
"9571",",","O"
"9572","ἵνα","O"
"9573","μὴ","O"
"9574","δοκῇ","O"
"9575","τὸ","O"
"9576","πᾶν","O"
"9577","ἐπιχείρημα","O"
"9578","οἰκείας","O"
"9579","διοικήσεως","O"
"9580","ἐξειργάσθαι","O"
"9581",".","O"
"9582","οὕτω","O"
"9583","μὲν","O"
"9584","ἕτερα","O"
"9585","προτείνων","O"
"9586","ἕτερα","O"
"9587","κατασκευάζει","O"
"9588","ὁ","O"
"9589","Δημοσθένης","PERSON"
"9590","·","O"
"9591","καὶ","O"
"9592","ἑξῆς","O"
"9593","τὸ","O"
"9594","αὐτὸ","O"
"9595","ποιεῖ","O"
"9596","ἐν","O"
"9597","τῷ","O"
"9598","λόγῳ","O"
"9599","καὶ","O"
"9600","πάλιν","O"
"9601","ἑξῆς","O"
"9602","καὶ","O"
"9603","ἄχρι","O"
"9604","τέλους","O"
"9605","τοῦ","O"
"9606","παντὸς","O"
"9607","ἀγῶνος","O"
"9608",".","O"
"9609","τοῦτο","O"
"9610","μέν","O"
"9611","σοι","O"
"9612","δικανικῶν","O"
"9613","λόγων","O"
"9614","τὸ","O"
"9615","παράδειγμα","O"
"9616","λόγων","O"
"9617","ἐσχηματισμένων","O"
"9618",",","O"
"9619","ἕτερα","O"
"9620","προτεινόντων","O"
"9621",",","O"
"9622","ἕτερα","O"
"9623","κατασκευαζόντων","O"
"9624",".","O"
"9625","Συμβουλευτικῶν","O"
"9626","δὲ","O"
"9627","πάλιν","O"
"9628","ὁ","O"
"9629","αὐτὸς","O"
"9630","Δημοσθένης","PERSON"
"9631","ἐν","O"
"9632","τῷ","O"
"9633","περὶ","O"
"9634","τῶν","O"
"9635","συμμοριῶν","O"
"9636","δι","O"
"9637","ὅλου","O"
"9638","τὴν","O"
"9639","τοιαύτην","O"
"9640","τέχνην","O"
"9641","ἐξεργάζεται","O"
"9642",".","O"
"9643","ἔχει","O"
"9644","δὲ","O"
"9645","οὕτως","O"
"9646","·","O"
"9647","οἱ","O"
"9648","μὲν","O"
"9649","Ἀθηναῖοι","NORP"
"9650","ὡρμήκασι","O"
"9651","μὲν","O"
"9652","πρὸς","O"
"9653","βασιλέα","O"
"9654","τῶν","O"
"9655","Περσῶν","NORP"
"9656",",","O"
"9657","τοιαῦτα","O"
"9658","τῶν","O"
"9659","ῥητόρων","O"
"9660","συμβουλευόντων","O"
"9661","καὶ","O"
"9662","ἐπαιρόντων","O"
"9663","αὐτοὺς","O"
"9664","ἐκ","O"
"9665","τοῦ","O"
"9666","ἐπαινεῖν","O"
"9667","τοὺς","O"
"9668","προγόνους","O"
"9669","καὶ","O"
"9670","μεμνῆσθαι","O"
"9671","τῶν","O"
"9672","πεπραγμένων","O"
"9673","πρὸς","O"
"9674","τοὺς","O"
"9675","βαρβάρους","O"
"9676","ἔργων","O"
"9677",",","O"
"9678","πρὸς","O"
"9679","δὲ","O"
"9680","τὸν","O"
"9681","Φίλιππον","PERSON"
"9682","τὸν","O"
"9683","τῶν","O"
"9684","Μακεδόνων","NORP"
"9685","βασιλέα","O"
"9686","ὀκνοῦσι","O"
"9687","πολεμεῖν","O"
"9688",".","O"
"9689","ὁ","O"
"9690","δὲ","O"
"9691","Δημοσθένης","PERSON"
"9692","αὐτὰ","O"
"9693","τὰ","O"
"9694","ἐναντία","O"
"9695","πρὸς","O"
"9696","μὲν","O"
"9697","τὸν","O"
"9698","βασιλέα","O"
"9699","πολεμεῖν","O"
"9700","αὐτοὺς","O"
"9701","οὐ","O"
"9702","βούλεται","O"
"9703",",","O"
"9704","πρὸς","O"
"9705","δὲ","O"
"9706","τὸν","O"
"9707","Φίλιππον","PERSON"
"9708","βούλεται","O"
"9709",".","O"
"9710","ὁρᾷς","O"
"9711","δύο","O"
"9712","ὑποθέσεις","O"
"9713","ἐναντίας","O"
"9714","ἀλλήλαις","O"
"9715",";","O"
"9716","πῶς","O"
"9717","οὖν","O"
"9718","τοῦτο","O"
"9719","ποιεῖ","O"
"9720",";","O"
"9721","διπλῷ","O"
"9722","γὰρ","O"
"9723","τῷ","O"
"9724","σχήματι","O"
"9725","χρῆται","O"
"9726",".","O"
"9727","πρὸς","O"
"9728","μὲν","O"
"9729","τὸν","O"
"9730","βασιλέα","O"
"9731","οὔ","O"
"9732","φησι","O"
"9733","μὴ","O"
"9734","δεῖν","O"
"9735","πολεμεῖν","O"
"9736",",","O"
"9737","ἀλλὰ","O"
"9738","μηδέπω","O"
"9739","πολεμεῖν","O"
"9740","·","O"
"9741","εἰ","O"
"9742","γὰρ","O"
"9743","ἁπλῶς","O"
"9744","ἐκέλευε","O"
"9745","μὴ","O"
"9746","πολεμεῖν","O"
"9747",",","O"
"9748","οὐκ","O"
"9749","ἂν","O"
"9750","αὐτῷ","O"
"9751","προσεῖχον","O"
"9752","τὸν","O"
"9753","νοῦν","O"
"9754",",","O"
"9755","ὡρμηκότες","O"
"9756","πρὸς","O"
"9757","τὸν","O"
"9758","πόλεμον","O"
"9759",".","O"
"9760","ὃ","O"
"9761","δὲ","O"
"9762","φησὶ","O"
"9763","μὲν","O"
"9764","πολεμεῖν","O"
"9765","δεῖν","O"
"9766",",","O"
"9767","ἐνδιδοὺς","O"
"9768","αὐτοῖς","O"
"9769","ὃ","O"
"9770","βούλονται","O"
"9771","·","O"
"9772","πρότερον","O"
"9773","δὲ","O"
"9774","ἀξιοῖ","O"
"9775","παρασκευάζεσθαι","O"
"9776",",","O"
"9777","ἵνα","O"
"9778","ἀσφαλέστερος","O"
"9779","καὶ","O"
"9780","δικαιότερος","O"
"9781","ὁ","O"
"9782","πόλεμος","O"
"9783","γένοιτο","O"
"9784",",","O"
"9785","τέχνῃ","O"
"9786","τοῦτο","O"
"9787","ποιῶν","O"
"9788",".","O"
"9789","οἶδεν","O"
"9790","γὰρ","O"
"9791","ὅτι","O"
"9792","ἡ","O"
"9793","ἀναβολὴ","O"
"9794","ἐκλύσει","O"
"9795","τὴν","O"
"9796","ὁρμήν","O"
"9797",".","O"
"9798","καὶ","O"
"9799","εὐθύς","O"
"9800","γε","O"
"9801","μετὰ","O"
"9802","τὸ","O"
"9803","προοίμιον","O"
"9804","κλέπτων","O"
"9805","τὸ","O"
"9806","δοκεῖν","O"
"9807","συναγορεύειν","O"
"9808","βασιλεῖ","O"
"9809","τί","O"
"9810","φησιν","O"
"9811",";","O"
"9812","ἐγὼ","O"
"9813","νομίζω","O"
"9814","κοινὸν","O"
"9815","ἐχθρὸν","O"
"9816","ἁπάντων","O"
"9817","τῶν","O"
"9818","ὄντων","O"
"9819","Ἑλλήνων","NORP"
"9820","εἶναι","O"
"9821","βασιλέα","O"
"9822","·","O"
"9823","οὐ","O"
"9824","μὴν","O"
"9825","διὰ","O"
"9826","ταῦτα","O"
"9827","παραινέσαιμ","O"
"9828","ἂν","O"
"9829","μόνοις","O"
"9830","τῶν","O"
"9831","ἄλλων","O"
"9832","ὑμῖν","O"
"9833","πόλεμον","O"
"9834","πρὸς","O"
"9835","αὐτὸν","O"
"9836","αἴρεσθαι","O"
"9837",".","O"
"9838","οὕτω","O"
"9839","μὲν","O"
"9840","ἐπέχει","O"
"9841","τὴν","O"
"9842","ὁρμήν","O"
"9843",",","O"
"9844","τῇ","O"
"9845","αὐτῇ","O"
"9846","τέχνῃ","O"
"9847","Θουκυδίδῃ","PERSON"
"9848","χρώμενος","O"
"9849",".","O"
"9850","καὶ","O"
"9851","γὰρ","O"
"9852","παρὰ","O"
"9853","τῷ","O"
"9854","Θουκυδίδῃ","PERSON"
"9855","Ἀρχίδαμος","PERSON"
"9856",",","O"
"9857","ὅν","O"
"9858","φησιν","O"
"9859","ὁ","O"
"9860","Θουκυδίδης","PERSON"
"9861","συνετὸν","O"
"9862","εἶναι","O"
"9863","καὶ","O"
"9864","σώφρονα","O"
"9865",",","O"
"9866","ἐπειδὴ","O"
"9867","ἑώρα","O"
"9868","τοὺς","O"
"9869","Λακεδαιμονίους","NORP"
"9870","καὶ","O"
"9871","τοὺς","O"
"9872","Πελοποννησίους","NORP"
"9873","ὡρμημένους","O"
"9874","πρὸς","O"
"9875","τὸ","O"
"9876","πολεμεῖν","O"
"9877","τοῖς","O"
"9878","Ἀθηναίοις","NORP"
"9879",",","O"
"9880","οὐχὶ","O"
"9881","μὴ","O"
"9882","πολεμεῖν","O"
"9883","κελεύει","O"
"9884","ᾔδει","O"
"9885","γὰρ","O"
"9886","οὐ","O"
"9887","πεισομένους","O"
"9888",",","O"
"9889","ἀλλὰ","O"
"9890","μηδέπω","O"
"9891","τοῦτο","O"
"9892","ποιεῖν","O"
"9893",",","O"
"9894","ἀλλὰ","O"
"9895","πρότερον","O"
"9896","παρασκευάζεσθαι","O"
"9897",".","O"
"9898","οὕτω","O"
"9899","μὲν","O"
"9900","γάρ","O"
"9901",",","O"
"9902","ὅ","O"
"9903","περ","O"
"9904","ἔφαμεν","O"
"9905",",","O"
"9906","ἐμποδίζει","O"
"9907","τὴν","O"
"9908","ὁρμὴν","O"
"9909","αὐτῶν","O"
"9910","ὁ","O"
"9911","Δημοσθένης","PERSON"
"9912","ὁμοίως","O"
"9913","τῷ","O"
"9914","Θουκυδίδῃ","PERSON"
"9915",".","O"
"9916","διδάσκει","O"
"9917","δὲ","O"
"9918","προελθὼν","O"
"9919","τοῦ","O"
"9920","λόγου","O"
"9921","τὸν","O"
"9922","τρόπον","O"
"9923","ἧς","O"
"9924","παρασκευασθείσης","O"
"9925","εὐτρεπὴς","O"
"9926","γίνεται","O"
"9927","κατὰ","O"
"9928","Φιλίππου","PERSON"
"9929",".","O"
"9930","καὶ","O"
"9931","οὕτως","O"
"9932","ἑκάτερος","O"
"9933","ὁ","O"
"9934","λόγος","O"
"9935","τεχνικῶς","O"
"9936","περαίνεται","O"
"9937","τῷ","O"
"9938","Δημοσθένει","PERSON"
"9939",",","O"
"9940","τῷ","O"
"9941","βασιλεῖ","O"
"9942","μὲν","O"
"9943","μηδέπω","O"
"9944","πολεμεῖν","O"
"9945",",","O"
"9946","τῇ","O"
"9947","δὲ","O"
"9948","ἐπὶ","O"
"9949","βασιλέα","O"
"9950","παρασκευῇ","O"
"9951","ἔχειν","O"
"9952","χρῆσθαι","O"
"9953","κατὰ","O"
"9954","Φιλίππου","PERSON"
"9955",".","O"
"9956","οὕτω","O"
"9957","μὲν","O"
"9958","δι","O"
"9959","ὅλου","O"
"9960","τοῦ","O"
"9961","λόγου","O"
"9962","τοῦ","O"
"9963","συμβουλευτικοῦ","NORP"
"9964","ἕτερα","O"
"9965","προτείνεται","O"
"9966","καὶ","O"
"9967","ἕτερα","O"
"9968","κατασκευάζεται","O"
"9969",",","O"
"9970","καὶ","O"
"9971","ὑπόθεσις","O"
"9972","ὑποθέσει","O"
"9973","συμπλέκονται","O"
"9974",".","O"
"9975","ἔχεις","O"
"9976","δύο","O"
"9977",".","O"
"9978","ταῦτα","O"
"9979","παραδείγματα","O"
"9980","ἀγώνων","O"
"9981","ἑτέρων","O"
"9982","προτεινομένων","O"
"9983",",","O"
"9984","ἑτέρων","O"
"9985","συγκατασκευαζομένων","O"
"9986",",","O"
"9987","τὸ","O"
"9988","μὲν","O"
"9989","δικανικοῦ","NORP"
"9990","εἴδους","O"
"9991",",","O"
"9992","τὸ","O"
"9993","δὲ","O"
"9994","συμβουλευτικοῦ","O"
"9995",".","O"
"9996","Ἐπεὶ","O"
"9997","μέντοι","O"
"9998","συμβουλευτικῶν","O"
"9999","καὶ","O"
"10000","δικανικῶν","O"
"10001","ἐμνήσθημεν","O"
"10002",",","O"
"10003","λάβε","O"
"10004","καὶ","O"
"10005","παρὰ","O"
"10006","Πλάτωνος","PERSON"
"10007","παραδείγματα","O"
"10008","ἀγώνων","O"
"10009","πλειόνων","O"
"10010","συμπεπλεγμένων","O"
"10011","καὶ","O"
"10012","τρόπον","O"
"10013","τινὰ","O"
"10014","πάντων","O"
"10015","τῶν","O"
"10016","μερῶν","O"
"10017","τῆς","O"
"10018","ῥητορικῆς","O"
"10019","συναγομένων","O"
"10020",".","O"
"10021","ἡ","O"
"10022","Σωκράτους","PERSON"
"10023","Ἀπολογία","O"
"10024","τὴν","O"
"10025","μὲν","O"
"10026","πρότασιν","O"
"10027","ἔχει","O"
"10028",",","O"
"10029","ὡς","O"
"10030","τὸ","O"
"10031","ἐπίγραμμα","O"
"10032","δηλοῖ","O"
"10033",",","O"
"10034","ἀπολογίαν","O"
"10035",",","O"
"10036","ἔστι","O"
"10037","δὲ","O"
"10038","καὶ","O"
"10039","Ἀθηναίων","NORP"
"10040","κατηγορία","O"
"10041",",","O"
"10042","εἰ","O"
"10043","τοιοῦτον","O"
"10044","ἄνδρα","O"
"10045","εἰς","O"
"10046","δίκην","O"
"10047","ὑπήγαγον","O"
"10048",".","O"
"10049","καὶ","O"
"10050","κέκρυπται","O"
"10051","τὸ","O"
"10052","πικρὸν","O"
"10053","τῆς","O"
"10054","κατηγορίας","O"
"10055","τῷ","O"
"10056","ἐπιεικεῖ","O"
"10057","τῆς","O"
"10058","ἀπολογίας","O"
"10059","·","O"
"10060","ἃ","O"
"10061","γὰρ","O"
"10062","ὑπὲρ","O"
"10063","αὑτοῦ","O"
"10064","ἀπολογεῖται","O"
"10065",",","O"
"10066","Ἀθηναίων","NORP"
"10067","κατηγορεῖ","O"
"10068",".","O"
"10069","δύο","O"
"10070","μὲν","O"
"10071","αὗται","O"
"10072","συμπλοκαί","O"
"10073",".","O"
"10074","τρίτη","O"
"10075","δέ","O"
"10076","·","O"
"10077","ὁ","O"
"10078","λόγος","O"
"10079","ἐστὶ","O"
"10080","Σωκράτους","PERSON"
"10081","ἐγκώμιον","O"
"10082",",","O"
"10083","καὶ","O"
"10084","τὸ","O"
"10085","ἐπαχθὲς","O"
"10086","τοῦ","O"
"10087","λόγου","O"
"10088","ἐπεσκίασται","O"
"10089","τῷ","O"
"10090","ἀναγκαίῳ","O"
"10091","τῆς","O"
"10092","ἀπολογίας","O"
"10093","·","O"
"10094","τρίτη","O"
"10095","αὕτη","O"
"10096","συμπλοκή","O"
"10097",".","O"
"10098","καὶ","O"
"10099","γεγόνασι","O"
"10100","δύο","O"
"10101","μὲν","O"
"10102","δικανικαὶ","O"
"10103","ὑποθέσεις","O"
"10104","συνημμέναι","O"
"10105",",","O"
"10106","ἡ","O"
"10107","ἀπολογία","O"
"10108","καὶ","O"
"10109","ἡ","O"
"10110","κατηγορία","O"
"10111","·","O"
"10112","μία","O"
"10113","δὲ","O"
"10114","ἐγκωμιαστική","O"
"10115",",","O"
"10116","ὁ","O"
"10117","ἔπαινος","O"
"10118","ὁ","O"
"10119","Σωκράτους","PERSON"
"10120",".","O"
"10121","τετάρτη","O"
"10122","συμπλοκή","O"
"10123",",","O"
"10124","ἥ","O"
"10125","περ","O"
"10126","μεγίστη","O"
"10127","ὑπόθεσις","O"
"10128","τῷ","O"
"10129","Πλάτωνι","PERSON"
"10130",",","O"
"10131","ἔχουσα","O"
"10132","συμβουλευτικῆς","O"
"10133","ἰδέας","O"
"10134","δύναμιν","O"
"10135",",","O"
"10136","φιλόσοφον","O"
"10137","δὲ","O"
"10138","τὴν","O"
"10139","θεωρίαν","O"
"10140","·","O"
"10141","ἔστι","O"
"10142","γὰρ","O"
"10143","τὸ","O"
"10144","βυβλίον","O"
"10145","παράγγελμα","O"
"10146",",","O"
"10147","ὁποῖον","O"
"10148","εἶναι","O"
"10149","δεῖ","O"
"10150","τὸν","O"
"10151","φιλόσοφον","O"
"10152",".","O"
"10153","τοῦτο","O"
"10154",",","O"
"10155","ὡς","O"
"10156","μὲν","O"
"10157","ἐν","O"
"10158","ῥητορικῇ","NORP"
"10159",",","O"
"10160","συμβουλευτικὴ","O"
"10161","ἰδέα","O"
"10162","·","O"
"10163","ὡς","O"
"10164","δ","O"
"10165","ἐν","O"
"10166","φιλοσοφίᾳ","O"
"10167",",","O"
"10168","δόγμα","O"
"10169","παραδιδόμενον","O"
"10170","·","O"
"10171","τοιοῦτον","O"
"10172","γὰρ","O"
"10173","εἶναι","O"
"10174","τὸν","O"
"10175","φιλόσοφον","O"
"10176",",","O"
"10177","ὁποῖος","O"
"10178","ἐν","O"
"10179","τῇ","O"
"10180","Ἀπολογίᾳ","O"
"10181","φαίνεται","O"
"10182","Σωκράτης","PERSON"
"10183",".","O"
"10184","ταύτην","O"
"10185","τὴν","O"
"10186","κρᾶσιν","O"
"10187","τῶν","O"
"10188","τεττάρων","O"
"10189","ὑποθέσεων","O"
"10190","ζηλώσας","O"
"10191","ὁ","O"
"10192","Δημοσθένης","PERSON"
"10193","ἐν","O"
"10194","τῷ","O"
"10195","περὶ","O"
"10196","τοῦ","O"
"10197","στεφάνου","O"
"10198","τὴν","O"
"10199","μίμησιν","O"
"10200","ἐξήνεγκεν","O"
"10201","·","O"
"10202","καὶ","O"
"10203","γὰρ","O"
"10204","ἀπολογίαν","O"
"10205","ἔχει","O"
"10206","ὑπὲρ","O"
"10207","ὧν","O"
"10208","κατηγορεῖται","O"
"10209",",","O"
"10210","καὶ","O"
"10211","κατηγορίαν","O"
"10212","ἐλέγχοντος","O"
"10213","τοὺς","O"
"10214","ἠδικηκότας","O"
"10215","καὶ","O"
"10216","τῶν","O"
"10217","κακῶν","O"
"10218","αἰτίους","O"
"10219",",","O"
"10220","καὶ","O"
"10221","φανερῶς","O"
"10222","ἐγκώμιον","O"
"10223","δεικνύντος","O"
"10224","ἐφ","O"
"10225","οἷς","O"
"10226","ἄξιός","O"
"10227","ἐστι","O"
"10228","τοῦ","O"
"10229","στεφάνου","O"
"10230",",","O"
"10231","καὶ","O"
"10232","τὸ","O"
"10233","δόγμα","O"
"10234","ὡς","O"
"10235","ἐν","O"
"10236","λόγῳ","O"
"10237","δικανικῷ","O"
"10238","καὶ","O"
"10239","πολιτικῷ","O"
"10240",",","O"
"10241","ὁποῖον","O"
"10242","εἶναι","O"
"10243","δεῖ","O"
"10244","τὸν","O"
"10245","πολιτικὸν","O"
"10246","ἄνδρα","O"
"10247","καὶ","O"
"10248","σύμβουλον","O"
"10249","ἀγαθόν","O"
"10250",".","O"
"10251","λέγει","O"
"10252","γοῦν","O"
"10253","αὐτὸς","O"
"10254","ἐν","O"
"10255","τῷ","O"
"10256","λόγῳ","O"
"10257","σαφῶς","O"
"10258","·","O"
"10259","ταῦτα","O"
"10260","καὶ","O"
"10261","τοιαῦτα","O"
"10262","πράττειν","O"
"10263",",","O"
"10264","Αἰσχίνη","PERSON"
"10265",",","O"
"10266","τὸν","O"
"10267","καλὸν","O"
"10268","κἀγαθὸν","O"
"10269","πολίτην","O"
"10270","δεῖ","O"
"10271",".","O"
"10272","Ταῦτα","O"
"10273","μὲν","O"
"10274","δή","O"
"10275","σοι","O"
"10276","παρὰ","O"
"10277","Δημοσθένους","PERSON"
"10278","καὶ","O"
"10279","Πλάτωνος","PERSON"
"10280",".","O"
"10281","ἀλλὰ","O"
"10282","καὶ","O"
"10283","Θουκυδίδης","PERSON"
"10284","δύο","O"
"10285","ὑποθέσεις","O"
"10286","συμπλέκει","O"
"10287","ἐν","O"
"10288","τῷ","O"
"10289","ἐπιγραφομένῳ","O"
"10290","Ἐπιταφίῳ","O"
"10291","·","O"
"10292","τῆς","O"
"10293","μὲν","O"
"10294","γὰρ","O"
"10295","ἐγκωμιαστικῆς","O"
"10296","ἰδέας","O"
"10297","ἐστὶν","O"
"10298","ὁ","O"
"10299","ἐπιτάφιος","O"
"10300",",","O"
"10301","συμπλέκεται","O"
"10302","δὲ","O"
"10303","ἰδέα","O"
"10304","συμβουλευτική","O"
"10305",".","O"
"10306","οὐ","O"
"10307","γὰρ","O"
"10308","μᾶλλον","O"
"10309","ἐπαινεῖ","O"
"10310","τοὺς","O"
"10311","τεθνεῶτας","O"
"10312","ἢ","O"
"10313","τοὺς","O"
"10314","ζῶντας","O"
"10315","ἐπὶ","O"
"10316","τὸν","O"
"10317","πόλεμον","O"
"10318","παρακαλεῖ","O"
"10319",".","O"
"10320","τοῦτο","O"
"10321","μέντοι","O"
"10322","ἀναγκαίως","O"
"10323","ποιεῖ","O"
"10324","·","O"
"10325","ὁ","O"
"10326","γὰρ","O"
"10327","λέγων","O"
"10328","ἐστὶ","O"
"10329","τὸν","O"
"10330","ἐπιτάφιον","O"
"10331","Περικλῆς","PERSON"
"10332",",","O"
"10333","ἀνὴρ","O"
"10334","τοῦ","O"
"10335","πολέμου","O"
"10336","αἴτιος","O"
"10337",".","O"
"10338","ἔτι","O"
"10339","μέντοι","O"
"10340","τριῶν","O"
"10341","ὄντων","O"
"10342","κεφαλαίων","O"
"10343","τοῦ","O"
"10344","ἐπιταφίου","O"
"10345",",","O"
"10346","ἐπαίνου","O"
"10347","θρήνου","O"
"10348","παραμυθίας","O"
"10349",",","O"
"10350","τὸ","O"
"10351","ἓν","O"
"10352","τῶν","O"
"10353","κεφαλαίων","O"
"10354","ὑπερβαίνει","O"
"10355",",","O"
"10356","τὸν","O"
"10357","θρῆνον","O"
"10358","·","O"
"10359","οὐ","O"
"10360","γὰρ","O"
"10361","συνέφερεν","O"
"10362","τῷ","O"
"10363","συμβουλευτικῷ","O"
"10364","οὐδὲ","O"
"10365","τῇ","O"
"10366","προτροπῇ","O"
"10367","τὸ","O"
"10368","θρηνεῖν","O"
"10369",",","O"
"10370","ὥς","O"
"10371","φησιν","O"
"10372","αὐτὸς","O"
"10373","ὁ","O"
"10374","Θουκυδίδης","PERSON"
"10375","λέγων","O"
"10376","ὧδε","O"
"10377","·","O"
"10378","διό","O"
"10379","περ","O"
"10380","καὶ","O"
"10381","τοὺς","O"
"10382","τῶνδε","O"
"10383","νῦν","O"
"10384","τοκέας","O"
"10385",",","O"
"10386","ὅσοι","O"
"10387","πάρεστε","O"
"10388",",","O"
"10389","οὐκ","O"
"10390","ὀλοφύρομαι","O"
"10391","μᾶλλον","O"
"10392","ἢ","O"
"10393","παραμυθήσομαι","O"
"10394",".","O"
"10395","ποιεῖ","O"
"10396","δὲ","O"
"10397","τοῦτο","O"
"10398","ἀναγκαίως","O"
"10399",",","O"
"10400","ἐπειδὴ","O"
"10401","ἀρχομένου","O"
"10402","τοῦ","O"
"10403","πολέμου","O"
"10404","τὸν","O"
"10405","λόγον","O"
"10406","ποιεῖται","O"
"10407","·","O"
"10408","ὡς","O"
"10409","εἰ","O"
"10410","ἐθρήνησεν","O"
"10411","τοὺς","O"
"10412","πρώτους","O"
"10413","ἀποθανόντας","O"
"10414",",","O"
"10415","ἀθύμους","O"
"10416","ἂν","O"
"10417","ἐποίησεν","O"
"10418","τοὺς","O"
"10419","μέλλοντας","O"
"10420","πολεμεῖν","O"
"10421",".","O"
"10422","αὕτη","O"
"10423","μὲν","O"
"10424","δὴ","O"
"10425","τῆς","O"
"10426","διπλῆς","O"
"10427","ὑποθέσεως","O"
"10428","ἡ","O"
"10429","χρεία","O"
"10430",".","O"
"10431","πῶς","O"
"10432","δὲ","O"
"10433","ἔμιξεν","O"
"10434","τὰς","O"
"10435","κατασκευάς","O"
"10436",",","O"
"10437","καὶ","O"
"10438","πῶς","O"
"10439","μίξας","O"
"10440","αὐτὸς","O"
"10441","ὁμολογεῖ","O"
"10442",",","O"
"10443","φέρε","O"
"10444","θεασώμεθα","O"
"10445",".","O"
"10446","ἡ","O"
"10447","γὰρ","O"
"10448","κρᾶσις","O"
"10449","ἐστὶν","O"
"10450","ἡ","O"
"10451","τέχνη","O"
"10452","τοῦ","O"
"10453","σχήματος","O"
"10454","ἐν","O"
"10455","τοῖς","O"
"10456","λόγοις","O"
"10457",".","O"
"10458","κεφάλαιόν","O"
"10459","ἐστι","O"
"10460","τοῦ","O"
"10461","ἐγκωμίου","O"
"10462","ὁ","O"
"10463","τοῦ","O"
"10464","γένους","O"
"10465","λόγος","O"
"10466","·","O"
"10467","οἱ","O"
"10468","οὖν","O"
"10469","προτρέποντες","O"
"10470","εἰς","O"
"10471","τοὺς","O"
"10472","πολέμους","O"
"10473","τὰ","O"
"10474","τῶν","O"
"10475","προγόνων","O"
"10476","ἔργα","O"
"10477","διεξιόντες","O"
"10478","παρορμῶσι","O"
"10479","τοὺς","O"
"10480","ἀκούοντας","O"
"10481","·","O"
"10482","οὕτως","O"
"10483","συνετέλεσεν","O"
"10484","ὁ","O"
"10485","ἔπαινος","O"
"10486","τοῦ","O"
"10487","γένους","O"
"10488","εἰς","O"
"10489","τὴν","O"
"10490","συμβουλήν","O"
"10491",".","O"
"10492","πάλιν","O"
"10493","αὖ","O"
"10494","κεφάλαιόν","O"
"10495","ἐστιν","O"
"10496","ἐν","O"
"10497","τοῖς","O"
"10498","ἐγκωμίοις","O"
"10499","ἡ","O"
"10500","παραβολή","O"
"10501",",","O"
"10502","τὸ","O"
"10503","παρεξετάζειν","O"
"10504","τοὺς","O"
"10505","ἐπαινουμένους","O"
"10506","ἑτέροις","O"
"10507","τοῖς","O"
"10508","εὐδοκιμοῦσιν","O"
"10509",".","O"
"10510","ἀλλὰ","O"
"10511","μὴν","O"
"10512","ἐν","O"
"10513","τοῖς","O"
"10514","συμβουλευτικοῖς","O"
"10515","λόγοις","O"
"10516",",","O"
"10517","ὅτι","O"
"10518","ῥᾴδιος","O"
"10519","ὁ","O"
"10520","πόλεμός","O"
"10521","ἐστιν","O"
"10522",",","O"
"10523","ἐκ","O"
"10524","τοῦ","O"
"10525","παραβαλεῖν","O"
"10526","τὰ","O"
"10527","τῶν","O"
"10528","οἰκείων","O"
"10529","τοῖς","O"
"10530","τῶν","O"
"10531","ἐναντίων","O"
"10532","ἀποδείκνυται","O"
"10533",".","O"
"10534","χρώμενος","O"
"10535","οὖν","O"
"10536","τῷ","O"
"10537","τῆς","O"
"10538","παραβολῆς","O"
"10539","λόγῳ","O"
"10540","καὶ","O"
"10541","τὸ","O"
"10542","ἐγκώμιον","O"
"10543","ὁμοῦ","O"
"10544","καὶ","O"
"10545","τὴν","O"
"10546","συμβουλὴν","O"
"10547","περαίνει","O"
"10548",".","O"
"10549","τοῦτο","O"
"10550","γὰρ","O"
"10551","ὑπέστη","O"
"10552","μὲν","O"
"10553","ἀποδείξειν","O"
"10554","ἀρχόμενος","O"
"10555","μὲν","O"
"10556","τοῦ","O"
"10557","λόγου","O"
"10558","ὑπισχνούμενος","O"
"10559",",","O"
"10560","ἐπὶ","O"
"10561","τέλει","O"
"10562","δὲ","O"
"10563","βεβαιούμενος","O"
"10564",",","O"
"10565","ὅπου","O"
"10566","καὶ","O"
"10567","ἐναλλάττει","O"
"10568","τὴν","O"
"10569","τάξιν","O"
"10570","τῶν","O"
"10571","κεφαλαίων","O"
"10572","καὶ","O"
"10573","δείκνυσιν","O"
"10574",",","O"
"10575","ὅτι","O"
"10576","πρεσβύτερον","O"
"10577","ἦν","O"
"10578","τῷ","O"
"10579","ῥήτορι","O"
"10580","τὸ","O"
"10581","τῆς","O"
"10582","συμβουλῆς","O"
"10583","τοῦ","O"
"10584","ἐγκωμιαστικοῦ","O"
"10585","λόγου","O"
"10586",".","O"
"10587","λέγει","O"
"10588","γὰρ","O"
"10589","ὧδε","O"
"10590","·","O"
"10591","ἀπὸ","O"
"10592","οἵας","O"
"10593","τε","O"
"10594","ἐπιτηδεύσεως","O"
"10595","ἦλθον","O"
"10596","ἐπ","O"
"10597","αὐτά","O"
"10598",",","O"
"10599","καὶ","O"
"10600","τρόπων","O"
"10601","ἐξ","O"
"10602","ὧν","O"
"10603","μεγάλα","O"
"10604","ἐγένετο","O"
"10605",",","O"
"10606","ταῦτα","O"
"10607","δηλώσας","O"
"10608","πρῶτον","O"
"10609","εἶμι","O"
"10610","καὶ","O"
"10611","ἐπὶ","O"
"10612","τὸν","O"
"10613","τῶνδε","O"
"10614","ἔπαινον","O"
"10615",",","O"
"10616","νομίζων","O"
"10617","ἐπί","O"
"10618","τε","O"
"10619","τῷ","O"
"10620","παρόντι","O"
"10621","οὐκ","O"
"10622","ἂν","O"
"10623","ἀπρεπῆ","O"
"10624","λεχθῆναι","O"
"10625","δεῖν","O"
"10626","αὐτά","O"
"10627",",","O"
"10628","καὶ","O"
"10629","τὸν","O"
"10630","πάντα","O"
"10631","ὅμιλον","O"
"10632","καὶ","O"
"10633","ἀστῶν","O"
"10634","καὶ","O"
"10635","ξένων","O"
"10636","σύμφορον","O"
"10637","εἶναι","O"
"10638","ἐπακοῦσαι","O"
"10639","αὐτῶν","O"
"10640",".","O"
"10641","ταῦτα","O"
"10642","μὲν","O"
"10643","ἐπ","O"
"10644","ἀρχῇ","O"
"10645","·","O"
"10646","προἰόντος","O"
"10647","δὲ","O"
"10648","τοῦ","O"
"10649","λόγου","O"
"10650","ἀποδείξας","O"
"10651","καὶ","O"
"10652","κεράσας","O"
"10653","ἐπάγει","O"
"10654","λέγων","O"
"10655","·","O"
"10656","καὶ","O"
"10657","εἰ","O"
"10658","ἐμήκυνα","O"
"10659","τὰ","O"
"10660","περὶ","O"
"10661","τῆς","O"
"10662","πόλεως","O"
"10663",",","O"
"10664","διδασκαλίαν","O"
"10665","τε","O"
"10666","ποιούμενος","O"
"10667","μὴ","O"
"10668","περὶ","O"
"10669","ἴσου","O"
"10670","ἡμῖν","O"
"10671","εἶναι","O"
"10672","τὸν","O"
"10673","ἀγῶνα","O"
"10674","καὶ","O"
"10675","οἷς","O"
"10676","τῶνδε","O"
"10677","μηδὲν","O"
"10678","ὑπάρχει","O"
"10679",",","O"
"10680","καὶ","O"
"10681","τὴν","O"
"10682","εὐλογίαν","O"
"10683","ἃμα","O"
"10684","ἐφ","O"
"10685","οἷς","O"
"10686","νῦν","O"
"10687","λέγω","O"
"10688","φανερὰν","O"
"10689","σημείοις","O"
"10690","καθιστάς","O"
"10691",".","O"
"10692","τὸ","O"
"10693","γὰρ","O"
"10694","ἐπί","O"
"10695","τε","O"
"10696","τῷ","O"
"10697","παρόντι","O"
"10698","οὐκ","O"
"10699","ἂν","O"
"10700","ἀπρεπῆ","O"
"10701","λεχθῆναι","O"
"10702","αὐτά","O"
"10703","τῆς","O"
"10704","ἐγκωμιαστικῆς","O"
"10705","ἰδέας","O"
"10706","ἐστί","O"
"10707","·","O"
"10708","τὸ","O"
"10709","γὰρ","O"
"10710","κεφάλαιον","O"
"10711","ἐγκωμίου","O"
"10712",".","O"
"10713","τὸ","O"
"10714","δὲ","O"
"10715","καὶ","O"
"10716","τὸν","O"
"10717","πάντα","O"
"10718","ὅμιλον","O"
"10719","καὶ","O"
"10720","ἀστῶν","O"
"10721","καὶ","O"
"10722","ξένων","O"
"10723","σύμφορον","O"
"10724","εἶναι","O"
"10725","ἐπακοῦσαι","O"
"10726","αὐτῶν","O"
"10727","τῆς","O"
"10728","συμβουλευτικῆς","O"
"10729","ἰδέας","O"
"10730","ἐστίν","O"
"10731","·","O"
"10732","κυριώτατον","O"
"10733","γὰρ","O"
"10734","ἐν","O"
"10735","συμβουλῇ","O"
"10736","κεφάλαιον","O"
"10737","τὸ","O"
"10738","συμφέρον","O"
"10739",".","O"
"10740","καὶ","O"
"10741","διδασκαλίαν","O"
"10742","ποιούμενος","O"
"10743","μὴ","O"
"10744","περὶ","O"
"10745","σου","O"
"10746","ἡμῖν","O"
"10747","εἶναι","O"
"10748","τὸν","O"
"10749","ἀγῶνα","O"
"10750","καὶ","O"
"10751","οἷς","O"
"10752","τῶνδε","O"
"10753","μηδὲν","O"
"10754","ὑπάρχει","O"
"10755","τῆς","O"
"10756","συμβουλῆς","O"
"10757","ἀπόδειξιν","O"
"10758","ἔχει","O"
"10759",".","O"
"10760","τὸ","O"
"10761","δὲ","O"
"10762","τὴν","O"
"10763","εὐλογίαν","O"
"10764","ἅμα","O"
"10765","ἐφ","O"
"10766","οἷς","O"
"10767","νῦν","O"
"10768","λέγω","O"
"10769","φανερὰν","O"
"10770","σημείοις","O"
"10771","καθιστάς","O"
"10772","τοῦ","O"
"10773","ἐγκωμίου","O"
"10774","δείκνυσι","O"
"10775","τὴν","O"
"10776","ἰσχυν","O"
"10777","·","O"
"10778","τὴν","O"
"10779","δὲ","O"
"10780","κρᾶσιν","O"
"10781","αὐτῶν","O"
"10782","το","O"
"10783","ἃμα","O"
"10784","δηλοϊ","O"
"10785",".","O"
"10786","ταῦτά","O"
"10787","σοι","O"
"10788","καὶ","O"
"10789","παρὰ","O"
"10790","Θουκυδίδου","PERSON"
"10791",".","O"
"10792","Ἀλλὰ","O"
"10793","καὶ","O"
"10794","ὐριπίδης","PERSON"
"10795","ὁ","O"
"10796","ποιητὴς","O"
"10797","ἐν","O"
"10798","ὅλῳ","O"
"10799","δράματι","O"
"10800","λόγον","O"
"10801","ἐσχηματισμένον","O"
"10802","περαίνει","O"
"10803",",","O"
"10804","ἐν","O"
"10805","τῇ","O"
"10806","Μελανίππῃ","PERSON"
"10807","τῇ","O"
"10808","σοφῇ","O"
"10809",".","O"
"10810","κἀκεῖ","O"
"10811","δὲ","O"
"10812","τὸ","O"
"10813","σχῆμα","O"
"10814","διπλοῦν","O"
"10815",",","O"
"10816","τὸ","O"
"10817","μὲν","O"
"10818","αὐτοῦ","O"
"10819","τοῦ","O"
"10820","ποιητοῦ","O"
"10821",",","O"
"10822","τὸ","O"
"10823","δὲ","O"
"10824","τοῦ","O"
"10825","ὑποκειμένου","O"
"10826","προσώπου","O"
"10827","τῆς","O"
"10828","Μελανίππης","PERSON"
"10829",".","O"
"10830","συγγέγονεν","O"
"10831","Ἀναξαγόρᾳ","PERSON"
"10832","ὁ","O"
"10833","Εὐριπίδης","PERSON"
"10834","·","O"
"10835","δόγμα","O"
"10836","δὲ","O"
"10837","ἦν","O"
"10838","Ἀναξαγόρου","PERSON"
"10839","τὸ","O"
"10840","ὁμοῦ","O"
"10841","πάντα","O"
"10842","χρήματα","O"
"10843",".","O"
"10844","μετὰ","O"
"10845","ταῦτα","O"
"10846","συγγενόμενος","O"
"10847","Σωκράτει","PERSON"
"10848","καὶ","O"
"10849","κρείττονος","O"
"10850","λόγου","O"
"10851","μετασχών","O"
"10852",",","O"
"10853","ἀξιώσας","O"
"10854",",","O"
"10855","ὡς","O"
"10856","ἐμοὶ","O"
"10857","δοκεῖ","O"
"10858",",","O"
"10859","καὶ","O"
"10860","τὸν","O"
"10861","Ἀναξαγόρου","PERSON"
"10862","λόγον","O"
"10863","μνήμης","O"
"10864","ἐν","O"
"10865","τοῖς","O"
"10866","δράμασιν","O"
"10867",",","O"
"10868","ἐξήγαγεν","O"
"10869","αὐτὸ","O"
"10870","τὸ","O"
"10871","δόγμα","O"
"10872","ἐν","O"
"10873","τῇ","O"
"10874","Μελανίππῃ","PERSON"
"10875","τῇ","O"
"10876","σοφῇ","O"
"10877",".","O"
"10878","ἡ","O"
"10879","γοῦν","O"
"10880","ἀρχὴ","O"
"10881","τοῦ","O"
"10882","λόγου","O"
"10883","αὐτῷ","O"
"10884","αἰνίττεται","O"
"10885","τὴν","O"
"10886","πρὸς","O"
"10887","τὸν","O"
"10888","διδάσκαλον","O"
"10889","εὔνοιαν","O"
"10890","·","O"
"10891","φησὶ","O"
"10892","γὰρ","O"
"10893","ἡ","O"
"10894","Μελανίππη","PERSON"
"10895","Καὶ","O"
"10896","οὐκ","O"
"10897","ἐμὸς","O"
"10898","ὁ","O"
"10899","μῦθος","O"
"10900",",","O"
"10901","ἀλλ","O"
"10902","ἐμῆς","O"
"10903","μητρὸς","O"
"10904","πάρα","O"
"10905",".","O"
"10906","ὁ","O"
"10907","μὲν","O"
"10908","Εὐριπίδου","PERSON"
"10909","σχηματισμὸς","O"
"10910","οὖτος","O"
"10911","·","O"
"10912","ὁ","O"
"10913","δὲ","O"
"10914","τῆς","O"
"10915","Μελανίππης","PERSON"
"10916","τίς","O"
"10917",";","O"
"10918","τὰ","O"
"10919","παιδία","O"
"10920","ἐξέθηκε","O"
"10921","εἰς","O"
"10922","τὰ","O"
"10923","τοῦ","O"
"10924","πατρὸς","O"
"10925","βουφόρβια","O"
"10926","·","O"
"10927","ὁ","O"
"10928","δὲ","O"
"10929","πατὴρ","O"
"10930","οἰόμενος","O"
"10931","εἶναι","O"
"10932","τοῦτο","O"
"10933","τέρας","O"
"10934","γνώμην","O"
"10935","ποιεῖται","O"
"10936","κατακαῦσαι","O"
"10937","τὰ","O"
"10938","παιδία","O"
"10939","·","O"
"10940","ἣ","O"
"10941","δὲ","O"
"10942","σῷσαι","O"
"10943","βουλομένη","O"
"10944","τὰ","O"
"10945","τέκνα","O"
"10946",",","O"
"10947","ὅτι","O"
"10948","μηδέν","O"
"10949","ἐστι","O"
"10950","τέρας","O"
"10951",",","O"
"10952","φιλοσοφεῖ","O"
"10953",".","O"
"10954","καὶ","O"
"10955","οὕτως","O"
"10956","τὴν","O"
"10957","αὑτῆς","O"
"10958","χρείαν","O"
"10959","διοικεῖται","O"
"10960","ἐν","O"
"10961","παραινέσεως","O"
"10962","σχήματι","O"
"10963","φιλοσοφοῦσα","O"
"10964",".","O"
"10965","Ἡ","O"
"10966","δέ","O"
"10967","γε","O"
"10968","κωμῳδία","O"
"10969","ὅτι","O"
"10970","πολιτεύεται","O"
"10971","ἐν","O"
"10972","τοῖς","O"
"10973","δράμασι","O"
"10974","καὶ","O"
"10975","φιλοσοφεῖ","O"
"10976",",","O"
"10977","ἡ","O"
"10978","τῶν","O"
"10979","περὶ","O"
"10980",".","O"
"10981","τὸν","O"
"10982","Κρατῖνον","PERSON"
"10983","καὶ","O"
"10984","Ἀριστοφάνην","PERSON"
"10985","καὶ","O"
"10986","Εὔπολιν","PERSON"
"10987",",","O"
"10988","τί","O"
"10989","δεῖ","O"
"10990","καὶ","O"
"10991","λέγειν","O"
"10992",";","O"
"10993","ἡ","O"
"10994","γάρ","O"
"10995","τοι","O"
"10996","κωμῳδία","O"
"10997","αὐτὴ","O"
"10998","τὸ","O"
"10999","γελοῖον","O"
"11000","προστησαμένη","O"
"11001","φιλοσοφεῖ","O"
"11002",".","O"
"11003","Ξενορῶν","PERSON"
"11004","δὲ","O"
"11005","ὁ","O"
"11006","καλὸς","O"
"11007","ὡς","O"
"11008","ἐν","O"
"11009","τῇ","O"
"11010","Παιδείᾳ","O"
"11011","βουλόμενος","O"
"11012","τοὺς","O"
"11013","ἐκ","O"
"11014","τοῦ","O"
"11015","δήμου","O"
"11016","τῶν","O"
"11017","Περσῶν","NORP"
"11018","ὁμοσκεύους","O"
"11019","ποιῆσαι","O"
"11020","τοῖς","O"
"11021","ὁμοτίμοις","O"
"11022",",","O"
"11023","καὶ","O"
"11024","πάλιν","O"
"11025","βουλόμενος","O"
"11026","κοινὸν","O"
"11027","ἀγῶνα","O"
"11028","ἀρετῆς","O"
"11029","τοῖς","O"
"11030","ἄριστα","O"
"11031","στρατευσομένοις","O"
"11032","προτιθέναι","O"
"11033",",","O"
"11034","τοῖς","O"
"11035","τε","O"
"11036","ὁμοτίμοις","O"
"11037","διαλεγόμενος","O"
"11038","ἐν","O"
"11039","Κύρου","PERSON"
"11040","λόγῳ","O"
"11041","ὡς","O"
"11042","αὐτοῖς","O"
"11043","χαριζόμενος","O"
"11044",",","O"
"11045","καὶ","O"
"11046","τοῖς","O"
"11047","δημοτικοῖς","O"
"11048","ὡς","O"
"11049","ἐκείνων","O"
"11050","προνοούμενος","O"
"11051","σχηματίζει","O"
"11052","ἐν","O"
"11053","ἑκατέρῳ","O"
"11054","τῷ","O"
"11055","λόγῳ","O"
"11056",",","O"
"11057","παρίημι","O"
"11058","λέγειν","O"
"11059",".","O"
"11060","ἐν","O"
"11061","δὲ","O"
"11062","τῇ","O"
"11063","Ἀναβάσει","O"
"11064","ὑποπτεύουσι","O"
"11065","μὲν","O"
"11066","οἱ","O"
"11067","στρατιῶται","O"
"11068",",","O"
"11069","ὡς","O"
"11070","ἐπὶ","O"
"11071","βασιλέα","O"
"11072","ὁ","O"
"11073","στόλος","O"
"11074","ἐστί","O"
"11075",",","O"
"11076","καὶ","O"
"11077","οὐκ","O"
"11078","ἔτι","O"
"11079","ἕπεσθαι","O"
"11080","Κύρῳ","PERSON"
"11081","βούλονται","O"
"11082","·","O"
"11083","ὁ","O"
"11084","δὲ","O"
"11085","Κλέαρχος","PERSON"
"11086","ἐν","O"
"11087","τοῖς","O"
"11088","στρατιώταις","O"
"11089","δημηγορεῖ","O"
"11090","ὑπισχνούμενος","O"
"11091","μὲν","O"
"11092","ἕψεσθαι","O"
"11093","τοῖς","O"
"11094","στρατιώταις","O"
"11095","πανταχόσε","O"
"11096",",","O"
"11097","ἐν","O"
"11098","δὲ","O"
"11099","τῷ","O"
"11100","λόγῳ","O"
"11101","κατασκευάζων","O"
"11102","τὸ","O"
"11103","ἀναγκαῖον","O"
"11104","εἶναι","O"
"11105","μένειν","O"
"11106",",","O"
"11107","μιμούμενος","O"
"11108","τὸν","O"
"11109","Ὁμήρου","PERSON"
"11110","Φοίνικα","NORP"
"11111",".","O"
"11112","καὶ","O"
"11113","γὰρ","O"
"11114","ἐκεῖνος","O"
"11115","ἐν","O"
"11116","ταῖς","O"
"11117","Λιταῖς","O"
"11118","προτείνεται","O"
"11119","τὴν","O"
"11120","ὑπόθεσιν","O"
"11121","τῶν","O"
"11122","λόγων","O"
"11123","τοῦ","O"
"11124","Ἀχιλλέως","PERSON"
"11125",",","O"
"11126","ὡς","O"
"11127","οὐ","O"
"11128","δυνατὸν","O"
"11129","ὂν","O"
"11130","αὑτῷ","O"
"11131","μένειν","O"
"11132",",","O"
"11133","ἂν","O"
"11134","ἐκεῖνος","O"
"11135","ἀπίῃ","O"
"11136",",","O"
"11137","ἀλλὰ","O"
"11138","πάντως","O"
"11139","ἑψόμενος","O"
"11140","τῷ","O"
"11141","Ἀχιλλεῖ","PERSON"
"11142",".","O"
"11143","τὰς","O"
"11144","δὲ","O"
"11145","αἰτίας","O"
"11146","λέγων","O"
"11147","δι","O"
"11148","ἃς","O"
"11149","οὐκ","O"
"11150","ἂν","O"
"11151","ἀπολειφθείη","O"
"11152","τοῦ","O"
"11153","Ἀχιλλέως","PERSON"
"11154",",","O"
"11155","ὅτι","O"
"11156","χρὴ","O"
"11157","μένειν","O"
"11158","τὸν","O"
"11159","Ἀχιλλέα","PERSON"
"11160","κατασκευάζει","O"
"11161",",","O"
"11162","τῷ","O"
"11163","μὲν","O"
"11164","δοκεῖν","O"
"11165","δεικνύς","O"
"11166",",","O"
"11167","καθ","O"
"11168","ἃς","O"
"11169","προφάσεις","O"
"11170","οὐ","O"
"11171","μενετέον","O"
"11172","αὑτῷ","O"
"11173",",","O"
"11174","ἔργῳ","O"
"11175","δὲ","O"
"11176","ἀπαιτῶν","O"
"11177","τὰς","O"
"11178","χάριτας","O"
"11179",",","O"
"11180","ἅς","O"
"11181","εἰς","O"
"11182","τὸν","O"
"11183","Ἀχιλλέα","PERSON"
"11184","κατέθετο","O"
"11185","θρέψας","O"
"11186","καὶ","O"
"11187","παιδεύσας","O"
"11188",",","O"
"11189","Ἀγαμέμνονι","PERSON"
"11190","δὲ","O"
"11191","χάριν","O"
"11192","φέρων","O"
"11193","τῷ","O"
"11194","λόγῳ","O"
"11195",".","O"
"11196","καὶ","O"
"11197","ὅτι","O"
"11198","ταῦτα","O"
"11199","διανοούμενος","O"
"11200","τὸ","O"
"11201","σχῆμα","O"
"11202","τῶν","O"
"11203","λόγων","O"
"11204","ἐποιήσατο","O"
"11205",",","O"
"11206","αὐτὸς","O"
"11207","Ἀχιλλεὺς","PERSON"
"11208","ἐπεκδιδάσκει","O"
"11209",".","O"
"11210","ὅπερ","O"
"11211","Ὁμήρῳ","PERSON"
"11212","ἔθος","O"
"11213",",","O"
"11214","καὶ","O"
"11215","ὅςτις","O"
"11216","ἄλλος","O"
"11217","μετεχειρίσατο","O"
"11218","τὸ","O"
"11219","εἶδος","O"
"11220","τοῦτο","O"
"11221",",","O"
"11222","παρ","O"
"11223","Ὁμήρου","PERSON"
"11224","μαθὼν","O"
"11225","τοῦτο","O"
"11226","ποιεῖ","O"
"11227",",","O"
"11228","τὸ","O"
"11229","ἐν","O"
"11230","ταῖς","O"
"11231","τῶν","O"
"11232","ἀποκρινομένων","O"
"11233","ῥήσεσι","O"
"11234","τῶν","O"
"11235","προειπόντων","O"
"11236","τὰς","O"
"11237","τέχνας","O"
"11238","διδάσκειν","O"
"11239",".","O"
"11240","λέγει","O"
"11241","τοίνυν","O"
"11242","ὁ","O"
"11243","Ἀχιλλεύς","PERSON"
"11244","Μή","O"
"11245","μοι","O"
"11246","σύγχει","O"
"11247","θυμὸν","O"
"11248","ὀδυρόμενος","O"
"11249","καὶ","O"
"11250","ἀχεύων","O"
"11251",",","O"
"11252","Ἀτρείδῃ","PERSON"
"11253","ἥρωϊ","O"
"11254","φέρων","O"
"11255","χάριν","O"
"11256",".","O"
"11257","ὁρᾷς","O"
"11258",",","O"
"11259","ὡς","O"
"11260","τὴν","O"
"11261","τέχνην","O"
"11262","ὁ","O"
"11263","μαθητὴς","O"
"11264","τοῦ","O"
"11265","διδασκάλου","O"
"11266","ἀπεκαάλυψεν","O"
"11267","δεικνὺς","O"
"11268","ὅτι","O"
"11269","συνῆκεν","O"
"11270",",","O"
"11271","ὡς","O"
"11272","πάντα","O"
"11273","εἰς","O"
"11274","χάριν","O"
"11275","Ἀγαμέμνονος","PERSON"
"11276","λέγεται","O"
"11277","καὶ","O"
"11278","ἐπὶ","O"
"11279","τῷ","O"
"11280","τὸν","O"
"11281","θυμὸν","O"
"11282","μαλάξαι","O"
"11283","τοῦ","O"
"11284","Ἀχιλλέως","PERSON"
"11285",".","O"
"11286","εἶτα","O"
"11287","ἐπειδὴ","O"
"11288","χάριτας","O"
"11289","αὐτῷ","O"
"11290","κατελογίσατο","O"
"11291","ὁ","O"
"11292","Φοῖνιξ","NORP"
"11293",",","O"
"11294","ἵνα","O"
"11295","μὴ","O"
"11296","δοκοίη","O"
"11297","ἀχάριστος","O"
"11298","εἶναι","O"
"11299",",","O"
"11300","καὶ","O"
"11301","αὐτὸς","O"
"11302","πλαγίως","O"
"11303","ἀπολύεται","O"
"11304","τὴν","O"
"11305","αἰτίαν","O"
"11306","·","O"
"11307","ἶσον","O"
"11308","ἐμοὶ","O"
"11309","βασίλευε","O"
"11310","καὶ","O"
"11311","ἥμισυ","O"
"11312","μείρεο","O"
"11313","τιμῆς","O"
"11314",".","O"
"11315","Ταῦτα","O"
"11316","μὲν","O"
"11317","τὰ","O"
"11318","παραδείγματα","O"
"11319","ἕτερα","O"
"11320","προτείνοντος","O"
"11321","τοῦ","O"
"11322","ῥήτορος","O"
"11323",".","O"
"11324","ὑπολείπεται","O"
"11325","δὲ","O"
"11326","ἡμῖν","O"
"11327","ὁ","O"
"11328","λόγος","O"
"11329","ὁ","O"
"11330","περὶ","O"
"11331","τῶν","O"
"11332","τὰ","O"
"11333","ἐναντία","O"
"11334","λεγόντων","O"
"11335","οἷς","O"
"11336","βούλονται","O"
"11337","·","O"
"11338","ἐπειδὴ","O"
"11339","δὲ","O"
"11340","οὗτος","O"
"11341","ὁ","O"
"11342","λόγος","O"
"11343","τὸ","O"
"11344","τελεώτατον","O"
"11345","σχῆμά","O"
"11346","ἐστιν","O"
"11347",",","O"
"11348","πρότερον","O"
"11349","δείξωμεν","O"
"11350","παρὰ","O"
"11351","Ὁμήρῳ","PERSON"
"11352","καὶ","O"
"11353","ἃ","O"
"11354","ἄλλα","O"
"11355","σχήματα","O"
"11356","ὑπεθέμεθα","O"
"11357",".","O"
"11358","ἦν","O"
"11359","δὲ","O"
"11360","τάδε","O"
"11361","·","O"
"11362","τὸ","O"
"11363","δοκεῖν","O"
"11364","τὰ","O"
"11365","αὐτὰ","O"
"11366","λέγοντα","O"
"11367","ἑτέραν","O"
"11368","ὑπόθεσιν","O"
"11369","περαίνειν","O"
"11370",",","O"
"11371","καὶ","O"
"11372","τὸ","O"
"11373","δοκεῖν","O"
"11374","ἐναντιούμενον","O"
"11375","ὡς","O"
"11376","ἐν","O"
"11377","ἑτέρῳ","O"
"11378","λόγῳ","O"
"11379","τὰς","O"
"11380","τῶν","O"
"11381","ἐσχηματισμένων","O"
"11382","ἀγώνων","O"
"11383","κατασκευὰς","O"
"11384","ποιησόμενον","O"
"11385","ἀναβολῇ","O"
"11386","τὸ","O"
"11387","σχῆμα","O"
"11388","παραδοῦναι","O"
"11389",".","O"
"11390","τούτων","O"
"11391","τοίνυν","O"
"11392","τὰ","O"
"11393","παραδείγματα","O"
"11394","τίνα","O"
"11395",";","O"
"11396","ἐν","O"
"11397","τῷ","O"
"11398","β","O"
"11399","τῆς","O"
"11400","Ἰλιάδος","LOC"
"11401",",","O"
"11402","ὅτε","O"
"11403","κατέχουσιν","O"
"11404","τὸ","O"
"11405","Ἑλληνικὸν","NORP"
"11406","ὅ","O"
"11407","τε","O"
"11408","Ὀδυσσεὺς","PERSON"
"11409","καὶ","O"
"11410","Νέστωρ","PERSON"
"11411",",","O"
"11412","δοκοῦσιν","O"
"11413","μὲν","O"
"11414","ἀμφότεροι","O"
"11415","εἰς","O"
"11416","τὴν","O"
"11417","αὐτὴν","O"
"11418","ὑπόθεσιν","O"
"11419","λέγειν","O"
"11420","οὐ","O"
"11421","μόνον","O"
"11422","γε","O"
"11423","ἀλλὰ","O"
"11424","καὶ","O"
"11425","τὰ","O"
"11426","αὐτὰ","O"
"11427","λέγειν","O"
"11428","·","O"
"11429","ὥςτε","O"
"11430","γὰρ","O"
"11431","ἢ","O"
"11432","παῖδες","O"
"11433","νεαροὶ","O"
"11434","χῆραί","O"
"11435","τε","O"
"11436","γυναῖκες","O"
"11437","ἀλλήλοισιν","O"
"11438","ὀδύρονται","O"
"11439","οἶκον","O"
"11440","δὲ","O"
"11441","νέεσθαι","O"
"11442","·","O"
"11443","ταῦτα","O"
"11444","Ὀδυσσεύς","PERSON"
"11445","·","O"
"11446","ὁ","O"
"11447","δέ","O"
"11448","γε","O"
"11449","Νέστωρ","PERSON"
"11450","ὣ","O"
"11451","πόποι","O"
"11452",",","O"
"11453","ἦ","O"
"11454","δὴ","O"
"11455","παισὶν","O"
"11456","ἐοικότες","O"
"11457","ἀγοράασθε","O"
"11458","νηπιάχοις","O"
"11459",",","O"
"11460","οἷς","O"
"11461","οὔ","O"
"11462","τι","O"
"11463","μέλει","O"
"11464","πολεμήια","O"
"11465","ἔργα","O"
"11466",".","O"
"11467","πάλιν","O"
"11468","Ὀδυσσεύς","PERSON"
"11469","οὐδέ","O"
"11470","τοι","O"
"11471","ἐκτελέουσιν","O"
"11472","ὑπόσχεσιν","O"
"11473",",","O"
"11474","ἥν","O"
"11475","περ","O"
"11476","ὑπέσταν","O"
"11477","ἐνθάδ","O"
"11478","ἔτι","O"
"11479","στείχοντες","O"
"11480","ἀπ","O"
"11481","Ἄργεος","O"
"11482","ἱπποβότοιο","O"
"11483",".","O"
"11484","εἶτα","O"
"11485","ὁ","O"
"11486","Νέστωρ","PERSON"
"11487","ἐν","O"
"11488","πυρὶ","O"
"11489","δὴ","O"
"11490","βουλαί","O"
"11491","τε","O"
"11492","γενοίατο","O"
"11493","μήδεά","O"
"11494","τ","O"
"11495","ἀνδρῶν","O"
"11496",".","O"
"11497","καὶ","O"
"11498","πάλιν","O"
"11499","Ὀδυσσεὺς","PERSON"
"11500","τὴν","O"
"11501","Κάλχαντος","PERSON"
"11502","μαντείαν","O"
"11503","λέγει","O"
"11504","καὶ","O"
"11505","τὸ","O"
"11506","τέρας","O"
"11507","τὸ","O"
"11508","περὶ","O"
"11509","τὸν","O"
"11510","δράκοντα","O"
"11511","καὶ","O"
"11512","τὰ","O"
"11513","τῆς","O"
"11514","στρουθοῦ","O"
"11515","τέκνα","O"
"11516",".","O"
"11517","ὁ","O"
"11518","δέ","O"
"11519","γε","O"
"11520","Νέστωρ","PERSON"
"11521","φημὶ","O"
"11522","γὰρ","O"
"11523","οὖν","O"
"11524","κατανεῦσαι","O"
"11525","ὑπερμενέα","O"
"11526","Κρονίωνα","O"
"11527",",","O"
"11528","καὶ","O"
"11529","λέγει","O"
"11530","τὰ","O"
"11531","οὐράνια","O"
"11532","σημεῖα","O"
"11533","καὶ","O"
"11534","τὰς","O"
"11535","δεξιὰς","O"
"11536","ἀστραπάς","O"
"11537",".","O"
"11538","ὅθεν","O"
"11539","καὶ","O"
"11540","παρέσχετο","O"
"11541","τοῖς","O"
"11542","πολλοῖς","O"
"11543","ζήτησιν","O"
"11544",",","O"
"11545","πότερος","O"
"11546","ἀμείνων","O"
"11547","ῥήτωρ","O"
"11548","ἐν","O"
"11549","τοῖς","O"
"11550","λόγοις","O"
"11551","τούτοις","O"
"11552",",","O"
"11553","Ὀδυσσεὺς","PERSON"
"11554","ἢ","O"
"11555","Νέστωρ","PERSON"
"11556","·","O"
"11557","καὶ","O"
"11558","μαρτύρονταί","O"
"11559","γε","O"
"11560","τὸν","O"
"11561","Ὅμηρον","PERSON"
"11562","ἑκάτεροι","O"
"11563","λέγοντα","O"
"11564",",","O"
"11565","ὡς","O"
"11566","τὸν","O"
"11567","μὲν","O"
"11568","Ὀδυσσέα","PERSON"
"11569","ἐπῄνεσεν","O"
"11570","τὸ","O"
"11571","πλῆθος","O"
"11572",",","O"
"11573","τὸν","O"
"11574","δὲ","O"
"11575","έστορα","O"
"11576","ὁ","O"
"11577","Ἀγαμέμνων","PERSON"
"11578","·","O"
"11579","οἳ","O"
"11580","μὲν","O"
"11581","μῦθον","O"
"11582","ἐπαινήσαντες","O"
"11583","Ὀδυσσῆος","PERSON"
"11584","θείοιο","O"
"11585",",","O"
"11586","ὃ","O"
"11587","δὲ","O"
"11588","εἰπών","O"
"11589","τοιοῦτοι","O"
"11590","δέκα","O"
"11591","μοι","O"
"11592","συμφράδμονες","O"
"11593","εἶεν","O"
"11594","Ἀχαιῶν","NORP"
"11595",".","O"
"11596","καὶ","O"
"11597","ἄλλην","O"
"11598","πολλὴν","O"
"11599","φλυαρίαν","O"
"11600","περὶ","O"
"11601","τὴν","O"
"11602","παραβολὴν","O"
"11603","τῶν","O"
"11604","λόγων","O"
"11605","φλυαροῦσιν","O"
"11606",".","O"
"11607","τὸ","O"
"11608","δὲ","O"
"11609","ἦν","O"
"11610","ἄρα","O"
"11611","τέχνη","O"
"11612","·","O"
"11613","τοσοῦτον","O"
"11614","γὰρ","O"
"11615","ἀπέχουσιν","O"
"11616","τοῦ","O"
"11617","ταὐτὰ","O"
"11618","λέγειν","O"
"11619",",","O"
"11620","ὥς","O"
"11621","τε","O"
"11622","οὐδ","O"
"11623","εἰς","O"
"11624","τὴν","O"
"11625","αὐτὴν","O"
"11626","ὑπόθεσιν","O"
"11627","λέγουσιν","O"
"11628","·","O"
"11629","σόφισμα","O"
"11630","δὲ","O"
"11631","τοῦτό","O"
"11632","ἐστι","O"
"11633","καὶ","O"
"11634","πάλαισμα","O"
"11635","τῶν","O"
"11636","ἀκουόντων","O"
"11637",".","O"
"11638","τί","O"
"11639","τοῦτο","O"
"11640","τὸ","O"
"11641","σόφισμα","O"
"11642",";","O"
"11643","ὁ","O"
"11644","μὲν","O"
"11645","Ὀδυσσεὺς","PERSON"
"11646","κατασχεῖν","O"
"11647","βούλεται","O"
"11648","τοὺς","O"
"11649","Ἕλληνας","NORP"
"11650","ὡρμημένους","O"
"11651","ἀπιέναι","O"
"11652","·","O"
"11653","ὁ","O"
"11654","δὲ","O"
"11655","Νέστωρ","PERSON"
"11656","κατεσχημένους","O"
"11657","ὑπὸ","O"
"11658","τοῦ","O"
"11659","Ὀδύσσεως","PERSON"
"11660","καὶ","O"
"11661","μένοντας","O"
"11662","ἐκστρατεῦσαι","O"
"11663","βούλεται","O"
"11664","κατὰ","O"
"11665","γένη","O"
"11666","ἑκάστους","O"
"11667","ὑπὸ","O"
"11668","τῷ","O"
"11669","οἰκείῳ","O"
"11670","ἡγεμόνι","O"
"11671",".","O"
"11672","καὶ","O"
"11673","ἔστιν","O"
"11674","αὐτῷ","O"
"11675","ἡ","O"
"11676","τῶν","O"
"11677","λόγων","O"
"11678","ὑπόθεσις","O"
"11679","οὐχ","O"
"11680","ἥ","O"
"11681","περ","O"
"11682","τῷ","O"
"11683","Ὀδυσσεῖ","PERSON"
"11684","·","O"
"11685","γελοῖος","O"
"11686","γὰρ","O"
"11687","ἂν","O"
"11688","ἦν","O"
"11689","πεπεισμένοις","O"
"11690","ἔτι","O"
"11691","διαλεγόμενος","O"
"11692",".","O"
"11693","ἀλλὰ","O"
"11694","τίς","O"
"11695","ἡ","O"
"11696","ὑπόθεσις","O"
"11697","τοῦ","O"
"11698","Νέστορος","PERSON"
"11699",";","O"
"11700","κρῖν","O"
"11701","ἄνδρας","O"
"11702","κατὰ","O"
"11703","φῦλα","O"
"11704",",","O"
"11705","κατὰ","O"
"11706","φρήτρας","O"
"11707",",","O"
"11708","Ἀγάμεμνον","PERSON"
"11709","·","O"
"11710","ὣς","O"
"11711","φρήτρη","O"
"11712","φρήτρῃφιν","O"
"11713","ἀρήγει","O"
"11714",",","O"
"11715","φῦλα","O"
"11716","δὲ","O"
"11717","φύλοις","O"
"11718","καὶ","O"
"11719","τὰ","O"
"11720","τούτοις","O"
"11721","ἐφεξῆς","O"
"11722","εἰρημένα","O"
"11723",".","O"
"11724","διὰ","O"
"11725","τοῦτο","O"
"11726","καὶ","O"
"11727","πάνυ","O"
"11728","ἀρέσκει","O"
"11729","τῷ","O"
"11730","Ἀγαμέμνονι","PERSON"
"11731","ὁ","O"
"11732","λόγος","O"
"11733","ὁ","O"
"11734","Νέστορος","PERSON"
"11735","·","O"
"11736","ὁ","O"
"11737","γὰρ","O"
"11738","Νέστωρ","PERSON"
"11739",",","O"
"11740","ὃ","O"
"11741","μάλιστα","O"
"11742","βούλεται","O"
"11743","ὁ","O"
"11744","Ἀγαμέμνων","PERSON"
"11745",",","O"
"11746","τοῦτο","O"
"11747","περαίνει","O"
"11748",".","O"
"11749","βούλεται","O"
"11750","δὲ","O"
"11751","ἐκστρατεῦσαι","O"
"11752","τοὺς","O"
"11753","Ἕλληνας","NORP"
"11754","·","O"
"11755","διὸ","O"
"11756","καὶ","O"
"11757","τὴν","O"
"11758","ἀπόπειραν","O"
"11759","πεποίηται","O"
"11760","·","O"
"11761","ἀλλ","O"
"11762","ἄγετ","O"
"11763",",","O"
"11764","αἴ","O"
"11765","κέν","O"
"11766","πως","O"
"11767","θωρήξομεν","O"
"11768","υἷας","O"
"11769","Ἀχαιῶν","NORP"
"11770",".","O"
"11771","διὰ","O"
"11772","τοῦτο","O"
"11773","ἐπαινεῖ","O"
"11774","τὸν","O"
"11775","έστορα","O"
"11776",",","O"
"11777","βουλόμενος","O"
"11778","πάντας","O"
"11779","τοὺς","O"
"11780","ἡγεμόνας","O"
"11781","καὶ","O"
"11782","τὸν","O"
"11783","δῆμον","O"
"11784","τῶν","O"
"11785","στρατιωτῶν","O"
"11786","ὁμοίως","O"
"11787","ὁμογνώμονας","O"
"11788","αὐτῷ","O"
"11789","γενέσθαι","O"
"11790",",","O"
"11791","λέγων","O"
"11792","τοιοῦτοι","O"
"11793","δέκα","O"
"11794","μοι","O"
"11795","συμφράδμονες","O"
"11796","εἷεν","O"
"11797","Ἀχαιῶν","NORP"
"11798",".","O"
"11799","ἔνθα","O"
"11800","δὴ","O"
"11801","καὶ","O"
"11802","παραμυθούμενος","O"
"11803","τοὺς","O"
"11804","Ελληνας","NORP"
"11805","ὑπὲρ","O"
"11806","Ἀχιλλέως","PERSON"
"11807","ἀγανακτοῦντας","O"
"11808",",","O"
"11809","ὁμολογίαν","O"
"11810","ἤδη","O"
"11811","ποιεῖται","O"
"11812","τοῦ","O"
"11813","ἁμαρτήματος","O"
"11814",",","O"
"11815","ἐπάγων","O"
"11816","τάδε","O"
"11817","τὰ","O"
"11818","ἔπη","O"
"11819","·","O"
"11820","καὶ","O"
"11821","γὰρ","O"
"11822","ἐγὼν","O"
"11823","Ἀχιλεύς","PERSON"
"11824","τε","O"
"11825","μαχησάμεθ","O"
"11826","εἵνεκα","O"
"11827","κούρης","O"
"11828","ἀντιβίοις","O"
"11829","ἐπέεσσιν","O"
"11830","·","O"
"11831","ἐγ","O"
"11832","δ","O"
"11833","ἦρχον","O"
"11834","χαλεπαίνων","O"
"11835",".","O"
"11836","εἰ","O"
"11837","δέ","O"
"11838","ποτ","O"
"11839","ἔς","O"
"11840","γε","O"
"11841","μίαν","O"
"11842","βουλεύσομεν","O"
"11843",",","O"
"11844","οὐκέτ","O"
"11845","ἔπειτα","O"
"11846","Τρωσὶν","NORP"
"11847","ἀνάβλησις","O"
"11848","κακοῦ","O"
"11849","ἔσσεται","O"
"11850","οὐδ","O"
"11851","ἠβαιόν","O"
"11852",".","O"
"11853","αὕτη","O"
"11854","οὖν","O"
"11855","ἡ","O"
"11856","τέχνη","O"
"11857","·","O"
"11858","ἐπειδὴ","O"
"11859","κατεσχημένους","O"
"11860","ὁρᾷ","O"
"11861","τοὺς","O"
"11862","Ἕλ","O"
"11863","ληνας","O"
"11864","ὑπὸ","O"
"11865","τοῦ","O"
"11866","δυσσέως","O"
"11867",",","O"
"11868","μέλλει","O"
"11869","δὲ","O"
"11870","ἕτερον","O"
"11871","ἐπάξειν","O"
"11872","λόγον","O"
"11873",",","O"
"11874","τὸν","O"
"11875","τοῦ","O"
"11876","πῶς","O"
"11877","δεῖ","O"
"11878","στρατεύεσθαι","O"
"11879","ἑκάστους","O"
"11880",",","O"
"11881","διὰ","O"
"11882","τῶν","O"
"11883","πεπεικότων","O"
"11884","ἤδη","O"
"11885","λόγων","O"
"11886","πορεύεται","O"
"11887",",","O"
"11888","ἵνα","O"
"11889","δεξαμένων","O"
"11890","τῶν","O"
"11891","ἀκροατῶν","O"
"11892","ἃ","O"
"11893","ἐπῄνεσαν","O"
"11894","λάθῃ","O"
"11895","ἐπαγαγὼν","O"
"11896","τὴν","O"
"11897","ἰδίαν","O"
"11898","ὑπόθεσιν","O"
"11899",".","O"
"11900","τοῦτο","O"
"11901","μὲν","O"
"11902","τὸ","O"
"11903","παράδειγμα","O"
"11904","τοῦ","O"
"11905","τὰ","O"
"11906","αὐτὰ","O"
"11907","δοκοῦντα","O"
"11908","ἑτέρ","O"
"11909","λέγειν","O"
"11910","ἕτερα","O"
"11911","ἀγωνίζεσθαι","O"
"11912",".","O"
"11913","Ὁ","O"
"11914","δὲ","O"
"11915","Διομήδης","PERSON"
"11916","τί","O"
"11917","ποτε","O"
"11918","αὑτῷ","O"
"11919","βούλεται","O"
"11920","ἀθυμοῦντι","O"
"11921","τῷ","O"
"11922","Ἀγαμέμνονι","PERSON"
"11923","λοιδορούμενος","O"
"11924","ἀκαίρως","O"
"11925",",","O"
"11926","ὡς","O"
"11927","ἄν","O"
"11928","τις","O"
"11929","οἰηθείη","O"
"11930",",","O"
"11931","καὶ","O"
"11932","ἀσυμφώνως","O"
"11933","τῇ","O"
"11934","αὑτοῦ","O"
"11935","γνώμῃ","O"
"11936","καὶ","O"
"11937","ἀνακολούθως","O"
"11938","τῇ","O"
"11939","τοῦ","O"
"11940","προοιμίου","O"
"11941","θεραπείᾳ","O"
"11942",";","O"
"11943","Ἀτρείδη","PERSON"
"11944",",","O"
"11945","σοὶ","O"
"11946","πρῶτα","O"
"11947","μαχέσσομαι","O"
"11948","ἀφραδέοντι","O"
"11949",",","O"
"11950","ἣ","O"
"11951","θέμις","O"
"11952","ἐστίν","O"
"11953",",","O"
"11954","ἄναξ","O"
"11955",",","O"
"11956","ἀγορῇ","O"
"11957","·","O"
"11958","σὺ","O"
"11959","δὲ","O"
"11960","μή","O"
"11961","τι","O"
"11962","χολωθῇς","O"
"11963",".","O"
"11964","τὸ","O"
"11965","μὲν","O"
"11966","προοίμιον","O"
"11967","ἀνδρὸς","O"
"11968","πράου","O"
"11969",",","O"
"11970","τὴν","O"
"11971","μέλλουσαν","O"
"11972","παρρησίαν","O"
"11973","ὡς","O"
"11974","ἐπὶ","O"
"11975","συμφέροντι","O"
"11976","γενησομένην","O"
"11977","παραμυθουμένου","O"
"11978","·","O"
"11979","ἃ","O"
"11980","δὲ","O"
"11981","ἐπιφερει","O"
"11982","·","O"
"11983","ἀλκὴν","O"
"11984","μέν","O"
"11985","μοι","O"
"11986","πρῶτον","O"
"11987","ὀνείδισας","O"
"11988","ἐν","O"
"11989","Δαναοῖσιν","NORP"
"11990",",","O"
"11991","φὰς","O"
"11992","ἔμεν","O"
"11993","ἀπτόλεμον","O"
"11994","καὶ","O"
"11995","ἀνάλκιδα","O"
"11996",".","O"
"11997","ταῦτα","O"
"11998","δὲ","O"
"11999","πάντα","O"
"12000","ἴσασ","O"
"12001","Ἀργείων","NORP"
"12002","ἠμὲν","O"
"12003","νέοι","O"
"12004","ἠδὲ","O"
"12005","γέροντες","O"
"12006",".","O"
"12007","σοὶ","O"
"12008","δὲ","O"
"12009","διάνδιχ","PERSON"
"12010","ἔδωκε","O"
"12011","Κρόνου","GOD"
"12012","παῖς","O"
"12013","ἀγκυλομήτεω","O"
"12014",".","O"
"12015","σκῆπτρον","O"
"12016","μέν","O"
"12017","τοι","O"
"12018","δῶκε","O"
"12019","τετιμῆσθαι","O"
"12020","περὶ","O"
"12021","πάντων","O"
"12022","·","O"
"12023","ἀλκὴν","O"
"12024","δ","O"
"12025","οὔ","O"
"12026","τοι","O"
"12027","δῶκεν","O"
"12028",",","O"
"12029","ὅ","O"
"12030","τοι","O"
"12031","κράτος","O"
"12032","ἐστὶ","O"
"12033","μέγιστον","O"
"12034",".","O"
"12035","πῶς","O"
"12036","οὖν","O"
"12037","ταῦτα","O"
"12038","ἂν","O"
"12039","ἀλλήλοις","O"
"12040","συνᾴδοι","O"
"12041","τὸ","O"
"12042","ἀτυχοῦντι","O"
"12043","μνησικακεῖν","O"
"12044","τῷ","O"
"12045","Ἀγαμέμνονι","PERSON"
"12046","τὸν","O"
"12047","Διομήδην","PERSON"
"12048",",","O"
"12049","καὶ","O"
"12050","τὸ","O"
"12051","ὅτε","O"
"12052","μὲν","O"
"12053","ὠνείδισε","O"
"12054",",","O"
"12055","πράως","O"
"12056","ἐνεγκεῖν","O"
"12057","καὶ","O"
"12058","τῷ","O"
"12059","χαλεπαίνοντι","O"
"12060","Σθενέλῳ","O"
"12061","ἐπιτιμῆσαι","O"
"12062","Τέττα","O"
"12063",",","O"
"12064","σιωπῇ","O"
"12065","ἧσο","O"
"12066",",","O"
"12067","ἐμῷ","O"
"12068","δ","O"
"12069","ἐπιπείθεο","O"
"12070","μύθῳ","O"
"12071","·","O"
"12072","οὐ","O"
"12073","γὰρ","O"
"12074","ἐγὼ","O"
"12075","νεμεσῶ","O"
"12076","Ἀγαμέμνονι","PERSON"
"12077","ποιμένι","O"
"12078","λαῶν","O"
"12079","·","O"
"12080","ἐνταῦθα","O"
"12081","δὲ","O"
"12082","ἀπομνημονεύειν","O"
"12083",";","O"
"12084","εἰ","O"
"12085","γάρ","O"
"12086","τις","O"
"12087","φαίη","O"
"12088","διὰ","O"
"12089","τὸ","O"
"12090","ἠριστευκέναι","O"
"12091","τὸν","O"
"12092","Διομήδην","PERSON"
"12093","ταῦτα","O"
"12094","ποιεῖν","O"
"12095",",","O"
"12096","ἀποφαίνει","O"
"12097","τὸν","O"
"12098","ἄνδρα","O"
"12099","ἀπαίδευτον","O"
"12100",",","O"
"12101","οὐ","O"
"12102","μετρίως","O"
"12103","τῇ","O"
"12104","εὐτυχίᾳ","O"
"12105","χρώμενον","O"
"12106",".","O"
"12107","ἀλλὰ","O"
"12108","τί","O"
"12109","ταῦτ","O"
"12110","ἐστίν","O"
"12111",";","O"
"12112","αὐτὴ","O"
"12113","ἡ","O"
"12114","κατηγορία","O"
"12115","Ἀγαμέμνονος","PERSON"
"12116","μεγίστη","O"
"12117","παρὰ","O"
"12118","τοῦ","O"
"12119","Διομήδους","PERSON"
"12120","τῷ","O"
"12121","βασιλεῖ","O"
"12122","συνηγορία","O"
"12123","ἐστί","O"
"12124",".","O"
"12125","βουλόμενος","O"
"12126","γὰρ","O"
"12127","αὐτῷ","O"
"12128","βοηθῆσαι","O"
"12129","καὶ","O"
"12130","κατασχεῖν","O"
"12131","τοὺς","O"
"12132","Ἕλληνας","NORP"
"12133",",","O"
"12134","ἐν","O"
"12135","προσποιήσει","O"
"12136","τῆς","O"
"12137","πρὸς","O"
"12138","αὐτὸν","O"
"12139","ὀργῆς","O"
"12140","καὶ","O"
"12141","παρρησίας","O"
"12142","ἀναμένειν","O"
"12143","παραινεῖ","O"
"12144",",","O"
"12145","καὶ","O"
"12146","ὡς","O"
"12147","ἀγανακτῶν","O"
"12148",",","O"
"12149","εἰ","O"
"12150","οἴεται","O"
"12151","ὁ","O"
"12152","Ἀγαμέμνων","PERSON"
"12153","τοὺς","O"
"12154","Ἕλληνας","NORP"
"12155","πεισθήσεσθαι","O"
"12156","ἀποπλεῖν","O"
"12157",",","O"
"12158","οὕτω","O"
"12159","πρὸς","O"
"12160","αὐτὸν","O"
"12161","παρρησιάζεται","O"
"12162",",","O"
"12163","ἐπιφέρων","O"
"12164","ταῖς","O"
"12165","λοιδορίαις","O"
"12166","τὴν","O"
"12167","ἔντεχνον","O"
"12168","ὑπόθεσιν","O"
"12169","·","O"
"12170","δαιμόνι","O"
"12171",",","O"
"12172","οὕτω","O"
"12173","που","O"
"12174","μάλα","O"
"12175","ἔλπεαι","O"
"12176","υἷας","O"
"12177","Ἀχαιῶν","NORP"
"12178","ἀπτολέμους","O"
"12179","τ","O"
"12180","ἔμεναι","O"
"12181","καὶ","O"
"12182","ἀνάλκιδας","O"
"12183",",","O"
"12184","ὡς","O"
"12185","ἀγορεύεις","O"
"12186",";","O"
"12187","καὶ","O"
"12188","ὅσα","O"
"12189","ἑξῆς","O"
"12190","ἐπιλέγει","O"
"12191","τὸν","O"
"12192","Ἀγαμέμνονα","PERSON"
"12193","κελεύων","O"
"12194",",","O"
"12195","εἰ","O"
"12196","βούλεται","O"
"12197",",","O"
"12198","ἀποπλεῖν","O"
"12199",",","O"
"12200","τοὺς","O"
"12201","δὲ","O"
"12202","Ἕλληνας","NORP"
"12203","οὐκ","O"
"12204","ἂν","O"
"12205","ἀνασχέσθαι","O"
"12206","ἀπελθεῖν","O"
"12207","φάσκων","O"
"12208","·","O"
"12209","ἐπὶ","O"
"12210","τέλει","O"
"12211","δὲ","O"
"12212","νεανικῶς","O"
"12213","πάνυ","O"
"12214","ἐπαπειλῶν","O"
"12215","εἰ","O"
"12216","δὲ","O"
"12217","καὶ","O"
"12218","αὐτοί","O"
"12219",",","O"
"12220","φευγόντων","O"
"12221",".","O"
"12222","νῶι","O"
"12223","δ","O"
"12224",",","O"
"12225","ἐγὼ","O"
"12226","Σθένελός","O"
"12227","τε","O"
"12228",",","O"
"12229","μαχησόμεθ","O"
"12230",",","O"
"12231","εἰς","O"
"12232","ὅ","O"
"12233","κε","O"
"12234","τέκμωρ","O"
"12235","Ἰλίου","LOC"
"12236","εὕρωμεν","O"
"12237","·","O"
"12238","σὺν","O"
"12239","γὰρ","O"
"12240","θεῷ","O"
"12241","εἰλήλουθμεν","O"
"12242",".","O"
"12243","τοῦτό","O"
"12244","σοι","O"
"12245","τὸ","O"
"12246","παράδειγμα","O"
"12247","τοῦ","O"
"12248","κατηγοροῦντα","O"
"12249","συναγορεύειν","O"
"12250",",","O"
"12251","ἐσχηματισμένῳ","O"
"12252","τῷ","O"
"12253","λόγῳ","O"
"12254","χρώμενον","O"
"12255",".","O"
"12256","ὁ","O"
"12257","δὲ","O"
"12258","Νέστωρ","PERSON"
"12259","διαδεξάμενος","O"
"12260","τὸν","O"
"12261","λόγον","O"
"12262","παρὰ","O"
"12263","τοῦ","O"
"12264","Διομήδους","PERSON"
"12265","τί","O"
"12266","ποιεῖ","O"
"12267",",","O"
"12268","θεασώμεθα","O"
"12269","καὶ","O"
"12270","τῶν","O"
"12271","λόγων","O"
"12272","τὴν","O"
"12273","τέχνην","O"
"12274","ἐξετάσωμεν","O"
"12275",",","O"
"12276","πρότερον","O"
"12277","τὴν","O"
"12278","ἀτοπίαν","O"
"12279",",","O"
"12280","ἂν","O"
"12281","ἁπλῶς","O"
"12282","ᾖ","O"
"12283","λεγόμενος","O"
"12284","ὁ","O"
"12285","λόγος","O"
"12286",",","O"
"12287","καταμαθόντες","O"
"12288",".","O"
"12289","ἐπαινεῖ","O"
"12290","μὲν","O"
"12291","γὰρ","O"
"12292","τὸν","O"
"12293","Διομήδην","PERSON"
"12294","τῶν","O"
"12295","εἰρημένων","O"
"12296",",","O"
"12297","ἐπαινέσας","O"
"12298","δὲ","O"
"12299","οὔ","O"
"12300","φησι","O"
"12301","πάντα","O"
"12302","ἐκτελέσαι","O"
"12303","τὸν","O"
"12304","λόγον","O"
"12305","καὶ","O"
"12306","τοῦ","O"
"12307","μὴ","O"
"12308","ἐκτελέσαι","O"
"12309","τὰ","O"
"12310","ῥητέα","O"
"12311","τὴν","O"
"12312","ἡλικίαν","O"
"12313","αἰτιᾶται","O"
"12314",".","O"
"12315","ὑπισχνεῖται","O"
"12316","δὲ","O"
"12317","αὐτὸς","O"
"12318","ἐρεῖν","O"
"12319","καὶ","O"
"12320","πάντα","O"
"12321","διεξελεύσεσθαι","O"
"12322","·","O"
"12323","εἶτα","O"
"12324","μακρὰ","O"
"12325","προοιμιασάμενος","O"
"12326","καὶ","O"
"12327","ἐπανατεινάμενος","O"
"12328","λόγους","O"
"12329","τινὰς","O"
"12330","θαυμαστοὺς","O"
"12331","ὡς","O"
"12332","ἐρῶν","O"
"12333",",","O"
"12334","τοὺς","O"
"12335","μὲν","O"
"12336","φύλακας","O"
"12337","ἐκπέμπει","O"
"12338","ἐπὶ","O"
"12339","τὴν","O"
"12340","φυλακήν","O"
"12341",",","O"
"12342","τῷ","O"
"12343","δὲ","O"
"12344","Ἀγαμέμνονι","PERSON"
"12345","συμβουλεύει","O"
"12346","δαῖτα","O"
"12347","παρασκευάζειν","O"
"12348","τοῖς","O"
"12349","γέρουσι","O"
"12350",",","O"
"12351","κἀκεῖ","O"
"12352","φησὶν","O"
"12353","πολλῶν","O"
"12354","λεγόντων","O"
"12355","τὰ","O"
"12356","παρὰ","O"
"12357","τοῦ","O"
"12358","ἄριστα","O"
"12359","λέγοντος","O"
"12360","αἱρήσεσθαι","O"
"12361","τὸν","O"
"12362","Ἀγαμέμνονα","PERSON"
"12363",".","O"
"12364","ταῦτα","O"
"12365","οὑτωσὶ","O"
"12366","μὲν","O"
"12367","ἀκοῦσαι","O"
"12368","ἄτοπά","O"
"12369","ἐστιν","O"
"12370",".","O"
"12371","ἀλλ","O"
"12372","εἰδέναι","O"
"12373","χρή","O"
"12374",",","O"
"12375","ὅτι","O"
"12376","ὁ","O"
"12377","Νέστωρ","PERSON"
"12378","καὶ","O"
"12379","αὐτὸς","O"
"12380","σχηματίζει","O"
"12381",",","O"
"12382","καὶ","O"
"12383","δέχεται","O"
"12384","μὲν","O"
"12385","τὰ","O"
"12386","παρὰ","O"
"12387","τοῦ","O"
"12388","Διομήδους","PERSON"
"12389","εἰρημένα","O"
"12390",",","O"
"12391","οὐχ","O"
"12392","ᾗ","O"
"12393","γνώμῃ","O"
"12394","δὲ","O"
"12395","ὁ","O"
"12396","Διομήδης","PERSON"
"12397","εἶπεν","O"
"12398",",","O"
"12399","ἀλλ","O"
"12400","ὡς","O"
"12401","αὐτῷ","O"
"12402","συμφέρει","O"
"12403","πρὸς","O"
"12404","τὸν","O"
"12405","λόγον","O"
"12406",".","O"
"12407","ὁ","O"
"12408","γὰρ","O"
"12409","Διομήδης","PERSON"
"12410","χαριζόμενος","O"
"12411","τῷ","O"
"12412","Ἀγαμέμνονι","PERSON"
"12413","ἐπέπληξεν","O"
"12414","αὐτῷ","O"
"12415","·","O"
"12416","ὃ","O"
"12417","δὲ","O"
"12418","ἐπῄνεσεν","O"
"12419","αὐτοῦ","O"
"12420","τὴν","O"
"12421","παρρησίαν","O"
"12422",",","O"
"12423","ὡς","O"
"12424","καλῶς","O"
"12425","αὐτὸν","O"
"12426","λοιδορησάμενον","O"
"12427","τῷ","O"
"12428","Ἀγαμέμνονι","PERSON"
"12429",".","O"
"12430","τί","O"
"12431","οὖν","O"
"12432","τοῦτο","O"
"12433","βούλεται","O"
"12434",";","O"
"12435","παρασκευάσαι","O"
"12436","βούλεται","O"
"12437","τὸν","O"
"12438","Ἀγαμέμνονα","PERSON"
"12439","ἱκετεῦσαι","O"
"12440","τὸν","O"
"12441","Ἀχιλλέα","PERSON"
"12442",",","O"
"12443","καὶ","O"
"12444","διὰ","O"
"12445","τοῦτο","O"
"12446","ἀποδέχεται","O"
"12447","τοῦ","O"
"12448","νεανίσκου","O"
"12449","τὴν","O"
"12450","εἰς","O"
"12451","τὸν","O"
"12452","βασιλέα","O"
"12453","παρρησίαν","O"
"12454",".","O"
"12455","ἀτὰρ","O"
"12456","οὐ","O"
"12457","τέλος","O"
"12458","ἵκεο","O"
"12459","μύθων","O"
"12460","φησίν","O"
"12461",",","O"
"12462","ἦ","O"
"12463","μὴν","O"
"12464","καὶ","O"
"12465","νέος","O"
"12466","ἐσσί","O"
"12467",".","O"
"12468",",","O"
"12469","ἀτὰρ","O"
"12470","πεπνυμένα","O"
"12471","βάζεις","O"
"12472","Ἀργείων","NORP"
"12473","βασιλῆας","O"
"12474",".","O"
"12475","ἀλλ","O"
"12476","ἄγ","O"
"12477","ἐγών","O"
"12478",",","O"
"12479","ὡς","O"
"12480","σεῖο","O"
"12481","γεραίτερος","O"
"12482","εὔχομαι","O"
"12483","εἶναι","O"
"12484",",","O"
"12485","ἐξείπω","O"
"12486","καὶ","O"
"12487","πάντα","O"
"12488","διίξομαι","O"
"12489",".","O"
"12490","τήρει","O"
"12491","καὶ","O"
"12492","τὰ","O"
"12493","ὀνόματα","O"
"12494","·","O"
"12495","τὸ","O"
"12496","γὰρ","O"
"12497","ἐξείπω","O"
"12498","ὥςπερ","O"
"12499","ἀπορρήτου","O"
"12500","λόγου","O"
"12501","ἐξαγόρευσιν","O"
"12502","ἔχει","O"
"12503",".","O"
"12504","οὐδε","O"
"12505","κε","O"
"12506","τίς","O"
"12507","μοι","O"
"12508","μῦθον","O"
"12509","ἀτιμήσει","O"
"12510",",","O"
"12511","οὐδὲ","O"
"12512","κρείων","O"
"12513","Ἀγαμέμνων","PERSON"
"12514",".","O"
"12515","εἶτα","O"
"12516","πάλιν","O"
"12517","ἐπάγει","O"
"12518","τὸ","O"
"12519","σχῆμα","O"
"12520","ὡς","O"
"12521","διὰ","O"
"12522","κοινοῦ","O"
"12523","δόγματος","O"
"12524","καθαπτόμενος","O"
"12525","τοῦ","O"
"12526","Ἀγαμέμνονος","PERSON"
"12527","·","O"
"12528","ἀφρήτωρ","O"
"12529",",","O"
"12530","ἀθέμιστος","O"
"12531",",","O"
"12532","ἀνέστιός","O"
"12533","ἐστιν","O"
"12534","ἐκεῖνος","O"
"12535",",","O"
"12536","ὅς","O"
"12537","πολέμου","O"
"12538","ἔραται","O"
"12539","ἐπιδημίου","O"
"12540","ὀκρυόεντος","O"
"12541",".","O"
"12542","εἶτα","O"
"12543","δείξας","O"
"12544","τῷ","O"
"12545","Ἀγαμέμνονι","PERSON"
"12546","τὴν","O"
"12547","ὁρμὴν","O"
"12548","τοῦ","O"
"12549","λόγου","O"
"12550","τὸ","O"
"12551","μὲν","O"
"12552","ἀποκαλύπτειν","O"
"12553","τὸν","O"
"12554","λόγον","O"
"12555","καὶ","O"
"12556","σαφῶς","O"
"12557","ἐλέγχειν","O"
"12558","αὐτὸν","O"
"12559","παρίησιν","O"
"12560",",","O"
"12561","ἀποπέμπεται","O"
"12562","δὲ","O"
"12563","τοὺς","O"
"12564","νεωτέρους","O"
"12565",",","O"
"12566","ὡς","O"
"12567","ἂν","O"
"12568","μὴ","O"
"12569","αἰσχύνοιτο","O"
"12570","ὁ","O"
"12571","Ἀγαμέμνων","PERSON"
"12572","ἐκείνων","O"
"12573","ἀκουόντων","O"
"12574","ἐλεγχόμενος","O"
"12575","·","O"
"12576","ἀλλ","O"
"12577","ἤτοι","O"
"12578","νῦν","O"
"12579","μὲν","O"
"12580","πειθώμεθα","O"
"12581","νυκτὶ","O"
"12582","μελαίνῃ","O"
"12583",",","O"
"12584","δόρπα","O"
"12585","τ","O"
"12586","ἐφοπλισόμεσθα","O"
"12587","·","O"
"12588","φυλακτῆρες","O"
"12589","δὲ","O"
"12590","ἕκαστοι","O"
"12591","λεξάσθων","O"
"12592","παρὰ","O"
"12593","τάφρον","O"
"12594","ὀρυκτὴν","O"
"12595","τείχεος","O"
"12596","ἐκτός","O"
"12597",".","O"
"12598","εἶτα","O"
"12599","ἀποπέμψας","O"
"12600","τοὺς","O"
"12601","νέους","O"
"12602","ἰδίαν","O"
"12603","σύνοδον","O"
"12604","πρὸς","O"
"12605","τὴν","O"
"12606","παρρησίαν","O"
"12607","αὑτῷ","O"
"12608","μηχανᾶται","O"
"12609","ἐπιφέρων","O"
"12610","·","O"
"12611","κούροισιν","O"
"12612","μὲν","O"
"12613","ταῦτ","O"
"12614","ἐπιτέλλομαι","O"
"12615","·","O"
"12616","αὐτὰρ","O"
"12617","ἔπειτα","O"
"12618",",","O"
"12619","Ἀτρείδη","O"
"12620",",","O"
"12621","σὺ","O"
"12622","μὲν","O"
"12623","ἄρχε","O"
"12624","·","O"
"12625","σὺ","O"
"12626","γὰρ","O"
"12627","βασιλεύτερός","O"
"12628","ἐσσι","O"
"12629","·","O"
"12630","δαίνυ","O"
"12631","δαῖτα","O"
"12632","γέρουσιν","O"
"12633","·","O"
"12634","ἔοικέ","O"
"12635","τοι","O"
"12636",",","O"
"12637","οὔ","O"
"12638","τοι","O"
"12639","ἀεικές","O"
"12640",".","O"
"12641","πολλῶν","O"
"12642","δ","O"
"12643","ἀγρομένων","O"
"12644","τῷ","O"
"12645","πείσεαι","O"
"12646",",","O"
"12647","ὅς","O"
"12648","κεν","O"
"12649","ἀρίστην","O"
"12650","βουλὴν","O"
"12651","βουλεύσῃ","O"
"12652",".","O"
"12653","εἶτα","O"
"12654","ἀναβαλλόμενος","O"
"12655",",","O"
"12656","ὡς","O"
"12657","εἰς","O"
"12658","τοῦτο","O"
"12659","ἐρῶν","O"
"12660","πάλιν","O"
"12661","ὑπαινίττεται","O"
"12662","καὶ","O"
"12663","τὰς","O"
"12664","ἀνάγκας","O"
"12665","τοῦ","O"
"12666","ἱκετεῦσαι","O"
"12667","δεῖν","O"
"12668","τὸν","O"
"12669","Ἀχιλλέα","PERSON"
"12670","ἐπάγει","O"
"12671","βιαίως","O"
"12672","πρὸς","O"
"12673","τὸν","O"
"12674","Ἀγαμέμνονα","PERSON"
"12675","λέγων","O"
"12676","·","O"
"12677","μάλα","O"
"12678","δὲ","O"
"12679","χρεὼ","O"
"12680","πάντας","O"
"12681","Ἀχαιοὺς","NORP"
"12682","ἐσθλῆς","O"
"12683","καὶ","O"
"12684","πυκινῆς","O"
"12685",",","O"
"12686","ὅτι","O"
"12687","δήιοι","O"
"12688","ἐγγύθι","O"
"12689","νηῶν","O"
"12690","καίουσιν","O"
"12691","πυρὰ","O"
"12692","πολλά","O"
"12693",".","O"
"12694","τίς","O"
"12695","ἂν","O"
"12696","τάδε","O"
"12697","γηθήσειε","O"
"12698",";","O"
"12699","καὶ","O"
"12700","ἐπάγει","O"
"12701","τὴν","O"
"12702","ἀνάγκην","O"
"12703","τῆς","O"
"12704","ἱκετείας","O"
"12705",",","O"
"12706","ὡς","O"
"12707","οὐ","O"
"12708","δι","O"
"12709","ἀναβολῆς","O"
"12710","δέον","O"
"12711","αὐτὴν","O"
"12712","ἀλλ","O"
"12713","ἤδη","O"
"12714","γενέσθαι","O"
"12715","·","O"
"12716","νὺξ","O"
"12717","δ","O"
"12718","ἥδ","O"
"12719","ἠὲ","O"
"12720","διαρραίσει","O"
"12721","στρατὸν","O"
"12722","ἠὲ","O"
"12723","σαώσει","O"
"12724",".","O"
"12725","ταῦτα","O"
"12726","εἰπὼν","O"
"12727","ἐν","O"
"12728","κοινῷ","O"
"12729",",","O"
"12730","ἐπειδὴ","O"
"12731","καθ","O"
"12732","αὑτοὺς","O"
"12733","οἱ","O"
"12734","γέροντες","O"
"12735","γίνονται","O"
"12736",",","O"
"12737","ὥςπερ","O"
"12738","ἀποδείξας","O"
"12739","καὶ","O"
"12740","οὐ","O"
"12741","δεόμενος","O"
"12742","μακρῶν","O"
"12743","λόγων","O"
"12744","ἀποκαλύπτει","O"
"12745","τὸ","O"
"12746","σχῆμα","O"
"12747","φανερῶς","O"
"12748","λέγων","O"
"12749","·","O"
"12750","οὐ","O"
"12751","γάρ","O"
"12752","τις","O"
"12753","νόον","O"
"12754","ἄλλον","O"
"12755","ἀμείνονα","O"
"12756","τοῦδε","O"
"12757","νοήσει","O"
"12758",",","O"
"12759","οἷον","O"
"12760","ἐγ","O"
"12761","νοέω","O"
"12762","ἠμὲν","O"
"12763","πάλαι","O"
"12764","ἠδ","O"
"12765","ἔτι","O"
"12766","καὶ","O"
"12767","νῦν","O"
"12768","ἐξέτι","O"
"12769","τοῦ","O"
"12770",",","O"
"12771","ὅτε","O"
"12772","διογενεῦς","PERSON"
"12773","Βρισηίδα","PERSON"
"12774","κούρην","O"
"12775","χωομένου","O"
"12776","Ἀχιλῆος","PERSON"
"12777","ἔβης","O"
"12778","κλισίηθεν","O"
"12779","ἀπούρας","O"
"12780",",","O"
"12781","οὔ","O"
"12782","τι","O"
"12783","καθ","O"
"12784","ἡμέτερόν","O"
"12785","γε","O"
"12786","νόον","O"
"12787","·","O"
"12788","μάλα","O"
"12789","γάρ","O"
"12790","τοι","O"
"12791","ἔγωγε","O"
"12792","πόλλ","O"
"12793","ἀπεμυθεόμην","O"
"12794","·","O"
"12795","σὺ","O"
"12796","δὲ","O"
"12797","σῷ","O"
"12798","μεγαλήτορι","O"
"12799","θυμῷ","O"
"12800","εἴξας","O"
"12801","ἄνδρα","O"
"12802","φέριστον","O"
"12803",",","O"
"12804","ὃν","O"
"12805","ἀθάνατοί","O"
"12806","περ","O"
"12807","ἔτισαν","O"
"12808",",","O"
"12809","ἠτίμησας","O"
"12810","·","O"
"12811","ἑλὼν","O"
"12812","γὰρ","O"
"12813","ἔχεις","O"
"12814","γέρας","O"
"12815",".","O"
"12816","εἶτα","O"
"12817","ἐπάγει","O"
"12818","·","O"
"12819","ἀλλ","O"
"12820","ἔτι","O"
"12821","καὶ","O"
"12822","νῦν","O"
"12823","φρασσώμεσθ","O"
"12824",",","O"
"12825","ὡς","O"
"12826","κέν","O"
"12827","μιν","O"
"12828","ἀρεσσάμενοι","O"
"12829","πεπίθοιμεν","O"
"12830","δώροισίν","O"
"12831","τ","O"
"12832","ἀγανοῖσιν","O"
"12833","ἔπεσσί","O"
"12834","τε","O"
"12835","μειλιχίοισιν","O"
"12836",".","O"
"12837","καὶ","O"
"12838","πείθεται","O"
"12839","τούτοις","O"
"12840","ὁ","O"
"12841","Ἀγαμέμνων","PERSON"
"12842",".","O"
"12843","οὗτός","O"
"12844","σοι","O"
"12845","ὁ","O"
"12846","τρόπος","O"
"12847","τοῦ","O"
"12848","καὶ","O"
"12849","ὡς","O"
"12850","ἀναβαλλόμενον","O"
"12851","ἐρεῖν","O"
"12852","ἤδη","O"
"12853","λέγειν","O"
"12854","τὸν","O"
"12855","ἐσχηματισμένον","O"
"12856","λόγον","O"
"12857",".","O"
"12858","Ἐπανέλθωμεν","O"
"12859","δὲ","O"
"12860","ἐπὶ","O"
"12861","τὸν","O"
"12862","ὑπόλοιπον","O"
"12863","λόγον","O"
"12864","τὸν","O"
"12865","περὶ","O"
"12866","τῶν","O"
"12867","τὰ","O"
"12868","ἐναντία","O"
"12869","λεγόντων","O"
"12870","καὶ","O"
"12871","τὰ","O"
"12872","ἐναντία","O"
"12873","βουλομένων","O"
"12874","οἷς","O"
"12875","λέγουσιν","O"
"12876",".","O"
"12877","τούτου","O"
"12878","τοίνυν","O"
"12879","τοῦ","O"
"12880","λόγου","O"
"12881","παράδειγμα","O"
"12882","ὁ","O"
"12883","τοῦ","O"
"12884","Ὁμηροῦ","PERSON"
"12885","ἐστὶν","O"
"12886","Ἀγαμέμνων","PERSON"
"12887",",","O"
"12888","ἐν","O"
"12889","τῇ","O"
"12890","ἀποπείρᾳ","O"
"12891","τῶν","O"
"12892","Ἑλλήνων","NORP"
"12893","τὸ","O"
"12894","εἶδος","O"
"12895","τῶν","O"
"12896","λόγων","O"
"12897","ἡμῖν","O"
"12898","παραδιδούς","O"
"12899",".","O"
"12900","καὶ","O"
"12901","πρῶτον","O"
"12902","μὲν","O"
"12903","προτείνας","O"
"12904","τὴν","O"
"12905","ὑπόθεσιν","O"
"12906","ἀλλ","O"
"12907","ἄγετ","O"
"12908","αἴ","O"
"12909","κέν","O"
"12910","πως","O"
"12911","θωρήξομεν","O"
"12912","υἷας","O"
"12913","Ἀχαιῶν","NORP"
"12914","·","O"
"12915","πρῶτα","O"
"12916","δ","O"
"12917","ἐγὼν","O"
"12918","ἔπεσιν","O"
"12919","πειρήσομαι","O"
"12920",",","O"
"12921","ἥ","O"
"12922","θέμις","O"
"12923","ἐστί","O"
"12924",",","O"
"12925","καὶ","O"
"12926","φεύγειν","O"
"12927","σὺν","O"
"12928","νηυσὶ","O"
"12929","πολυκλήισι","O"
"12930","κελεύσω","O"
"12931","·","O"
"12932","ὑμεῖς","O"
"12933","δ","O"
"12934","ἄλλοθεν","O"
"12935","ἄλλος","O"
"12936","ἐρητύειν","O"
"12937","ἐπέεσσιν","O"
"12938","ἐπάγει","O"
"12939","τὴν","O"
"12940","τέχνην","O"
"12941","ἐν","O"
"12942","τῇ","O"
"12943","δημηγορίᾳ","O"
"12944","ἀσθενεῖς","O"
"12945","προτάσεις","O"
"12946","προτείνων","O"
"12947","καὶ","O"
"12948","λαβὰς","O"
"12949","ἀντιλογίας","O"
"12950","διδοὺς","O"
"12951","τῷ","O"
"12952","βουλομένῳ","O"
"12953","ἐναντιοῦσθαι","O"
"12954","καὶ","O"
"12955","στρεφόμενα","O"
"12956","λέγων","O"
"12957",".","O"
"12958","ἴδωμεν","O"
"12959","δὲ","O"
"12960","αὐτὰ","O"
"12961","τὰ","O"
"12962","ἔπη","O"
"12963","·","O"
"12964","Ζεύς","GOD"
"12965","με","O"
"12966","μέγας","O"
"12967","Κρονίδης","O"
"12968","ἄτῃ","O"
"12969","ἐνέδησε","O"
"12970","βαρείῃ","O"
"12971",",","O"
"12972","σχέτλιος","O"
"12973",",","O"
"12974","ὃς","O"
"12975","πρὶν","O"
"12976","μέν","O"
"12977","μοι","O"
"12978","ὑπέσχετο","O"
"12979","καὶ","O"
"12980","κατένευσεν","O"
"12981","Ἴλιον","LOC"
"12982","ἐκπέρσαντ","O"
"12983","εὐτείχεον","O"
"12984","ἀπονέεσθαι","O"
"12985",".","O"
"12986","ἔχοι","O"
"12987","τις","O"
"12988","ἂν","O"
"12989","ἀντειπεῖν","O"
"12990","πρὸς","O"
"12991","τὸν","O"
"12992","Ἀγαμέμνονα","PERSON"
"12993","·","O"
"12994","εἰ","O"
"12995","τοίνυν","O"
"12996","ὑπέσχετο","O"
"12997","καὶ","O"
"12998","κατένευσεν","O"
"12999",",","O"
"13000","ὅ","O"
"13001","πέρ","O"
"13002","ἐστιν","O"
"13003","μέγιστον","O"
"13004","σημεῖον","O"
"13005","τοῦ","O"
"13006","ἀψευδεῖν","O"
"13007","τὸν","O"
"13008","Δία","GOD"
"13009",",","O"
"13010","ὡς","O"
"13011","αὐτὸς","O"
"13012","ὁ","O"
"13013","Ζεὺς","GOD"
"13014","ὁ","O"
"13015","Ὁμήρου","PERSON"
"13016","λέγει","O"
"13017","·","O"
"13018","εἰ","O"
"13019","δ","O"
"13020","ἄγε","O"
"13021","τοι","O"
"13022","κεφαλῇ","O"
"13023","κατανεύσομαι","O"
"13024",",","O"
"13025","ὄφρα","O"
"13026","πεποίθῃς","O"
"13027","·","O"
"13028","τοῦτο","O"
"13029","γὰρ","O"
"13030","ἐξ","O"
"13031","ἐμέθεν","O"
"13032","γε","O"
"13033","μετ","O"
"13034","ἀθανάτοισι","O"
"13035","μέγιστον","O"
"13036","τέκμωρ","O"
"13037",".","O"
"13038","οὐ","O"
"13039","γὰρ","O"
"13040","ἐμὸν","O"
"13041","παλινάγρετον","O"
"13042","οὐδ","O"
"13043","ἀπατηλὸν","O"
"13044","οὐδ","O"
"13045","ἀτελεύτητον","O"
"13046",",","O"
"13047","ὅ","O"
"13048","τί","O"
"13049","κεν","O"
"13050","κεφαλῇ","O"
"13051","κατανεύσω","O"
"13052","·","O"
"13053","εἰ","O"
"13054","τοίνυν","O"
"13055","ὁ","O"
"13056","Ζεὺς","GOD"
"13057","ὑπέσχετό","O"
"13058","σοι","O"
"13059","καὶ","O"
"13060","κατένευσεν","O"
"13061",",","O"
"13062","πῶς","O"
"13063","ἀξιοῖς","O"
"13064","ἀποπλεῖν","O"
"13065",";","O"
"13066","εἶτα","O"
"13067","πάλιν","O"
"13068","ἐπάγει","O"
"13069","νῦν","O"
"13070","δὲ","O"
"13071","κακὴν","O"
"13072","ἀπάτην","O"
"13073","βουλεύσατο","O"
"13074",",","O"
"13075","καί","O"
"13076","με","O"
"13077","κελεύει","O"
"13078","δυσκλέα","O"
"13079","Ἄργος","LOC"
"13080","ἱκέσθαι","O"
"13081",",","O"
"13082","ἐπεὶ","O"
"13083","πολὺν","O"
"13084","ὤλεσα","O"
"13085","λαόν","O"
"13086",".","O"
"13087","πάλιν","O"
"13088","ἀντιλαβὴν","O"
"13089","διδοὺς","O"
"13090","ἐν","O"
"13091","τῷ","O"
"13092","δυσκλέα","O"
"13093","·","O"
"13094","δικαίως","O"
"13095","γὰρ","O"
"13096","ἄν","O"
"13097","τις","O"
"13098","ἀντείποι","O"
"13099","πρὸς","O"
"13100","αὐτόν","O"
"13101",",","O"
"13102","ὅτι","O"
"13103","οὐ","O"
"13104","χρὴ","O"
"13105","αἰσχρῶς","O"
"13106","ἀπαλλάττεσθαι","O"
"13107",".","O"
"13108","εἶτα","O"
"13109","ἑξῆς","O"
"13110","λέγει","O"
"13111","οὕτω","O"
"13112","που","O"
"13113","Διὶ","GOD"
"13114","μέλλει","O"
"13115","ὑπερμενέι","O"
"13116","φίλον","O"
"13117","εἶναι","O"
"13118","·","O"
"13119","τήρει","O"
"13120","τὴν","O"
"13121","φωνὴν","O"
"13122","αὐτήν","O"
"13123",",","O"
"13124","ὅτι","O"
"13125","στοχασμὸν","O"
"13126","ἔχει","O"
"13127",",","O"
"13128","οὐκ","O"
"13129","ἀπόφασιν","O"
"13130","σαφῆ","O"
"13131",".","O"
"13132","εἶτα","O"
"13133","ἐφεξῆς","O"
"13134","ὃς","O"
"13135","δὴ","O"
"13136","πολλάων","O"
"13137","πολίων","O"
"13138","κατέλυσε","O"
"13139","κάρηνα","O"
"13140","ἠδ","O"
"13141","ἔτι","O"
"13142","καὶ","O"
"13143","λύσει","O"
"13144","·","O"
"13145","πάλιν","O"
"13146","εἴποι","O"
"13147","τις","O"
"13148","ἂν","O"
"13149","πρὸς","O"
"13150","αὐτόν","O"
"13151","·","O"
"13152","εἰ","O"
"13153","τοίνυν","O"
"13154","κατέλυσε","O"
"13155","πόλεις","O"
"13156","πολλὰς","O"
"13157","καὶ","O"
"13158","καταλύσει","O"
"13159",",","O"
"13160","πιστευτέον","O"
"13161","τῷ","O"
"13162","Διὶ","GOD"
"13163","καὶ","O"
"13164","μενετέον","O"
"13165",".","O"
"13166","τὸ","O"
"13167","δὲ","O"
"13168","ἐφεξῆς","O"
"13169","θαυμασίως","O"
"13170","στρεφόμενόν","O"
"13171","ἐστιν","O"
"13172",",","O"
"13173","ᾧ","O"
"13174","χρῆται","O"
"13175","καὶ","O"
"13176","ὁ","O"
"13177","ἀντιλέγων","O"
"13178",",","O"
"13179","αἰσχρὸν","O"
"13180","γὰρ","O"
"13181","τόδε","O"
"13182","γ","O"
"13183","ἐστὶ","O"
"13184","καὶ","O"
"13185","ἐσσομένοισι","O"
"13186","πυθέσθαι","O"
"13187",",","O"
"13188","μὰψ","O"
"13189","οὕτω","O"
"13190","τοιόνδε","O"
"13191","τοσόνδε","O"
"13192","τε","O"
"13193","λαὸν","O"
"13194","Ἀχαιῶν","NORP"
"13195","ἄπρηκτον","O"
"13196","πόλεμον","O"
"13197","πολεμίζειν","O"
"13198","ἠδὲ","O"
"13199","μάχεσθαι","O"
"13200",".","O"
"13201","αὐτὸ","O"
"13202","γὰρ","O"
"13203","τοῦτο","O"
"13204","τὸ","O"
"13205","αἰσχρὸν","O"
"13206","ὁ","O"
"13207","μένειν","O"
"13208","ἀξιῶν","O"
"13209","προτείνει","O"
"13210",",","O"
"13211","καὶ","O"
"13212","ταῦτα","O"
"13213","αὐτὰ","O"
"13214","Οδυσσεὺς","PERSON"
"13215","λέγει","O"
"13216",".","O"
"13217","τὸ","O"
"13218","δὲ","O"
"13219","τέλος","O"
"13220","τῶν","O"
"13221","λόγων","O"
"13222","ἰσχυρῶς","O"
"13223","ἐναντία","O"
"13224","βουλομένουυ","O"
"13225","ἐστὶν","O"
"13226","οἷς","O"
"13227","λέγει","O"
"13228","ἀλλ","O"
"13229","ἄγεθ","O"
"13230",",","O"
"13231","ὡς","O"
"13232","ἂν","O"
"13233","ἐγὼ","O"
"13234","εἴπω","O"
"13235",",","O"
"13236","πειθώμεθα","O"
"13237","πάντες","O"
"13238",",","O"
"13239","φεύγωμεν","O"
"13240","σὺν","O"
"13241","νηυσὶ","O"
"13242","φίλην","O"
"13243","ἐς","O"
"13244","πατρίδα","O"
"13245","γαῖαν","O"
"13246",".","O"
"13247","τὸ","O"
"13248","γὰρ","O"
"13249","αἰσχρὸν","O"
"13250","τοῦ","O"
"13251","ὀνόματος","O"
"13252","κατέχει","O"
"13253","μᾶλλον","O"
"13254","ἢ","O"
"13255","ἀποπέμπει","O"
"13256","τοὺς","O"
"13257","Ἕλληνας","NORP"
"13258",".","O"
"13259","τούτῳ","O"
"13260","γέ","O"
"13261","τοι","O"
"13262","τῷ","O"
"13263","ὀνόματι","O"
"13264","καὶ","O"
"13265","ἡ","O"
"13266","Ἥρα","GOD"
"13267","πρὸς","O"
"13268","τὴν","O"
"13269","Ἀθηνᾶν","GOD"
"13270","χρῆται","O"
"13271",",","O"
"13272","τούτῳ","O"
"13273","ἡ","O"
"13274","Ἀθηνᾶ","GOD"
"13275","πρὸς","O"
"13276","τὸν","O"
"13277","δυσσέα","O"
"13278",",","O"
"13279","τούτῳ","O"
"13280","δυσσεὺς","O"
"13281","πρὸς","O"
"13282","τὸ","O"
"13283","πλῆθος","O"
"13284",",","O"
"13285","καὶ","O"
"13286","ὁ","O"
"13287","Ἀγαμέμνων","PERSON"
"13288","δὲ","O"
"13289","πρὸς","O"
"13290","τὸν","O"
"13291","Ἀχιλλέα","PERSON"
"13292","τούτῳ","O"
"13293","κέχρηται","O"
"13294",",","O"
"13295","καὶ","O"
"13296","ὅλως","O"
"13297","Ὅμηρος","PERSON"
"13298","πανταχοῦ","O"
"13299","τὸ","O"
"13300","τῆς","O"
"13301","φυγῆς","O"
"13302","ὄνομα","O"
"13303","ἐπ","O"
"13304","αἰσχροῦ","O"
"13305","καὶ","O"
"13306","δειλίας","O"
"13307","τάττει","O"
"13308",".","O"
"13309","οὕτω","O"
"13310","μὲν","O"
"13311","δὴ","O"
"13312","καὶ","O"
"13313","ἐνδόσιμα","O"
"13314","καὶ","O"
"13315","εὐδιάλυτα","O"
"13316","προτείνει","O"
"13317",",","O"
"13318","καὶ","O"
"13319","στρεφόμενα","O"
"13320","καὶ","O"
"13321","ἐναντία","O"
"13322","λέγει","O"
"13323",".","O"
"13324","Λοιπὸς","O"
"13325","δὲ","O"
"13326","ἡμῖν","O"
"13327","ἐστι","O"
"13328","λόγος","O"
"13329",",","O"
"13330","τοῦ","O"
"13331","λανθάνειν","O"
"13332","ἡ","O"
"13333","τέχνη","O"
"13334",".","O"
"13335","τίς","O"
"13336","οὖν","O"
"13337","ἡ","O"
"13338","τέχνη","O"
"13339",";","O"
"13340","ἡ","O"
"13341","τοῦ","O"
"13342","πάθους","O"
"13343","προσθήκη","O"
"13344",".","O"
"13345","ὡς","O"
"13346","γὰρ","O"
"13347","σχετλιάζων","O"
"13348","τοὺς","O"
"13349","λόγους","O"
"13350","ποιεῖται","O"
"13351",",","O"
"13352","καὶ","O"
"13353","ἤρξατο","O"
"13354","ἀπὸ","O"
"13355","τοῦ","O"
"13356","μέμφεσθαι","O"
"13357","τὸν","O"
"13358","Δία","GOD"
"13359","καὶ","O"
"13360","βλασφημεῖν","O"
"13361","εἰς","O"
"13362","τὸν","O"
"13363","θεόν","O"
"13364","·","O"
"13365","οὕτως","O"
"13366","ἔκλεψεν","O"
"13367","τὸν","O"
"13368","ἀκροατήν","O"
"13369",".","O"
"13370","οἱ","O"
"13371","γὰρ","O"
"13372","ἀκούοντες","O"
"13373","οἴονται","O"
"13374","αὐτὸν","O"
"13375","ὑπὸ","O"
"13376","ἀκρασίας","O"
"13377","οὐκ","O"
"13378","ἀκριβεῖ","O"
"13379","λόγῳ","O"
"13380","χρώμενον","O"
"13381","ἀλλὰ","O"
"13382","πάθει","O"
"13383","ταῦτα","O"
"13384","διεξιέναι","O"
"13385",".","O"
"13386","αὕτη","O"
"13387","καὶ","O"
"13388","τοῦ","O"
"13389","σχηματίζοντα","O"
"13390","τὸν","O"
"13391","σχηματισμὸν","O"
"13392","τοῦτον","O"
"13393","λαθεῖν","O"
"13394","ἡ","O"
"13395","μέθοδος","O"
"13396",".","O"
"13397","Ἔχεῖς","O"
"13398","οὖν","O"
"13399","συμπλοκὴν","O"
"13400","πίστεων","O"
"13401",",","O"
"13402","ἥ","O"
"13403","περ","O"
"13404","μεγίστη","O"
"13405","σχημάτων","O"
"13406","μέθοδος","O"
"13407","·","O"
"13408","ἄ","O"
"13409","περ","O"
"13410","ἂν","O"
"13411","εἶπες","O"
"13412","εἰς","O"
"13413","ἁπλῆν","O"
"13414","ὑπόθεσιν","O"
"13415",",","O"
"13416","τὰ","O"
"13417","αὐτὰ","O"
"13418","λέγοντα","O"
"13419","ἐπὶ","O"
"13420","τῶν","O"
"13421","πλαγίων","O"
"13422","λόγων","O"
"13423","τὸ","O"
"13424","σχῆμα","O"
"13425","περαίνειν","O"
"13426","·","O"
"13427","συγκατασκευάζοντα","O"
"13428","τὸν","O"
"13429","οἰκεῖον","O"
"13430","ἀγῶνα","O"
"13431","τῷ","O"
"13432","κοινῷ","O"
"13433",",","O"
"13434","ὡς","O"
"13435","ἔμαθες","O"
"13436","παρὰ","O"
"13437","Δημοσθένους","PERSON"
"13438",",","O"
"13439","παρὰ","O"
"13440","Θουκυδίδου","PERSON"
"13441",",","O"
"13442","παρὰ","O"
"13443","Πλάτωνος","PERSON"
"13444","·","O"
"13445","εὐδιάλυτα","O"
"13446","λέγειν","O"
"13447","·","O"
"13448","στρεφομένοις","O"
"13449","χρῆσθαι","O"
"13450","λόγοις","O"
"13451","ἐν","O"
"13452","προσποιήσει","O"
"13453","πάθους","O"
"13454",".","O"
"13455","καὶ","O"
"13456","ὅλως","O"
"13457","εἰδέναι","O"
"13458","χρή","O"
"13459",",","O"
"13460","ὅτι","O"
"13461","τὰ","O"
"13462","σχήματα","O"
"13463","οὐχὶ","O"
"13464","προσκρούματά","O"
"13465","ἐστιν","O"
"13466","ἐν","O"
"13467","ὀνομάτων","O"
"13468","ἀμφιβολίαις","O"
"13469","λεγόμενα","O"
"13470",",","O"
"13471","ἀλλὰ","O"
"13472","ἀγῶνες","O"
"13473","ὅλοι","O"
"13474","τέχνῃ","O"
"13475","τῆς","O"
"13476","συμπλοκῆς","O"
"13477","διοικούμενοι","O"
"13478",".","O"
"13479","ἡ","O"
"13480","μὲν","O"
"13481","γὰρ","O"
"13482","διαίρεσις","O"
"13483","ἁπλῆ","O"
"13484","τῶν","O"
"13485","σχημάτων","O"
"13486",",","O"
"13487","ἡ","O"
"13488","δὲ","O"
"13489","κατασκευὴ","O"
"13490","τῶν","O"
"13491","κεφαλαίων","O"
"13492","ἑκάστων","O"
"13493","ὡς","O"
"13494","δι","O"
"13495","ἁπλῶν","O"
"13496","πορευομένοις","O"
"13497","τοὺς","O"
"13498","πλαγίους","O"
"13499","περαίνει","O"
"13500","λόγους","O"
"13501",".","O"
"13502","Περὶ","O"
"13503","ἐσχηματισμένων","O"
"13504","β","O"
"13505","Τολμῶσί","O"
"13506","τινες","O"
"13507","λέγειν","O"
"13508",",","O"
"13509","ὅτι","O"
"13510","οὐκ","O"
"13511","ἔστιν","O"
"13512","ἐσχηματισμένη","O"
"13513","ἰδέα","O"
"13514","λόγων","O"
"13515",".","O"
"13516","δεῖ","O"
"13517","γὰρ","O"
"13518","ἁπλῶς","O"
"13519","λέγειν","O"
"13520","ἢ","O"
"13521","μὴ","O"
"13522","λέγειν","O"
"13523",".","O"
"13524","καὶ","O"
"13525","γὰρ","O"
"13526","οὐδὲν","O"
"13527","πλέον","O"
"13528","τὸ","O"
"13529","καθ","O"
"13530","ὑπόνοιαν","O"
"13531","λέγειν","O"
"13532",".","O"
"13533","εἰ","O"
"13534","γὰρ","O"
"13535","συνίησιν","O"
"13536","ὁ","O"
"13537","ἀκούων","O"
"13538",",","O"
"13539","ἐξ","O"
"13540","ἴσου","O"
"13541","καθέστηκεν","O"
"13542","τῷ","O"
"13543","φανερῶς","O"
"13544","ἀκούοντι","O"
"13545","·","O"
"13546","εἰ","O"
"13547","μὴ","O"
"13548","συνίησι","O"
"13549",",","O"
"13550","πλέον","O"
"13551","οὐδὲν","O"
"13552","τῷ","O"
"13553","λέγοντι","O"
"13554",".","O"
"13555","ἡμεῖς","O"
"13556","δὲ","O"
"13557","φαμέν","O"
"13558",",","O"
"13559","ὅτι","O"
"13560","τοσοῦτον","O"
"13561","ἀπέχει","O"
"13562","ὀρθῶς","O"
"13563","λέγειν","O"
"13564","ὁ","O"
"13565","λέγων","O"
"13566","μὴ","O"
"13567","εἶναι","O"
"13568","ἐσχηματισμένους","O"
"13569","λόγους","O"
"13570",",","O"
"13571","ὥςτε","O"
"13572","τοὐναντίον","O"
"13573","οὐδεὶς","O"
"13574","λόγος","O"
"13575","ἀσχημάτιστος","O"
"13576","οὐδὲ","O"
"13577","ἁπλοῦς","O"
"13578","λόγος","O"
"13579","οὐδείς","O"
"13580",".","O"
"13581","καὶ","O"
"13582","δὴ","O"
"13583","ἀπὸ","O"
"13584","τῶν","O"
"13585","συντρόφων","O"
"13586","καὶ","O"
"13587","συνήθων","O"
"13588","ἀρχώμεθα","O"
"13589",".","O"
"13590","τὸ","O"
"13591","προσαγορεύειν","O"
"13592","ἄνευ","O"
"13593","σχήματος","O"
"13594","οὐ","O"
"13595","γίνεται","O"
"13596","·","O"
"13597","ὃ","O"
"13598","μὲν","O"
"13599","φιλοφρόνως","O"
"13600","προσαγορεύει","O"
"13601",",","O"
"13602","ὃ","O"
"13603","δὲ","O"
"13604","αἰδημόνως","O"
"13605",",","O"
"13606","ὃ","O"
"13607","δὲ","O"
"13608","σκώπτων","O"
"13609",",","O"
"13610","ὃ","O"
"13611","δὲ","O"
"13612","λαρῶς","NORP"
"13613",",","O"
"13614","ὃ","O"
"13615","δὲ","O"
"13616","ὡς","O"
"13617","θαυμάζων","O"
"13618",".","O"
"13619","αἱ","O"
"13620","κλήσεις","O"
"13621","εἰς","O"
"13622","ἴδια","O"
"13623","δεῖπνα","O"
"13624","σχηματισμοῦ","O"
"13625","δέονται","O"
"13626","·","O"
"13627","οὐ","O"
"13628","γὰρ","O"
"13629","πάντας","O"
"13630","ὁμοίως","O"
"13631","τις","O"
"13632","καλεῖ","O"
"13633",",","O"
"13634","ἀλλὰ","O"
"13635","ἑκάστῳ","O"
"13636","τὴν","O"
"13637","πρέπουσαν","O"
"13638","κλῆσιν","O"
"13639","προστίθησιν","O"
"13640",".","O"
"13641","αἱ","O"
"13642","τῶν","O"
"13643","δανεισμάτων","O"
"13644","ἀπαιτήσεις","O"
"13645","οὐ","O"
"13646","πρὸς","O"
"13647","πάντας","O"
"13648","ὅμοιαι","O"
"13649",",","O"
"13650","ἀλλ","O"
"13651","εὐπρεπείας","O"
"13652","δέονται","O"
"13653","καὶ","O"
"13654","διοικήσεως","O"
"13655","·","O"
"13656","καὶ","O"
"13657","αἳ","O"
"13658","μέν","O"
"13659","εἰσι","O"
"13660","θρασύτεραι","O"
"13661",",","O"
"13662","αἳ","O"
"13663","δὲ","O"
"13664","μετριώτεραι","O"
"13665",",","O"
"13666","αἳ","O"
"13667","δὲ","O"
"13668","ἄλλης","O"
"13669","προφάσεως","O"
"13670","δέονται","O"
"13671",".","O"
"13672","ἵνα","O"
"13673","βραχέως","O"
"13674","εἴπω","O"
"13675",",","O"
"13676","ὅλον","O"
"13677","τὸ","O"
"13678","τῆς","O"
"13679","εἰρωνείας","O"
"13680","σχῆμα","O"
"13681","ἐσχηματισμένου","O"
"13682","λόγου","O"
"13683","σημεῖόν","O"
"13684","ἐστι","O"
"13685",".","O"
"13686","Δείξομεν","O"
"13687","δὲ","O"
"13688","καὶ","O"
"13689","ἀγῶνας","O"
"13690","ὅλους","O"
"13691","ἐσχηματισμένους","O"
"13692","καὶ","O"
"13693","λόγους","O"
"13694","δημηγορικοὺς","O"
"13695","ἐσχηματισμένους","O"
"13696","καὶ","O"
"13697","πανηγυρικῆς","O"
"13698","ἰδέας","O"
"13699",",","O"
"13700","καὶ","O"
"13701","ἀποφανοῦμεν","O"
"13702","τῶν","O"
"13703","σχημάτων","O"
"13704","τὰ","O"
"13705","εἴδη","O"
"13706",".","O"
"13707","ἔστιν","O"
"13708","δὲ","O"
"13709","ταῦτα","O"
"13710","·","O"
"13711","ἤτοι","O"
"13712","λέγει","O"
"13713","μὲν","O"
"13714","ἃ","O"
"13715","βούλεται","O"
"13716",",","O"
"13717","εὐπρεπῶς","O"
"13718","δὲ","O"
"13719","λέγει","O"
"13720","·","O"
"13721","ἢ","O"
"13722","ἕτερα","O"
"13723","προτείνων","O"
"13724","ἕτερα","O"
"13725","διοικεῖται","O"
"13726","·","O"
"13727","ἢ","O"
"13728","τὰ","O"
"13729","ἐναντία","O"
"13730","προτείνων","O"
"13731","τὰ","O"
"13732","ἐναντία","O"
"13733","διοικεῖται","O"
"13734",".","O"
"13735","ποῦ","O"
"13736","τούτων","O"
"13737","τὰ","O"
"13738","παραδείγματα","O"
"13739","καὶ","O"
"13740","ἡ","O"
"13741","διδασκαλία","O"
"13742",";","O"
"13743","Ὅμηρος","PERSON"
"13744","πάντα","O"
"13745","παραδίδωσι","O"
"13746",".","O"
"13747","Τὸ","O"
"13748","λέγοντα","O"
"13749","ζητεῖν","O"
"13750","εὐπρεπῶς","O"
"13751","λέγειν","O"
"13752","δείκνυσιν","O"
"13753","ἐπὶ","O"
"13754","τῆς","O"
"13755","Ἴριδος","O"
"13756","καὶ","O"
"13757","τοῦ","O"
"13758","οσειδῶνος","O"
"13759","ἀγανακτοῦντος","O"
"13760","πρὸς","O"
"13761","τὸν","O"
"13762","Δία","GOD"
"13763","·","O"
"13764","παραινεῖ","O"
"13765","αὐτῷ","O"
"13766","ἡ","O"
"13767","Ἶρις","O"
"13768","εὐπρεπέστερον","O"
"13769","λέγειν","O"
"13770",",","O"
"13771","ἵν","O"
"13772","ἀκινδυνότερος","O"
"13773","ὁ","O"
"13774","λόγος","O"
"13775","ᾖ","O"
"13776","·","O"
"13777","καὶ","O"
"13778","ταυτὶ","O"
"13779","παραινοῦσα","O"
"13780","ἐν","O"
"13781","τῇ","O"
"13782","παρρησίᾳ","O"
"13783","τῆς","O"
"13784","παραινέσεως","O"
"13785","τὸ","O"
"13786","εὐπρεπὲς","O"
"13787","διοικεῖ","O"
"13788","·","O"
"13789","ὥςτε","O"
"13790","καὶ","O"
"13791","τὸ","O"
"13792","παράγγελμά","O"
"13793","ἐστι","O"
"13794","καὶ","O"
"13795","ἡ","O"
"13796","τέχνη","O"
"13797","παραδιδομένη","O"
"13798","·","O"
"13799","Οὕτω","O"
"13800","γὰρ","O"
"13801","δή","O"
"13802","τοι","O"
"13803",",","O"
"13804","γαιήοχε","O"
"13805","κυανοχαῖτα","O"
"13806",",","O"
"13807","τόνδε","O"
"13808","φέρω","O"
"13809","Διὶ","GOD"
"13810","μῦθον","O"
"13811","ἀπηνέα","O"
"13812","τε","O"
"13813","κρατερόν","O"
"13814","τε","O"
"13815",",","O"
"13816","ἤ","O"
"13817","τι","O"
"13818","μεταστρέψεις","O"
"13819",";","O"
"13820","ταῦτα","O"
"13821","μὲν","O"
"13822","παραινεῖ","O"
"13823","τὸ","O"
"13824","εὐπρεπὲς","O"
"13825","διδάσκουσα","O"
"13826",".","O"
"13827","ποιεῖ","O"
"13828","δὲ","O"
"13829","αὐτὴ","O"
"13830","αὐτὸ","O"
"13831","πῶς","O"
"13832",";","O"
"13833","μετὰ","O"
"13834","γὰρ","O"
"13835","ἐπαίνων","O"
"13836","θεραπεύει","O"
"13837","αὐτόν","O"
"13838",",","O"
"13839","ἵνα","O"
"13840","ἀνάσχηται","O"
"13841","τῆς","O"
"13842","παρρησίας","O"
"13843",",","O"
"13844","καὶ","O"
"13845","τὴν","O"
"13846","ἀπειλὴν","O"
"13847","αὐτῷ","O"
"13848","ἐπάγει","O"
"13849","ὀνόματι","O"
"13850","ἑνὶ","O"
"13851","λέγουσα","O"
"13852","Διὶ","GOD"
"13853","μῦθον","O"
"13854",".","O"
"13855","Ὁ","O"
"13856","δὲ","O"
"13857","ἕτερα","O"
"13858","λέγων","O"
"13859","καὶ","O"
"13860","ἕτερα","O"
"13861","διοικούμενος","O"
"13862","λόγος","O"
"13863","ἐστὶ","O"
"13864","τῆς","O"
"13865","Θέτιδος","PERSON"
"13866","πρὸς","O"
"13867","τὸν","O"
"13868","Ἀχιλλέα","PERSON"
"13869",",","O"
"13870","ἄλογος","O"
"13871","εἶναι","O"
"13872","δοκῶν","O"
"13873",",","O"
"13874","ἂν","O"
"13875","μή","O"
"13876","τις","O"
"13877","τὸ","O"
"13878","σχῆμα","O"
"13879","γνῷ","O"
"13880",".","O"
"13881","παραμυθουμένη","O"
"13882","γὰρ","O"
"13883","τὸν","O"
"13884","υἱὸν","O"
"13885","ἐπὶ","O"
"13886","τῷ","O"
"13887","Πατρόκλου","PERSON"
"13888","θανάτῳ","O"
"13889","λέγει","O"
"13890","ἀγαθὸν","O"
"13891","δὲ","O"
"13892","γυναικί","O"
"13893","περ","O"
"13894","ἐν","O"
"13895","φιλότητι","O"
"13896","μίσγεσθαι","O"
"13897",".","O"
"13898","τίς","O"
"13899","ἂν","O"
"13900","εἴη","O"
"13901","ταύτης","O"
"13902","τῆς","O"
"13903","παραινέσεως","O"
"13904","ἀπρεπεστέρα","O"
"13905","παρὰ","O"
"13906","μητρός","O"
"13907",";","O"
"13908","ἀλλὰ","O"
"13909","ὡς","O"
"13910","μητρικῶς","O"
"13911","παραμυθουμένη","O"
"13912","ὑπαινίττεται","O"
"13913","πρὸς","O"
"13914","τὸν","O"
"13915","Ἀχιλλέα","PERSON"
"13916",",","O"
"13917","ὅτι","O"
"13918","οὐ","O"
"13919","χρὴ","O"
"13920","αὐτὸν","O"
"13921","τρυφᾶν","O"
"13922",",","O"
"13923","ἀλλὰ","O"
"13924","μεμνῆσθαι","O"
"13925","καὶ","O"
"13926","τῆς","O"
"13927","προτέρας","O"
"13928","χάριτος","O"
"13929","τῆς","O"
"13930","περὶ","O"
"13931","τὴν","O"
"13932","Βρισηίδα","PERSON"
"13933",",","O"
"13934","ὅτι","O"
"13935","ἐπήμυνεν","O"
"13936","αὐτῷ","O"
"13937","ὁ","O"
"13938","Ζεύς","GOD"
"13939",",","O"
"13940","καὶ","O"
"13941","ἵνα","O"
"13942","ἀπολάβῃ","O"
"13943",",","O"
"13944","δεινὰ","O"
"13945","πεπόνθασιν","O"
"13946","οἱ","O"
"13947","Ἀχαιοί","NORP"
"13948",".","O"
"13949","ἵν","O"
"13950","οὖν","O"
"13951","μὴ","O"
"13952","ὀνειδίζοι","O"
"13953","τοῦτο","O"
"13954",",","O"
"13955","ὡς","O"
"13956","λύπης","O"
"13957","παραμυθίαν","O"
"13958","προτείνουσα","O"
"13959","τὸ","O"
"13960","καὶ","O"
"13961","συναναπαύσασθαι","O"
"13962","τῇ","O"
"13963","γυναικὶ","O"
"13964","τὴν","O"
"13965","ἀνάμνησιν","O"
"13966","ἐποιήσατο","O"
"13967",".","O"
"13968","σαφέστερον","O"
"13969","δὲ","O"
"13970","τὸ","O"
"13971","εἶδος","O"
"13972","τοῦτο","O"
"13973","δηλοῖ","O"
"13974","ὁ","O"
"13975","Διομήδους","PERSON"
"13976","λόγος","O"
"13977","πρὸς","O"
"13978","Ἀγαμέμνονα","PERSON"
"13979",",","O"
"13980","ὅτε","O"
"13981","Ἀγαμέμνων","PERSON"
"13982","ἀπόπειραν","O"
"13983","ποιεῖται","O"
"13984","τῶν","O"
"13985","Ἐλλήνων","NORP"
"13986","τῶν","O"
"13987","ἀριστέων","O"
"13988",",","O"
"13989","τὸ","O"
"13990","δεύτερον","O"
"13991","κελεύων","O"
"13992","φεύγειν","O"
"13993","·","O"
"13994","Ἀτρείδη","PERSON"
"13995",",","O"
"13996","σοὶ","O"
"13997","πρῶτα","O"
"13998","μαχέσσομαι","O"
"13999","ἀφραδέοντι","O"
"14000",",","O"
"14001","ἣ","O"
"14002","θέμις","O"
"14003","ἐστίν","O"
"14004",",","O"
"14005","ἄναξ","O"
"14006",",","O"
"14007","ἀγορῇ","O"
"14008","·","O"
"14009","σὺ","O"
"14010","δὲ","O"
"14011","μή","O"
"14012","τι","O"
"14013","χολωθῇς","O"
"14014",".","O"
"14015","ἀλκὴν","O"
"14016","μέν","O"
"14017","μοι","O"
"14018","πρῶτον","O"
"14019","ὀνείδισας","O"
"14020","ἐν","O"
"14021","Δαναοῖσιν","NORP"
"14022",",","O"
"14023","φὰς","O"
"14024","ἔμεν","O"
"14025","ἀπτόλεμον","O"
"14026","καὶ","O"
"14027","ἀνάλκιδα","O"
"14028",".","O"
"14029","ταῦτα","O"
"14030","δὲ","O"
"14031","πάντα","O"
"14032","ἴσασ","O"
"14033","Ἀργεῖοι","NORP"
"14034","ἠμὲν","O"
"14035","νέοι","O"
"14036","ἠδὲ","O"
"14037","γέροντες","O"
"14038",".","O"
"14039","σοὶ","O"
"14040","δὲ","O"
"14041","διάνδιχ","PERSON"
"14042","ἔδωκε","O"
"14043","Κρόνου","GOD"
"14044","παῖς","O"
"14045","ἀγκυλομήτεω","O"
"14046",",","O"
"14047","σκήπτρῳ","O"
"14048","μέν","O"
"14049","τοι","O"
"14050","δῶκε","O"
"14051","τετιμῆσθαι","O"
"14052","περὶ","O"
"14053","πάντων","O"
"14054","·","O"
"14055","ἀλκὴν","O"
"14056","δ","O"
"14057","οὔ","O"
"14058","τοι","O"
"14059","δῶκεν","O"
"14060",",","O"
"14061","ὅ","O"
"14062","τε","O"
"14063","κράτος","O"
"14064","ἐστὶ","O"
"14065","μέγιστον","O"
"14066",".","O"
"14067","δαιμόνι","O"
"14068",",","O"
"14069","οὕτω","O"
"14070","που","O"
"14071","μάλα","O"
"14072","ἔλπεαι","O"
"14073","υἷας","O"
"14074","Ἀχαιῶν","NORP"
"14075","ἀπτολέμους","O"
"14076","τ","O"
"14077","ἔμεναι","O"
"14078","καὶ","O"
"14079","ἀνάλκιδας","O"
"14080",",","O"
"14081","ὡς","O"
"14082","ἀγορεύεις","O"
"14083",";","O"
"14084","εἰ","O"
"14085","δέ","O"
"14086","τοι","O"
"14087","αὐτῷ","O"
"14088","θυμὸς","O"
"14089","ἐπέσσυται","O"
"14090",",","O"
"14091","ὥςτε","O"
"14092","νέεσθαι","O"
"14093",",","O"
"14094","ἔρχεο","O"
"14095","·","O"
"14096","πάρ","O"
"14097","τοι","O"
"14098","ὁδός","O"
"14099",".","O"
"14100","νῆες","O"
"14101","δέ","O"
"14102","τοι","O"
"14103","ἄγχι","O"
"14104","θαλάσσης","O"
"14105","ἑστᾶσ","O"
"14106",",","O"
"14107","αἵ","O"
"14108","τοι","O"
"14109","ἕποντο","O"
"14110","Μυκήνηθεν","O"
"14111","μάλα","O"
"14112","πολλαί","O"
"14113",".","O"
"14114","ἀλλ","O"
"14115","ἄλλοι","O"
"14116","μενέουσι","O"
"14117","καρηκομόωντες","O"
"14118","Ἀχαιοί","NORP"
"14119",",","O"
"14120","εἰς","O"
"14121","ὅ","O"
"14122","κέ","O"
"14123","περ","O"
"14124","Τροίην","LOC"
"14125","διαπέρσομεν","O"
"14126","·","O"
"14127","εἰ","O"
"14128","δὲ","O"
"14129","καὶ","O"
"14130","αὐτοί","O"
"14131",",","O"
"14132","φευγόντων","O"
"14133","σὺν","O"
"14134","νηυσὶ","O"
"14135","φίλην","O"
"14136","ἐς","O"
"14137","πατρίδα","O"
"14138","γαῖαν","O"
"14139","·","O"
"14140","νῶι","O"
"14141","δ","O"
"14142",",","O"
"14143","ἐγὼ","O"
"14144","Σθένελός","O"
"14145","τε","O"
"14146",",","O"
"14147","μαχησόμεθ","O"
"14148",",","O"
"14149","εἰς","O"
"14150","ὅ","O"
"14151","κε","O"
"14152","τέκμωρ","O"
"14153","Ἰλίου","LOC"
"14154","εὕρωμεν","O"
"14155","·","O"
"14156","σὺν","O"
"14157","γὰρ","O"
"14158","θεῷ","O"
"14159","εἰλήλουθμεν","O"
"14160",".","O"
"14161","οὗτος","O"
"14162","ὁ","O"
"14163","λόγος","O"
"14164",",","O"
"14165","ἂν","O"
"14166","μή","O"
"14167","τι","O"
"14168","ἕτερον","O"
"14169","διοικῆται","O"
"14170","ἢ","O"
"14171","λέγῃ","O"
"14172",",","O"
"14173","παντάπασιν","O"
"14174","ἄτοπός","O"
"14175","ἐστι","O"
"14176","καὶ","O"
"14177","ἀσχήμων","O"
"14178","·","O"
"14179","τὸ","O"
"14180","γὰρ","O"
"14181","ἐν","O"
"14182","κακοῖς","O"
"14183","ἐπιτίθεσθαι","O"
"14184","τῷ","O"
"14185","βασιλεῖ","O"
"14186","καὶ","O"
"14187","λοιδορεῖσθαι","O"
"14188","ἀπρεπέστατον","O"
"14189",".","O"
"14190","καὶ","O"
"14191","ἔοικέ","O"
"14192","πως","O"
"14193","ὁ","O"
"14194","Διομήδης","PERSON"
"14195","ὁμολογεῖν","O"
"14196",",","O"
"14197","ὅτι","O"
"14198","ἀπρεπῶς","O"
"14199","χρῆται","O"
"14200","τῷ","O"
"14201","λόγῳ","O"
"14202","·","O"
"14203","προοιμιάζεται","O"
"14204","γοῦν","O"
"14205","παραιτούμενος","O"
"14206",".","O"
"14207","καὶ","O"
"14208","ἀτοπώτατον","O"
"14209","πρᾶγμα","O"
"14210","λέγειν","O"
"14211",",","O"
"14212","ὅτε","O"
"14213","μὲν","O"
"14214","αὐτῷ","O"
"14215","ὠνείδιζεν","O"
"14216","ὁ","O"
"14217","Ἀγαμέμνων","PERSON"
"14218",",","O"
"14219","ἤνεγκεν","O"
"14220","εὐπρεπῶς","O"
"14221","καὶ","O"
"14222","τῷ","O"
"14223","Σθενέλῳ","PERSON"
"14224","ἀποκρινομένῳ","O"
"14225","ἐπετίμησεν","O"
"14226","Τέττα","O"
"14227",",","O"
"14228","σιωπῇ","O"
"14229","ἧσο","O"
"14230",",","O"
"14231","ἐμῷ","O"
"14232","δ","O"
"14233","ἐπιπείθεο","O"
"14234","μύθῳ","O"
"14235",".","O"
"14236","οὐ","O"
"14237","γὰρ","O"
"14238","ἐγὼ","O"
"14239","νεμεσῶ","O"
"14240","Ἀγαμέμνονι","PERSON"
"14241","ποιμένι","O"
"14242","λαῶν","O"
"14243","ὀτρύνοντι","O"
"14244","μάχεσθαι","O"
"14245","ἐυκνήμιδας","O"
"14246","Ἀχαιούς","NORP"
"14247",".","O"
"14248","νῦν","O"
"14249","δὲ","O"
"14250","ἀναμιμνῄσκεται","O"
"14251","καὶ","O"
"14252","μνησικακεῖ","O"
"14253",".","O"
"14254","εἰ","O"
"14255","δέ","O"
"14256","τις","O"
"14257","φαίη","O"
"14258","ἐπειδὴ","O"
"14259","ἠρίστευσεν","O"
"14260",",","O"
"14261","θαρρεῖ","O"
"14262",",","O"
"14263","τοσούτῳ","O"
"14264","μᾶλλον","O"
"14265","ὑβριστότερος","O"
"14266","φαίνεται","O"
"14267",",","O"
"14268","εἰ","O"
"14269","τῇ","O"
"14270","τύχῃ","O"
"14271","ἐντρυφᾷ","O"
"14272",".","O"
"14273","ἀλλ","O"
"14274","εἰδέναι","O"
"14275","χρή","O"
"14276",",","O"
"14277","ὅτι","O"
"14278","αὗται","O"
"14279","αἱ","O"
"14280","λοιδορίαι","O"
"14281","πρὸς","O"
"14282","Ἀγαμέμνονα","PERSON"
"14283","χρυσὸς","O"
"14284","ἦν","O"
"14285","τῷ","O"
"14286","Ἀγαμέμνονι","PERSON"
"14287",".","O"
"14288","ἐν","O"
"14289","γὰρ","O"
"14290","σχήματι","O"
"14291","τοῦ","O"
"14292","ἀγανακτεῖν","O"
"14293","πρὸς","O"
"14294","αὐτὸν","O"
"14295","συναγορεύει","O"
"14296","·","O"
"14297","καὶ","O"
"14298","βουλόμενος","O"
"14299","παραινέσαι","O"
"14300","τοῖς","O"
"14301","ἀριστεῦσι","O"
"14302","μένειν","O"
"14303","καὶ","O"
"14304","μὴ","O"
"14305","ἀπαλλἀττεσθαι","O"
"14306","οὐκ","O"
"14307","ἐν","O"
"14308","σχήματι","O"
"14309","παραινέσεως","O"
"14310","διαλέγεται","O"
"14311","ἀλλ","O"
"14312","ἐν","O"
"14313","ὀργῆς","O"
"14314","τἦς","O"
"14315","πρὸς","O"
"14316","τὸν","O"
"14317","Ἀγαμέμνονα","PERSON"
"14318","σχἠματι","O"
"14319","κατετόλμησεν","O"
"14320","τοιαύτην","O"
"14321","γνώμην","O"
"14322","καταθέσθαι","O"
"14323","εἰς","O"
"14324","μέσον","O"
"14325",".","O"
"14326","ἤδε","O"
"14327","γὰρ","O"
"14328","ἡ","O"
"14329","λοιδορία","O"
"14330","ἐπὶ","O"
"14331","τοῦτο","O"
"14332","ἔρχεται","O"
"14333","·","O"
"14334","δαιμόνι","O"
"14335",",","O"
"14336","οὕτω","O"
"14337","που","O"
"14338","μάλα","O"
"14339","ἔλπεαι","O"
"14340","υἷας","O"
"14341","Ἀχαιῶν","NORP"
"14342","ἀπτολέμους","O"
"14343","τ","O"
"14344","ἔμεναι","O"
"14345","καὶ","O"
"14346","ἀνάλκιδας","O"
"14347",",","O"
"14348","ὡς","O"
"14349","ἀγορεύεις","O"
"14350",";","O"
"14351","ἃ","O"
"14352","γὰρ","O"
"14353","ἔδει","O"
"14354","συμβουλεύοντα","O"
"14355","πείθειν","O"
"14356",",","O"
"14357","μένειν","O"
"14358",",","O"
"14359","ταῦτα","O"
"14360","λέγει","O"
"14361","ὡς","O"
"14362","ἀγανακτῶν","O"
"14363",",","O"
"14364","εἰ","O"
"14365","ἀξιοῖ","O"
"14366","μένειν","O"
"14367","αὐτοὺς","O"
"14368","ὡς","O"
"14369","φεύγοντας","O"
"14370","·","O"
"14371","προτείνεται","O"
"14372","γάρ","O"
"14373",".","O"
"14374","εἶθ","O"
"14375","ἡ","O"
"14376","ἐπίτασις","O"
"14377","τοῦ","O"
"14378","σὺ","O"
"14379","πορεύου","O"
"14380",",","O"
"14381","καὶ","O"
"14382","οἱ","O"
"14383","ἄλλοι","O"
"14384","μενοῦσιν","O"
"14385",".","O"
"14386","οὐ","O"
"14387","γὰρ","O"
"14388","ἀξιοῖ","O"
"14389","συμβουλεύειν","O"
"14390","μένειν","O"
"14391",",","O"
"14392","ἀλλ","O"
"14393","ὡς","O"
"14394","πεπεισμένων","O"
"14395","διαλέγεται","O"
"14396","·","O"
"14397","εἶτα","O"
"14398","φοβούμενος","O"
"14399",",","O"
"14400","μὴ","O"
"14401","ἐνδῶσιν","O"
"14402",",","O"
"14403","καὶ","O"
"14404","αὐτοῖς","O"
"14405","συγχωρεῖ","O"
"14406","φεύγειν","O"
"14407",".","O"
"14408","οὗτος","O"
"14409","ὁ","O"
"14410","σχηματισμός","O"
"14411","ἐστι","O"
"14412","τοῦ","O"
"14413","ἄλλα","O"
"14414","λέγοντα","O"
"14415","ἄλλα","O"
"14416","διοικεῖν","O"
"14417",".","O"
"14418","Τὸ","O"
"14419","δὲ","O"
"14420","τὰ","O"
"14421","ἐναντία","O"
"14422","οἷς","O"
"14423","λέγει","O"
"14424","διοικεῖσθαι","O"
"14425","ἐν","O"
"14426","τῇ","O"
"14427","ἀναγκαιοτάτῃ","O"
"14428","ἐστὶ","O"
"14429","δημηγορίᾳ","O"
"14430","τῇ","O"
"14431","Ἀγαμέμνονος","PERSON"
"14432",".","O"
"14433","καὶ","O"
"14434","τηρητέον","O"
"14435",",","O"
"14436","ὅτι","O"
"14437","ἐν","O"
"14438","κινδύνοις","O"
"14439","οἱ","O"
"14440","σχηματισμοὶ","O"
"14441","εὑρίσκονται","O"
"14442",".","O"
"14443","ὁ","O"
"14444","γὰρ","O"
"14445","Ἀγαμέμνων","PERSON"
"14446","ἀπόρως","O"
"14447","ἔχει","O"
"14448","ἐκστρατεῦσαι","O"
"14449","τοὺς","O"
"14450","Ἕλληνας","NORP"
"14451",",","O"
"14452","καὶ","O"
"14453","προτείνει","O"
"14454","αὐτὸς","O"
"14455","τὴν","O"
"14456","ἀπορίαν","O"
"14457","·","O"
"14458","Ἀλλ","O"
"14459","ἄγετ","O"
"14460","αἴ","O"
"14461","κέν","O"
"14462","πως","O"
"14463","θωρήξομεν","O"
"14464","υἷας","O"
"14465","Αχαιῶν","NORP"
"14466",".","O"
"14467","πρῶτα","O"
"14468","δ","O"
"14469","ἐγὼν","O"
"14470","ἔπεσιν","O"
"14471","πειρήσομαι","O"
"14472",",","O"
"14473","ἣ","O"
"14474","θέμις","O"
"14475","ἐστί","O"
"14476",",","O"
"14477","καὶ","O"
"14478","φεύγειν","O"
"14479","σὺν","O"
"14480","νηυσὶ","O"
"14481","πολυκλήισι","O"
"14482","κελεύσω","O"
"14483","·","O"
"14484","ὑμεῖς","O"
"14485","δ","O"
"14486","ἄλλοθεν","O"
"14487","ἄλλος","O"
"14488","ἐρητύειν","O"
"14489","ἐπέεσσιν","O"
"14490",".","O"
"14491","καὶ","O"
"14492","τῆς","O"
"14493","διαπείρας","O"
"14494","ἡ","O"
"14495","αἰτία","O"
"14496","φανερὰ","O"
"14497","τῷ","O"
"14498","νοῦν","O"
"14499","ἔχοντι","O"
"14500",",","O"
"14501","ὅτι","O"
"14502","ἐπειδὴ","O"
"14503","ὁ","O"
"14504","Ἀχιλλεὺς","PERSON"
"14505","ἀφέστηκεν","O"
"14506","τοῦ","O"
"14507","Ἑλληνικοῦ","NORP"
"14508","καὶ","O"
"14509","οὐ","O"
"14510","συστρατεύεται","O"
"14511","ἦν","O"
"14512","δὲ","O"
"14513","ἡγεμὼν","O"
"14514","πάντως","O"
"14515","τοῦ","O"
"14516","στρατεύματος","O"
"14517",",","O"
"14518","ζητεῖ","O"
"14519",",","O"
"14520","πῶς","O"
"14521","ἂν","O"
"14522","δίχα","O"
"14523","Ἀχιλλέως","PERSON"
"14524","ἐξέλθοιεν","O"
"14525",".","O"
"14526","καὶ","O"
"14527","οἶδεν","O"
"14528","τοὺς","O"
"14529","Ἕλληνας","NORP"
"14530","ὀργιζομένους","O"
"14531","ἐπ","O"
"14532","Ἀχιλλεῖ","PERSON"
"14533",",","O"
"14534","καὶ","O"
"14535","φοβεῖται","O"
"14536",",","O"
"14537","μὴ","O"
"14538","ἄρα","O"
"14539",",","O"
"14540","ἂν","O"
"14541","κελεύσῃ","O"
"14542",",","O"
"14543","οὐχ","O"
"14544","ὑπακούσωσιν","O"
"14545","τοῦ","O"
"14546","ταγεύοντος","O"
"14547","·","O"
"14548","ἀλλ","O"
"14549","ἄγετ","O"
"14550","αἴ","O"
"14551","κέν","O"
"14552","πως","O"
"14553","θωρήξομέν","O"
"14554","υἷας","O"
"14555","Ἀχαιῶν","NORP"
"14556","καὶ","O"
"14557","τὸ","O"
"14558","πρῶτα","O"
"14559","δ","O"
"14560","ἐγὼν","O"
"14561","ἔπεσιν","O"
"14562","πειρήσομαι","O"
"14563",",","O"
"14564","ἢ","O"
"14565","θέμις","O"
"14566","ἐστί","O"
"14567",",","O"
"14568","καὶ","O"
"14569","φεύγειν","O"
"14570","σὺν","O"
"14571","νηυσὶ","O"
"14572","πολυκλήισι","O"
"14573","κελεύσω","O"
"14574",".","O"
"14575","καὶ","O"
"14576","ἐάν","O"
"14577","τις","O"
"14578","προτείνῃ","O"
"14579","ἡμῖν","O"
"14580",",","O"
"14581","ὅτι","O"
"14582","οὐ","O"
"14583","τυγχάνει","O"
"14584","τῆς","O"
"14585","προαιρέσεως","O"
"14586","Ἀγαμέμνων","PERSON"
"14587",",","O"
"14588","ἀλλ","O"
"14589","ἀποπειρώμενος","O"
"14590","κινδυνεύει","O"
"14591","ἡττᾶσθαι","O"
"14592","καὶ","O"
"14593","ἀτυχῶς","O"
"14594","χρῆται","O"
"14595","τῷ","O"
"14596","λόγῳ","O"
"14597","ὡρμήκασι","O"
"14598","γὰρ","O"
"14599","εἰς","O"
"14600","τὰς","O"
"14601","πατρίδας","O"
"14602",",","O"
"14603","ἀγνοεῖ","O"
"14604","ὅτι","O"
"14605","Ἀγαμέμνονος","PERSON"
"14606","τέχνη","O"
"14607","αὕτη","O"
"14608","ἐστὶ","O"
"14609","τὸ","O"
"14610","ὁρμῆσαι","O"
"14611","αὐτούς","O"
"14612","·","O"
"14613","οὐ","O"
"14614","γὰρ","O"
"14615","οἴεται","O"
"14616","τῇ","O"
"14617","ἀποπείρᾳ","O"
"14618","τῶν","O"
"14619","λόγων","O"
"14620","καθέξειν","O"
"14621","αὐτούς","O"
"14622",".","O"
"14623","ἀλλὰ","O"
"14624","τίς","O"
"14625","ἡ","O"
"14626","τέχνη","O"
"14627",";","O"
"14628","ἐπειδὴ","O"
"14629","ἀγανακτοῦσιν","O"
"14630","ὑπὲρ","O"
"14631","Ἀχιλλέως","PERSON"
"14632",",","O"
"14633","οὐκ","O"
"14634","ἐνδείκνυνται","O"
"14635","δὲ","O"
"14636","τὴν","O"
"14637","ἀγανάκτησιν","O"
"14638",",","O"
"14639","ἕως","O"
"14640","ἂν","O"
"14641","χρεία","O"
"14642","γένηται","O"
"14643","ἐξόδου","O"
"14644",",","O"
"14645","βούλεται","O"
"14646","αὐτοὺς","O"
"14647","ἀπορρῆξαι","O"
"14648","τὸν","O"
"14649","θυμὸν","O"
"14650","καὶ","O"
"14651","φανεροὺς","O"
"14652","γενέσθαι","O"
"14653","ὀργιζομένους","O"
"14654",",","O"
"14655","καὶ","O"
"14656","ὑπὸ","O"
"14657","τῶν","O"
"14658","ἀρίστων","O"
"14659","κατασχεθῆναι","O"
"14660",".","O"
"14661","τοῦτό","O"
"14662","τοι","O"
"14663","καὶ","O"
"14664","γίνεται","O"
"14665","·","O"
"14666","φαίνονται","O"
"14667","ἑτοίμως","O"
"14668","ἀπιόντες","O"
"14669","εἰς","O"
"14670","τὰς","O"
"14671","πατρίδας","O"
"14672",",","O"
"14673","Ὀδυσσεὺς","PERSON"
"14674","δὲ","O"
"14675","καὶ","O"
"14676","Νέστωρ","PERSON"
"14677","κατέχουσιν","O"
"14678","αὐτούς","O"
"14679",".","O"
"14680","ταῦτα","O"
"14681","οὖν","O"
"14682","ὁ","O"
"14683","Ἀγαμέμνων","PERSON"
"14684","ἀποπειρώμενος","O"
"14685","φανερῶς","O"
"14686","τοῦ","O"
"14687","σχήματος","O"
"14688","τὴν","O"
"14689","διδασκαλίαν","O"
"14690","παιδεύει","O"
"14691","·","O"
"14692","τὰ","O"
"14693","γὰρ","O"
"14694","ἐναντία","O"
"14695","οἷς","O"
"14696","βούλεται","O"
"14697","λέγει","O"
"14698",".","O"
"14699","ἔστι","O"
"14700","δὲ","O"
"14701","ἡ","O"
"14702","μέθοδος","O"
"14703","τούτων","O"
"14704","τῶν","O"
"14705","λόγων","O"
"14706","θαυμαστή","O"
"14707","τις","O"
"14708","καὶ","O"
"14709","ἄτοπος","O"
"14710","·","O"
"14711","τὰς","O"
"14712","γὰρ","O"
"14713","ἐν","O"
"14714","λόγοις","O"
"14715","ῥητορικοῖς","O"
"14716","κακίας","O"
"14717","ταύτας","O"
"14718","αὕτη","O"
"14719","ἡ","O"
"14720","ἰδέα","O"
"14721","ἀρετὰς","O"
"14722","ἀναφαίνει","O"
"14723",".","O"
"14724","εἰσὶ","O"
"14725","δὲ","O"
"14726","κακίαι","O"
"14727","λόγων","O"
"14728","ῥητορικῶν","O"
"14729","τό","O"
"14730","τε","O"
"14731","εὐδιάλυτα","O"
"14732","λέγειν","O"
"14733","καὶ","O"
"14734","τὸ","O"
"14735","ἀγχίστροφα","O"
"14736","·","O"
"14737","ὧν","O"
"14738","τὸ","O"
"14739","μὲν","O"
"14740","ἀσθενείας","O"
"14741",",","O"
"14742","τὸ","O"
"14743","δὲ","O"
"14744","καὶ","O"
"14745","κινδύνου","O"
"14746",".","O"
"14747","δι","O"
"14748","ἀμφοτέρων","O"
"14749","πορεύεται","O"
"14750","ὁ","O"
"14751","Ἀγαμέμνων","PERSON"
"14752","εἰκότως","O"
"14753",".","O"
"14754","ὥςπερ","O"
"14755","γὰρ","O"
"14756","ὅταν","O"
"14757","τις","O"
"14758","ἃ","O"
"14759","βούληται","O"
"14760","λέγῃ","O"
"14761",",","O"
"14762","οὐ","O"
"14763","χρὴ","O"
"14764","αὐτὸν","O"
"14765","οὔτ","O"
"14766","ἐναντίοις","O"
"14767","ἔπεσι","O"
"14768","χρῆσθαι","O"
"14769","οὔτ","O"
"14770","εὐδιαλύτοις","O"
"14771",",","O"
"14772","οὕτως","O"
"14773","ὅταν","O"
"14774","τις","O"
"14775","ὧν","O"
"14776","λέγῃ","O"
"14777","τὰ","O"
"14778","ἐναντία","O"
"14779","βούληται","O"
"14780",",","O"
"14781","ἀνάγκη","O"
"14782","αὐτῷ","O"
"14783","τὴν","O"
"14784","κακίαν","O"
"14785","τὴν","O"
"14786","ἐπὶ","O"
"14787","τῶν","O"
"14788","λόγων","O"
"14789","ἀρετὴν","O"
"14790","ἐνταῦθα","O"
"14791","ποιήσασθαι","O"
"14792","·","O"
"14793","εἰ","O"
"14794","δὲ","O"
"14795","μή","O"
"14796",",","O"
"14797","συμβήσεται","O"
"14798","αὐτῷ","O"
"14799","ἐναντιώσει","O"
"14800","περιπεσεῖν","O"
"14801","ἄλλα","O"
"14802","τε","O"
"14803","πεῖσαι","O"
"14804",",","O"
"14805","οὐχ","O"
"14806","ἃ","O"
"14807","βούλεται","O"
"14808",".","O"
"14809","τοῦτο","O"
"14810","μὲν","O"
"14811","οὖν","O"
"14812","καὶ","O"
"14813","οἱ","O"
"14814","μελετῶντες","O"
"14815","ἴσασιν","O"
"14816",".","O"
"14817","ὅταν","O"
"14818","γάρ","O"
"14819","τις","O"
"14820","προσέλθῃ","O"
"14821","τῇ","O"
"14822","βουλῇ","O"
"14823","ἀξιῶν","O"
"14824","ἀποθανεῖν","O"
"14825",",","O"
"14826","οὐδεὶς","O"
"14827","αὐτῶν","O"
"14828","ἀποθανεῖν","O"
"14829","βούλεται","O"
"14830",",","O"
"14831","ἀλλὰ","O"
"14832","τὰ","O"
"14833","ἐναντία","O"
"14834","βούλεται","O"
"14835","ὧν","O"
"14836","λέγει","O"
"14837",".","O"
"14838","καὶ","O"
"14839","οἱ","O"
"14840","τὰ","O"
"14841","δῶρα","O"
"14842","τὰ","O"
"14843","παρὰ","O"
"14844","τῶν","O"
"14845","φίλων","O"
"14846","ἀπωθούμενοι","O"
"14847",",","O"
"14848","βουλόμενοι","O"
"14849","δέξασθαι","O"
"14850",",","O"
"14851","λέγουσιν","O"
"14852","μὲν","O"
"14853","τὰ","O"
"14854","ἐναντία","O"
"14855",",","O"
"14856","πράττουσιν","O"
"14857","δὲ","O"
"14858","τὰ","O"
"14859","ἐναντία","O"
"14860",".","O"
"14861","δεῖ","O"
"14862","οὖν","O"
"14863","ἡμᾶς","O"
"14864","διδάξαι","O"
"14865",",","O"
"14866","πῶς","O"
"14867","μὲν","O"
"14868","λέγει","O"
"14869","εὐδιάλυτα","O"
"14870","καὶ","O"
"14871","στρεφόμενα","O"
"14872",",","O"
"14873","τὸ","O"
"14874","δὲ","O"
"14875","μέγιστον","O"
"14876",",","O"
"14877","πῶς","O"
"14878","ἔλαθεν","O"
"14879","τοῦτο","O"
"14880","ποιῶν","O"
"14881","·","O"
"14882","ἐπεὶ","O"
"14883","συμβήσεται","O"
"14884",",","O"
"14885","ἂν","O"
"14886","κατάφωρος","O"
"14887","ἡ","O"
"14888","τέχνη","O"
"14889","γένηται","O"
"14890",",","O"
"14891","καὶ","O"
"14892","τὸν","O"
"14893","ἀκούοντα","O"
"14894","ἀντιτεχνάζειν","O"
"14895","καὶ","O"
"14896","ἀντισχηματίζειν","O"
"14897",",","O"
"14898","προσποιούμενον","O"
"14899","πείθεσθαι","O"
"14900","καὶ","O"
"14901","συγχωρεῖν","O"
"14902",".","O"
"14903","ὅτι","O"
"14904","μέντοι","O"
"14905","εὐδιάλυτα","O"
"14906","λέγει","O"
"14907",",","O"
"14908","ἐκεῖνο","O"
"14909","σημεῖον","O"
"14910","·","O"
"14911","ὃς","O"
"14912","πρὶν","O"
"14913","μέν","O"
"14914","μοι","O"
"14915","ὑπέσχετο","O"
"14916","καὶ","O"
"14917","κατένευσεν","O"
"14918","Ἴλιον","LOC"
"14919","ἐκπέρσαντ","O"
"14920","εὐτείχεον","O"
"14921","ἀπονέεσθαι","O"
"14922","·","O"
"14923","εἰ","O"
"14924","τοίνυν","O"
"14925","ὑπέσχετο","O"
"14926","καὶ","O"
"14927","κατένευσεν","O"
"14928",",","O"
"14929","περιμενετέον","O"
"14930",".","O"
"14931","νῦν","O"
"14932","δὲ","O"
"14933","κακὴν","O"
"14934","ἀπάτην","O"
"14935","βουλεύσατο","O"
"14936",",","O"
"14937","καί","O"
"14938","με","O"
"14939","κελεύει","O"
"14940","δυσκλέα","O"
"14941","Ἄργος","LOC"
"14942","ἱκέσθαι","O"
"14943","·","O"
"14944","πάλιν","O"
"14945","ἀντιλαβὴν","O"
"14946","ἔχει","O"
"14947","·","O"
"14948","οὐ","O"
"14949","γὰρ","O"
"14950","δεῖ","O"
"14951","δυσκλεᾶ","O"
"14952","ἀπιέναι","O"
"14953",".","O"
"14954","ταῦτα","O"
"14955","μὲν","O"
"14956","εὐδιάλυτα","O"
"14957","·","O"
"14958","ἐκεῖνα","O"
"14959","δὲ","O"
"14960","σαφῶς","O"
"14961","στρεφόμενα","O"
"14962","αἰσχρὸν","O"
"14963","γὰρ","O"
"14964","τόδε","O"
"14965","γ","O"
"14966","ἐστὶ","O"
"14967","καὶ","O"
"14968","ἐσσομένοισι","O"
"14969","πυθέσθαι","O"
"14970",",","O"
"14971","μὰψ","O"
"14972","οὕτω","O"
"14973","τοιόνδε","O"
"14974","τοσόνδε","O"
"14975","τε","O"
"14976","λαὸν","O"
"14977","Ἀχαιῶν","NORP"
"14978","ἄπρηκτον","O"
"14979","πόλεμον","O"
"14980","πολεμίζειν","O"
"14981","ἠδὲ","O"
"14982","μάχεσθαι","O"
"14983",".","O"
"14984","ταὐτὰ","O"
"14985","φανερῶς","O"
"14986","ὁ","O"
"14987","ἀντιλέγων","O"
"14988","ἐρεῖ","O"
"14989","·","O"
"14990","αἰσχρὸν","O"
"14991","γὰρ","O"
"14992","τόδε","O"
"14993","γ","O"
"14994","ἐστὶ","O"
"14995","καὶ","O"
"14996","ἐσσομένοισι","O"
"14997","πυθέσθαι","O"
"14998",".","O"
"14999","πῶς","O"
"15000","οὖν","O"
"15001","διοικεῖ","O"
"15002",";","O"
"15003","ὅτι","O"
"15004","μὲν","O"
"15005","γὰρ","O"
"15006","εὐδιάλυτα","O"
"15007","λέγει","O"
"15008","καὶ","O"
"15009","στρεφόμενα","O"
"15010",",","O"
"15011","δῆλον","O"
"15012","·","O"
"15013","καὶ","O"
"15014","ἔτι","O"
"15015","μᾶλλον","O"
"15016",",","O"
"15017","ἂν","O"
"15018","ἐπεξίῃ","O"
"15019","τις","O"
"15020","τὴν","O"
"15021","τέχνην","O"
"15022","τῶν","O"
"15023","ἐπῶν","O"
"15024",",","O"
"15025","εὑρήσει","O"
"15026",".","O"
"15027","ἀλλὰ","O"
"15028","τίς","O"
"15029","ἡ","O"
"15030","τέχνη","O"
"15031","τῶν","O"
"15032","τοιούτων","O"
"15033",";","O"
"15034","πάθους","O"
"15035","προβολὴ","O"
"15036","πρὸ","O"
"15037","τοῦ","O"
"15038","λόγου","O"
"15039",",","O"
"15040","ἵνα","O"
"15041","δοκῇ","O"
"15042","ὑπὸ","O"
"15043","λύπης","O"
"15044","φέρεσθαι","O"
"15045","αὐτῷ","O"
"15046","ὁ","O"
"15047","λόγος","O"
"15048",",","O"
"15049","μὴ","O"
"15050","ἐξ","O"
"15051","ἐπιβουλῆς","O"
"15052","διοικεῖσθαι","O"
"15053",".","O"
"15054","διὰ","O"
"15055","τοῦτο","O"
"15056","Ἀγαμέμνων","PERSON"
"15057","ἀπὸ","O"
"15058","σχετλιασμοῦ","O"
"15059","ἤρξατο","O"
"15060","·","O"
"15061","Ζεύς","GOD"
"15062","με","O"
"15063","μέγας","O"
"15064","Κρονίδης","GOD"
"15065","ἄτῃ","O"
"15066","ἐνέδησε","O"
"15067","βαρείῃ","O"
"15068","σχέτλιος","O"
"15069",".","O"
"15070","ὁ","O"
"15071","οὖν","O"
"15072","τῷ","O"
"15073","Διὶ","GOD"
"15074","οὕτω","O"
"15075","προσφερόμενος","O"
"15076","καὶ","O"
"15077","βλασφημῶν","O"
"15078","δῆλός","O"
"15079","ἐστιν","O"
"15080","ὑπὸ","O"
"15081","λύπης","O"
"15082","ἐξιστάμενος","O"
"15083","καὶ","O"
"15084","ἀσύμφωνα","O"
"15085","αὑτῷ","O"
"15086","λέγων","O"
"15087",".","O"
"15088","·","O"
"15089","πάθους","O"
"15090","οὖν","O"
"15091","προβολὴ","O"
"15092","κλοπὴ","O"
"15093","γίνεται","O"
"15094","διοικήσεως","O"
"15095","τεχνικῆς","O"
"15096",".","O"
"15097","τοιοῦτο","O"
"15098","μέν","O"
"15099","ἐστι","O"
"15100","τὸ","O"
"15101","σχῆμα","O"
"15102","τοῦ","O"
"15103","τὰ","O"
"15104","ἐναντία","O"
"15105","λέγειν","O"
"15106","οἷς","O"
"15107","βούλεται","O"
"15108",".","O"
"15109","Ἔστι","O"
"15110","δὲ","O"
"15111","καὶ","O"
"15112","τέταρτον","O"
"15113","σχῆμα","O"
"15114","βαθύτατον","O"
"15115",",","O"
"15116","τὸ","O"
"15117","δι","O"
"15118","·","O"
"15119","ἄλλων","O"
"15120","πορευόμενον","O"
"15121","καὶ","O"
"15122","παντελῶς","O"
"15123","ἐπ","O"
"15124","ἄλλης","O"
"15125","ὑποθέσεως","O"
"15126","τὸν","O"
"15127","λόγον","O"
"15128","ποιούμενον","O"
"15129","ἄλλην","O"
"15130","περαίνειν","O"
"15131",".","O"
"15132","καὶ","O"
"15133","τούτου","O"
"15134","Ὅμηρος","PERSON"
"15135","τὸ","O"
"15136","παράδειγμα","O"
"15137","ἔδωκεν","O"
"15138","καὶ","O"
"15139","ἔλαθεν","O"
"15140","τοὺς","O"
"15141","πολλούς","O"
"15142",".","O"
"15143","ἐπὶ","O"
"15144","γὰρ","O"
"15145","τῇ","O"
"15146","ἀποπείρᾳ","O"
"15147","τοῦ","O"
"15148","Ἀγαμέμνονος","PERSON"
"15149",",","O"
"15150","ἣν","O"
"15151","ποιεῖται","O"
"15152","πρὸς","O"
"15153","τοὺς","O"
"15154","Ἕλληνας","NORP"
"15155",",","O"
"15156","οἱ","O"
"15157","κατέχοντες","O"
"15158","τὸ","O"
"15159","Ἑλ","O"
"15160","ληνικόν","NORP"
"15161","εἰσιν","O"
"15162","Ὀδυσσεὺς","PERSON"
"15163","καὶ","O"
"15164","Νέστωρ","PERSON"
"15165",".","O"
"15166","καὶ","O"
"15167","θαυμαστὸν","O"
"15168","τί","O"
"15169","ἐν","O"
"15170","τῷ","O"
"15171","λόγῳ","O"
"15172","ἐστί","O"
"15173",";","O"
"15174","διπλοῦν","O"
"15175","τὸ","O"
"15176","θαυμαστόν","O"
"15177","·","O"
"15178","ἔοικεν","O"
"15179","ὁ","O"
"15180","Νέστωρ","PERSON"
"15181","μηδὲν","O"
"15182","ἴδιον","O"
"15183","λέγειν","O"
"15184",",","O"
"15185","ἀλλὰ","O"
"15186","τὰ","O"
"15187","αὐτὰ","O"
"15188","λέγειν","O"
"15189","τῷ","O"
"15190","Ὀδυσσεῖ","PERSON"
"15191",",","O"
"15192","ὥσπερ","O"
"15193","μαθητὴς","O"
"15194","τὰ","O"
"15195","διδασκάλου","O"
"15196","·","O"
"15197","καὶ","O"
"15198","ἀπονέμει","O"
"15199","αὐτῷ","O"
"15200","ἔπαινον","O"
"15201","ὁ","O"
"15202","Ἀγαμέμνων","PERSON"
"15203","ὡς","O"
"15204","κρατοῦντι","O"
"15205","τῶν","O"
"15206","Ἑλληνῶν","NORP"
"15207","ἐν","O"
"15208","ταῖς","O"
"15209","βουλαῖς","O"
"15210",",","O"
"15211","ὅ","O"
"15212","πέρ","O"
"15213","ἐστιν","O"
"15214","ἀτοπώτατον","O"
"15215",".","O"
"15216","καὶ","O"
"15217","λέγουσιν","O"
"15218","οἱ","O"
"15219","διδάσκαλοι","O"
"15220",",","O"
"15221","ὅτι","O"
"15222","ἐπειδὴ","O"
"15223","ἐπῃνεσεν","O"
"15224","τὸν","O"
"15225","Ὀδυσσέα","PERSON"
"15226","τὸ","O"
"15227","πλῆθος","O"
"15228",",","O"
"15229","ἵνα","O"
"15230","μὴ","O"
"15231","λυποῖτο","O"
"15232","ὁ","O"
"15233","γέρων","O"
"15234",",","O"
"15235","καὶ","O"
"15236","ὁ","O"
"15237","Ἀγαμέμνων","PERSON"
"15238","τὸν","O"
"15239","γέροντα","O"
"15240","·","O"
"15241","ὡσπερεὶ","O"
"15242","παιδαρίων","O"
"15243","ἐν","O"
"15244","διδασκαλείῳ","O"
"15245","ἐπιδεικνυμένων","O"
"15246","καὶ","O"
"15247","παραμυθίαν","O"
"15248","τοῦ","O"
"15249","διδασκάλου","O"
"15250","ἀπονέμοντος","O"
"15251",",","O"
"15252","ἵνα","O"
"15253","μὴ","O"
"15254","κλαίῃ","O"
"15255","τὰ","O"
"15256","παιδία","O"
"15257",".","O"
"15258","ἀλλ","O"
"15259","ἡ","O"
"15260","τέχνη","O"
"15261","τίς","O"
"15262",";","O"
"15263","ὅλως","O"
"15264","ἡ","O"
"15265","αὐτὴ","O"
"15266","ὑπόθεσις","O"
"15267","τῶν","O"
"15268","λόγων","O"
"15269","οὐκ","O"
"15270","ἔστιν","O"
"15271","Ὀδυσσεῖ","PERSON"
"15272","καὶ","O"
"15273","Νέστορι","PERSON"
"15274",".","O"
"15275","ἔροιτο","O"
"15276","ἄν","O"
"15277","τις","O"
"15278","·","O"
"15279","καὶ","O"
"15280","πῶς","O"
"15281","οὐχ","O"
"15282","ἡ","O"
"15283","αὐτὴ","O"
"15284","ὑπόθεσις","O"
"15285",";","O"
"15286","τὰ","O"
"15287","αὐτὰ","O"
"15288","γὰρ","O"
"15289","λέγουσιν","O"
"15290",".","O"
"15291","τοῦτο","O"
"15292","ἡ","O"
"15293","τέχνη","O"
"15294","ἡ","O"
"15295","Νέστορος","PERSON"
"15296",",","O"
"15297","ὅτι","O"
"15298","τὰ","O"
"15299","αὐτὰ","O"
"15300","λέγων","O"
"15301","οὐκ","O"
"15302","εἰς","O"
"15303","τὴν","O"
"15304","αὐτὴν","O"
"15305","ὑπόθεσιν","O"
"15306","λέγει","O"
"15307",".","O"
"15308","ἀλλ","O"
"15309","ἡ","O"
"15310","τέχνη","O"
"15311","τίς","O"
"15312",";","O"
"15313","ἐπειδὴ","O"
"15314","μέλλει","O"
"15315","χαλεπὴν","O"
"15316","ὑπόθεσιν","O"
"15317","πείθειν","O"
"15318",",","O"
"15319","πορεύεται","O"
"15320","διὰ","O"
"15321","τῆς","O"
"15322","πεπεικυίας","O"
"15323","ὑποθέσεως","O"
"15324",".","O"
"15325","πεπεισμένοι","O"
"15326","εἰσὶν","O"
"15327","οἱ","O"
"15328","Ἕλληνες","NORP"
"15329","ὑπὸ","O"
"15330","τοῦ","O"
"15331","Ὀδύσσεως","PERSON"
"15332","μένειν","O"
"15333",",","O"
"15334","καὶ","O"
"15335","ἤνεγκαν","O"
"15336","αὐτοῦ","O"
"15337","τὴν","O"
"15338","ἐπιτίμησιν","O"
"15339","καὶ","O"
"15340","τὴν","O"
"15341","παραμυθίαν","O"
"15342",".","O"
"15343","ἀλλ","O"
"15344","ἔχει","O"
"15345","χαλεπωτέραν","O"
"15346","ὑπόθεσιν","O"
"15347","ὁ","O"
"15348","γέρων","O"
"15349","·","O"
"15350","πορεύεται","O"
"15351","οὖν","O"
"15352","δι","O"
"15353","ὧν","O"
"15354","ἔπεισεν","O"
"15355","Ὀδυσσεὺς","PERSON"
"15356","καὶ","O"
"15357","τὰ","O"
"15358","αὐτὰ","O"
"15359","λέγει","O"
"15360","Ὀδυσσεῖ","PERSON"
"15361","·","O"
"15362","ὥςτε","O"
"15363","γὰρ","O"
"15364","ἢ","O"
"15365","παῖδες","O"
"15366","νεαροὶ","O"
"15367","χῆραί","O"
"15368","τε","O"
"15369","γυναῖκες","O"
"15370","ἀλλήλοισιν","O"
"15371","ὀδύρονται","O"
"15372","οἶκον","O"
"15373","δὲ","O"
"15374","νέεσθαι","O"
"15375","Ὀδυσσεύς","PERSON"
"15376",".","O"
"15377","τὰ","O"
"15378","αὐτὰ","O"
"15379","ὁ","O"
"15380","γέρων","O"
"15381","·","O"
"15382","Ὧ","O"
"15383","πόποι","O"
"15384",",","O"
"15385","ἦ","O"
"15386","δὴ","O"
"15387","παισὶν","O"
"15388","ἐοικότες","O"
"15389","ἀγοράασθε","O"
"15390","νηπιάχοις","O"
"15391",".","O"
"15392","Πῇ","O"
"15393","δὴ","O"
"15394","συνθεσίαι","O"
"15395","τε","O"
"15396","καὶ","O"
"15397","ὅρκια","O"
"15398","βήσεται","O"
"15399","ἡμῖν","O"
"15400",";","O"
"15401","ἐν","O"
"15402","πυρὶ","O"
"15403","δὴ","O"
"15404","βουλαί","O"
"15405","τε","O"
"15406","γενοίατο","O"
"15407","μήδεά","O"
"15408","τ","O"
"15409","ἀνδρῶν","O"
"15410","Νέστωρ","PERSON"
"15411",".","O"
"15412","ἀλλ","O"
"15413","Ὀδυσσεύς","PERSON"
"15414","μάλα","O"
"15415","δή","O"
"15416","σε","O"
"15417",",","O"
"15418","ἄναξ","O"
"15419",",","O"
"15420","ἐθέλουσιν","O"
"15421","Ἀχαιοὶ","NORP"
"15422","πᾶσιν","O"
"15423","ἐλέγχιστον","O"
"15424","θέμεναι","O"
"15425","μερόπεσσι","O"
"15426","βροτοῖσιν","O"
"15427",".","O"
"15428","λέγει","O"
"15429","ἐκεῖνος","O"
"15430","σημεῖον","O"
"15431","μαντείας","O"
"15432","τὸ","O"
"15433","περὶ","O"
"15434","τν","O"
"15435","Κάλχαντα","PERSON"
"15436",",","O"
"15437","οὗτος","O"
"15438","τὰ","O"
"15439","τῆς","O"
"15440","ἀστραπῆς","O"
"15441","·","O"
"15442","ὥστε","O"
"15443","διὰ","O"
"15444","τῶν","O"
"15445","αὐτῶν","O"
"15446","πορεύονται","O"
"15447",".","O"
"15448","τί","O"
"15449","οὖν","O"
"15450","ἐστι","O"
"15451","τὸ","O"
"15452","παραλλάττον","O"
"15453",";","O"
"15454","διδάσκει","O"
"15455","τὸ","O"
"15456","παραλλάττον","O"
"15457","τῆς","O"
"15458","ὑποθέσεως","O"
"15459","τῶν","O"
"15460","ἐπαίνων","O"
"15461","ἡ","O"
"15462","διαίρεσις","O"
"15463",".","O"
"15464","ἐπῃνεσαν","O"
"15465","οἱ","O"
"15466","Ἀχαιοὶ","NORP"
"15467","καὶ","O"
"15468","τὸ","O"
"15469","πλῆθος","O"
"15470","τὸ","O"
"15471","κοινὸν","O"
"15472","τὸν","O"
"15473","Ὀδυσσέα","PERSON"
"15474","·","O"
"15475","πεισθέντες","O"
"15476","μένουσιν","O"
"15477",",","O"
"15478","καὶ","O"
"15479","τὸ","O"
"15480","ἔργον","O"
"15481","τοῦ","O"
"15482","Ὀδυσσέως","PERSON"
"15483","λαμπρόν","O"
"15484","·","O"
"15485","τοῖσι","O"
"15486","δ","O"
"15487","ἄφαρ","O"
"15488","πόλεμος","O"
"15489","γλυκίων","O"
"15490","γένετ","O"
"15491","ἠὲ","O"
"15492","νέεσθαι","O"
"15493","ἐν","O"
"15494","νηυσὶ","O"
"15495","γλαφυρῇσι","O"
"15496","φίλην","O"
"15497","ἐς","O"
"15498","πατρίδα","O"
"15499","γαῖαν","O"
"15500",".","O"
"15501","ὁ","O"
"15502","γέρων","O"
"15503","ἄλλην","O"
"15504","ὑπόθεσιν","O"
"15505","ἔχει","O"
"15506","·","O"
"15507","ἐπειδὴ","O"
"15508","γὰρ","O"
"15509","πεπεισμένοι","O"
"15510","ἐν","O"
"15511","νηυσὶ","O"
"15512","γλαφυρῇσι","O"
"15513","φίλην","O"
"15514","ἐς","O"
"15515","πατρίδα","O"
"15516","γαῖαν","O"
"15517",".","O"
"15518","ὁ","O"
"15519","γέρων","O"
"15520","ἄλλην","O"
"15521","ὑπόθεσιν","O"
"15522","ἔχει","O"
"15523","·","O"
"15524","ἐπειδὴ","O"
"15525","γὰρ","O"
"15526","πεπεισμένοι","O"
"15527","εἰσὶν","O"
"15528","οἱ","O"
"15529","Ἕλληνες","NORP"
"15530","μένειν","O"
"15531",",","O"
"15532","ζητεῖ","O"
"15533","αὐτοὺς","O"
"15534","ἐκστρατεῦσαι","O"
"15535",".","O"
"15536","οὐδὲν","O"
"15537","γὰρ","O"
"15538","ὄφελος","O"
"15539","τοῦ","O"
"15540","μένειν","O"
"15541","ἄνευ","O"
"15542","τοῦ","O"
"15543","ταχθῆναι","O"
"15544","·","O"
"15545","ὅ","O"
"15546","περ","O"
"15547","μάλιστα","O"
"15548","ὑπόθεσίς","O"
"15549","ἐστι","O"
"15550","καὶ","O"
"15551","ζήτησις","O"
"15552","τοῦ","O"
"15553","Ἀγαμέμνονος","PERSON"
"15554","·","O"
"15555","ἀλλ","O"
"15556","ἄγετ","O"
"15557","αἴ","O"
"15558","κέν","O"
"15559","πως","O"
"15560","θωρήξομεν","O"
"15561","υἷας","O"
"15562","Ἀχαιῶν","NORP"
"15563",",","O"
"15564","πῶς","O"
"15565","ἂν","O"
"15566","ἄνευ","O"
"15567","τοῦ","O"
"15568","Ἀχιλλέως","PERSON"
"15569","ἐκστρατεύσοιντο","O"
"15570",".","O"
"15571","ἔστιν","O"
"15572","οὖν","O"
"15573","τοῦ","O"
"15574","Νέστορος","PERSON"
"15575","ἡ","O"
"15576","ὑπόθεσις","O"
"15577","·","O"
"15578","κρῖν","O"
"15579","ἄνδρας","O"
"15580","κατὰ","O"
"15581","φῦλα","O"
"15582",",","O"
"15583","κατὰ","O"
"15584","φρήτρας","O"
"15585",",","O"
"15586","Ἀγάμεμνον","PERSON"
"15587","·","O"
"15588","ὣς","O"
"15589","φρήτρη","O"
"15590","φρήτρῃφιν","O"
"15591","ἀρήγει","O"
"15592",",","O"
"15593","φῦλα","O"
"15594","δὲ","O"
"15595","φύλοις","O"
"15596",".","O"
"15597","εἰ","O"
"15598","δέ","O"
"15599","κεν","O"
"15600","ὣς","O"
"15601","ἔρξῃς","O"
"15602","καί","O"
"15603","τοι","O"
"15604","πείθωνται","O"
"15605","Ἀχαιοί","NORP"
"15606",",","O"
"15607","γνώσει","O"
"15608","ἔπειθ","O"
"15609",",","O"
"15610","ὅς","O"
"15611","θ","O"
"15612","ἡγεμόνων","O"
"15613","κακὸς","O"
"15614","ὅς","O"
"15615","τέ","O"
"15616","νυ","O"
"15617","λαῶν","O"
"15618","ἠδ","O"
"15619","ὅς","O"
"15620","κ","O"
"15621","ἐσθλὸς","O"
"15622","ἔησι","O"
"15623","·","O"
"15624","κατὰ","O"
"15625","σφέας","O"
"15626","γὰρ","O"
"15627","μαχέονται","O"
"15628",".","O"
"15629","αὕτη","O"
"15630","ἡ","O"
"15631","ὑπόθεσίς","O"
"15632","ἐστιν","O"
"15633",",","O"
"15634","ἧς","O"
"15635","χρείαν","O"
"15636","ἔχει","O"
"15637","ὁ","O"
"15638","Ἀγαμέμνων","PERSON"
"15639","·","O"
"15640","αὕτη","O"
"15641","ἡ","O"
"15642","ἐπικίνδυνος","O"
"15643","ὑπόθεσις","O"
"15644","τῶν","O"
"15645","λόγων","O"
"15646","τῷ","O"
"15647","Νέστορι","PERSON"
"15648","·","O"
"15649","ὡς","O"
"15650","ἐν","O"
"15651","παρέργῳ","O"
"15652","δὲ","O"
"15653","αὐτὴν","O"
"15654","ἔρριψεν","O"
"15655","ἄλλο","O"
"15656","δέ","O"
"15657","τοι","O"
"15658","ἐρέω","O"
"15659",",","O"
"15660","σὺ","O"
"15661","δ","O"
"15662","ἐνὶ","O"
"15663","φρεσὶ","O"
"15664","βάλλεο","O"
"15665","σῇσιν","O"
"15666","ὡς","O"
"15667","προσθήκην","O"
"15668","τῷ","O"
"15669","λόγῳ","O"
"15670","ποιούμενος","O"
"15671","·","O"
"15672","καὶ","O"
"15673","γίνεται","O"
"15674","ὥσπερ","O"
"15675","τέλος","O"
"15676","τῆς","O"
"15677","δημηγορίας","O"
"15678","τῆς","O"
"15679","πεπεικυίας","O"
"15680","χρεία","O"
"15681","δημηγορίας","O"
"15682","ἀναγκαιοτέρα","O"
"15683",".","O"
"15684","διὰ","O"
"15685","τοῦτο","O"
"15686","Ἀγαμέμνων","PERSON"
"15687","τυχων","O"
"15688","ὧν","O"
"15689","ἐβούλετο","O"
"15690","ἐπαινεῖ","O"
"15691","τν","O"
"15692","γέροντα","O"
"15693","·","O"
"15694","Ἦ","O"
"15695","μὰν","O"
"15696","αὐτ","O"
"15697","ἀγορῇ","O"
"15698","νικᾷς","O"
"15699",",","O"
"15700","γέρον","O"
"15701",",","O"
"15702","υἷας","O"
"15703","Ἀχαιῶν","NORP"
"15704",".","O"
"15705","αἲ","O"
"15706","γάρ","O"
"15707",",","O"
"15708","Ζεῦ","GOD"
"15709","τε","O"
"15710","πάτερ","O"
"15711","καὶ","O"
"15712","Ἀθηναίη","GOD"
"15713","καὶ","O"
"15714","Ἄπολλον","O"
"15715",",","O"
"15716","τοιοῦτοι","O"
"15717","δέκα","O"
"15718","μοι","O"
"15719","συμφράδμονες","O"
"15720","εἶεν","O"
"15721","Ἀχαιῶν","NORP"
"15722",".","O"
"15723","τῶ","O"
"15724","κε","O"
"15725","τάχ","O"
"15726","ἠμύσειε","O"
"15727","πόλις","O"
"15728","Πριάμοιο","O"
"15729","ἄνακτος","O"
"15730","χερσὶν","O"
"15731","ὑφ","O"
"15732","ἡμετέρῃσιν","O"
"15733","ἁλοῦσά","O"
"15734","τε","O"
"15735","περθομένη","O"
"15736","τε","O"
"15737",".","O"
"15738","ὅτι","O"
"15739","δὲ","O"
"15740","αὕτη","O"
"15741","ἐστὶν","O"
"15742","ἡ","O"
"15743","ὑπόθεσις","O"
"15744","τοῦ","O"
"15745","Νέστορος","PERSON"
"15746",",","O"
"15747","τὸ","O"
"15748","ἐκστρατεῦσαι","O"
"15749",",","O"
"15750","καὶ","O"
"15751","ὅτι","O"
"15752","τοῦτο","O"
"15753","ἐπαινεῖ","O"
"15754","σχήματι","O"
"15755","ὁ","O"
"15756","Ἀγαμέμνων","PERSON"
"15757","ὡς","O"
"15758","τυχὼν","O"
"15759","ὧν","O"
"15760","ἐβούλετο","O"
"15761",",","O"
"15762","τίς","O"
"15763","ὁ","O"
"15764","ἔλεγχος","O"
"15765","καὶ","O"
"15766","τίς","O"
"15767","ἡ","O"
"15768","ἀπόδειξις","O"
"15769",";","O"
"15770","φοβεῖται","O"
"15771",",","O"
"15772","μὴ","O"
"15773","οὐ","O"
"15774","πείσῃ","O"
"15775","ὁ","O"
"15776","Νέστωρ","PERSON"
"15777",",","O"
"15778","καὶ","O"
"15779","βοηθεῖ","O"
"15780","αὐτῷ","O"
"15781",",","O"
"15782","ὅσα","O"
"15783","δύναται","O"
"15784",".","O"
"15785","τί","O"
"15786","οὖν","O"
"15787","ἐστι","O"
"15788","τὸ","O"
"15789","μὴ","O"
"15790","ποιοῦν","O"
"15791","πείθειν","O"
"15792","τὸν","O"
"15793","Νέστορα","PERSON"
"15794",";","O"
"15795","ὀργὴ","O"
"15796","ὑπὲρ","O"
"15797","Ἀχιλλέως","PERSON"
"15798","τῶν","O"
"15799","Ἐλλήνων","NORP"
"15800",".","O"
"15801","παραμυθεῖται","O"
"15802","τὴν","O"
"15803","ὀργὴν","O"
"15804","αὐτῶν","O"
"15805","ὁ","O"
"15806","Ἀγαμέμνων","PERSON"
"15807","ὁμολογῶν","O"
"15808","ἡμαρτηκέναι","O"
"15809",",","O"
"15810","καὶ","O"
"15811","μέμνηται","O"
"15812","τοῦ","O"
"15813","Ἀχιλλέως","PERSON"
"15814",",","O"
"15815","ἵνα","O"
"15816","μαλάξῃ","O"
"15817","αὐτῶν","O"
"15818","τὸν","O"
"15819","θυμὸν","O"
"15820","τὸν","O"
"15821","ἐπ","O"
"15822","αὐτῷ","O"
"15823",".","O"
"15824","ἐπεὶ","O"
"15825","τί","O"
"15826","βούλεται","O"
"15827","τὸ","O"
"15828","ἀλλά","O"
"15829","μοι","O"
"15830","αἰγίοχος","O"
"15831","Κρονίδης","GOD"
"15832","Ζεὺς","GOD"
"15833","ἄλγε","O"
"15834","ἔθηκεν","O"
"15835",",","O"
"15836","ὅς","O"
"15837","με","O"
"15838","μετ","O"
"15839","ἀπρήκτους","O"
"15840","ἔριδας","O"
"15841","καὶ","O"
"15842","νείκεα","O"
"15843","βάλλει","O"
"15844",".","O"
"15845","καὶ","O"
"15846","γὰρ","O"
"15847","ἐγὼν","O"
"15848","Ἀχιλεύς","PERSON"
"15849","τε","O"
"15850","μαχεσσάμεθ","O"
"15851","εἵνεκα","O"
"15852","κούρης","O"
"15853","ἀντιβίοις","O"
"15854","ἐπέεσσιν","O"
"15855","·","O"
"15856","ἐγὼ","O"
"15857","δ","O"
"15858","ἦρχον","O"
"15859","χαλεπαίνων","O"
"15860",".","O"
"15861","εἰ","O"
"15862","δέ","O"
"15863","ποτ","O"
"15864","ἔς","O"
"15865","γε","O"
"15866","μίαν","O"
"15867","βουλεύσομεν","O"
"15868",",","O"
"15869","οὐκέτ","O"
"15870","ἔπειτα","O"
"15871","Τρωσὶν","NORP"
"15872","ἀνάβλησις","O"
"15873","κακοῦ","O"
"15874","ἔσσεται","O"
"15875","οὐδ","O"
"15876","ἠβαιόν","O"
"15877",".","O"
"15878","ἐποίησεν","O"
"15879","αὐτοὺς","O"
"15880","οἰκτεῖραι","O"
"15881",",","O"
"15882","εἰ","O"
"15883","ὁμολογεῖ","O"
"15884","τὸ","O"
"15885","ἁμάρτημα","O"
"15886",",","O"
"15887","καὶ","O"
"15888","ἀπεπλήρωσεν","O"
"15889","αὐτῶν","O"
"15890","τὸν","O"
"15891","θυμόν","O"
"15892",".","O"
"15893","εἶτα","O"
"15894","συναγορεύσας","O"
"15895","τῷ","O"
"15896","γέροντι","O"
"15897","καὶ","O"
"15898","παραμυθησάμενος","O"
"15899",",","O"
"15900","ἀφεὶς","O"
"15901","ταῦτα","O"
"15902","ἐπὶ","O"
"15903","τὸ","O"
"15904","οἰκειότατον","O"
"15905","ἔρχεται","O"
"15906",",","O"
"15907","ἐπὶ","O"
"15908","τὸν","O"
"15909","βασιλέα","O"
"15910","·","O"
"15911","νῦν","O"
"15912","δ","O"
"15913","ἔρχεσθ","O"
"15914","ἐπὶ","O"
"15915","δεῖπνον","O"
"15916",",","O"
"15917","ἵνα","O"
"15918","ξυνάγωμεν","O"
"15919","Ἄρηα","O"
"15920",".","O"
"15921","ταῦτα","O"
"15922","κελεύσας","O"
"15923","ἐπάγει","O"
"15924","σφίσι","O"
"15925","καὶ","O"
"15926","τὴν","O"
"15927","ἀπειλήν","O"
"15928",",","O"
"15929","ἐὰν","O"
"15930","δή","O"
"15931","τις","O"
"15932","χωρίζηται","O"
"15933","·","O"
"15934","ὃν","O"
"15935","δέ","O"
"15936","κ","O"
"15937","ἐγὼν","O"
"15938","ἀπάνευθε","O"
"15939","μάχης","O"
"15940","ἐθέλοντα","O"
"15941","νοήσω","O"
"15942","μιμνάζειν","O"
"15943","παρὰ","O"
"15944","νηυσὶ","O"
"15945","κορωνίσιν","O"
"15946",",","O"
"15947","οὔ","O"
"15948","οἱ","O"
"15949","ἔπειτα","O"
"15950","ἄρκιον","O"
"15951","ἐσσεῖται","O"
"15952","φυγέειν","O"
"15953","κύνας","O"
"15954","ἠδ","O"
"15955","οἰωνούς","O"
"15956",".","O"
"15957","ὥστε","O"
"15958","ἄρχεται","O"
"15959","ἀπὸ","O"
"15960","ἐπαίνου","O"
"15961","συναγορεύων","O"
"15962","τῷ","O"
"15963","Νέστορι","PERSON"
"15964",",","O"
"15965","εἶτα","O"
"15966","παραμυθεῖται","O"
"15967","τὸν","O"
"15968","θυμὸν","O"
"15969","ὁμολογῶν","O"
"15970","ἡμαρτηκέναι","O"
"15971",",","O"
"15972","εἶτα","O"
"15973","κελεύει","O"
"15974","καὶ","O"
"15975","ἀπειλεῖ","O"
"15976","βασιλικῶς","O"
"15977",".","O"
"15978","αὕτη","O"
"15979","οὖν","O"
"15980","ἡ","O"
"15981","τέχνη","O"
"15982","τίς","O"
"15983","ἐστι","O"
"15984",";","O"
"15985","τὸ","O"
"15986","ἐπ","O"
"15987","ἄλλης","O"
"15988","ὑποθέσεως","O"
"15989","πεπεικυίας","O"
"15990","πρότερον","O"
"15991","εἰπόντα","O"
"15992","ἐπὶ","O"
"15993","τέλει","O"
"15994","ὡς","O"
"15995","πάρεργον","O"
"15996","ἐρρίπτειν","O"
"15997","τὴν","O"
"15998","οἰκειοτέραν","O"
"15999","ὑπόθεσιν","O"
"16000",".","O"
"16001","ταύτην","O"
"16002","τὴν","O"
"16003","τέχνην","O"
"16004","τίς","O"
"16005","ἐμιμήσατο","O"
"16006","καὶ","O"
"16007","τίς","O"
"16008","ἐξηγήσατο","O"
"16009",";","O"
"16010","Πλάτων","PERSON"
"16011",".","O"
"16012","ἐγκώμιον","O"
"16013","λέγει","O"
"16014","ἐν","O"
"16015","τῷ","O"
"16016","Συμποσίῳ","O"
"16017","Ἀλκιβιάδης","PERSON"
"16018","Σωκράτους","PERSON"
"16019",".","O"
"16020","ἐπὶ","O"
"16021","τέλει","O"
"16022","τοῦ","O"
"16023","ἐγκωμίου","O"
"16024","λέγει","O"
"16025","πρὸς","O"
"16026","Ἀγάθωνα","PERSON"
"16027","ὁ","O"
"16028","Ἀλκιβιάδης","PERSON"
"16029","·","O"
"16030","ὅρα","O"
"16031","τοίνυν","O"
"16032",",","O"
"16033","ὦ","O"
"16034","Ἀγάθων","PERSON"
"16035",",","O"
"16036","μὴ","O"
"16037","πάθῃς","O"
"16038",",","O"
"16039","ὅ","O"
"16040","περ","O"
"16041","οἱ","O"
"16042","πολλοί","O"
"16043",".","O"
"16044","ὁ","O"
"16045","γὰρ","O"
"16046","Σωκράτης","PERSON"
"16047","οὗτος","O"
"16048","προσποιεῖται","O"
"16049","ἐραστὴς","O"
"16050","εἶναι","O"
"16051",",","O"
"16052","εἶτα","O"
"16053","ἐρώμενος","O"
"16054","ἀναφαίνεται","O"
"16055",".","O"
"16056","μὴ","O"
"16057","οὖν","O"
"16058","καὶ","O"
"16059","σὺ","O"
"16060","τὸ","O"
"16061","αὐτὸ","O"
"16062","πάθῃς","O"
"16063",",","O"
"16064","ὅ","O"
"16065","περ","O"
"16066","καὶ","O"
"16067","πάντες","O"
"16068","πεπόνθασιν","O"
"16069",".","O"
"16070","ἔτυχεν","O"
"16071","δὲ","O"
"16072","ὁ","O"
"16073","Ἀλκιβιάδης","PERSON"
"16074","ἐρῶν","O"
"16075","τοῦ","O"
"16076","Ἀγάθωνος","PERSON"
"16077","καὶ","O"
"16078","ἐβούλετο","O"
"16079","ὑπὸ","O"
"16080","μηδενὸς","O"
"16081","ἄλλου","O"
"16082","αὐτὸν","O"
"16083","ἐρᾶσθαι","O"
"16084",",","O"
"16085","καὶ","O"
"16086","ἐπὶ","O"
"16087","τέλει","O"
"16088","ἔρριψεν","O"
"16089","τὴν","O"
"16090","παραίνεσιν","O"
"16091","τὴν","O"
"16092","πρὸς","O"
"16093","Ἀγάθωνα","PERSON"
"16094","ὡς","O"
"16095","ἐπὶ","O"
"16096","τοῦ","O"
"16097","ἐγκωμίου","O"
"16098","λέγων","O"
"16099",".","O"
"16100","αὐτὸς","O"
"16101","ἐξηγεῖται","O"
"16102","ὁ","O"
"16103","Σωκράτης","PERSON"
"16104","τὴν","O"
"16105","τέχνην","O"
"16106","·","O"
"16107","νήφειν","O"
"16108","μοι","O"
"16109","δοκεῖς","O"
"16110",",","O"
"16111","ὦ","O"
"16112","Ἀλκιβιάδη","PERSON"
"16113","·","O"
"16114","ἐδόκει","O"
"16115","γάρ","O"
"16116","μεθύειν","O"
"16117","ὁ","O"
"16118","Ἀλκιβιάδης","PERSON"
"16119","·","O"
"16120","οὐ","O"
"16121","γὰρ","O"
"16122","ἂν","O"
"16123","κομψῶς","O"
"16124","γε","O"
"16125","φησίν","O"
"16126","τὸ","O"
"16127","σατυρικὸν","NORP"
"16128","δρᾶμα","O"
"16129","περιέβαλες","O"
"16130",",","O"
"16131","εἰ","O"
"16132","μὴ","O"
"16133","ἔνηφες","O"
"16134",".","O"
"16135","καὶ","O"
"16136","πάντα","O"
"16137","ταῦτα","O"
"16138","εἴρηκας","O"
"16139","ὑπὲρ","O"
"16140","τοῦ","O"
"16141","διαβάλλειν","O"
"16142","ἐμὲ","O"
"16143","καὶ","O"
"16144","Ἀγάθωνα","PERSON"
"16145",",","O"
"16146","ἵνα","O"
"16147","ἐγὼ","O"
"16148","μὲν","O"
"16149","σοῦ","O"
"16150","ἐρῶ","O"
"16151","καὶ","O"
"16152","μηδενὸς","O"
"16153","ἄλλου","O"
"16154",".","O"
"16155","καὶ","O"
"16156","γὰρ","O"
"16157","ἐποίησας","O"
"16158","αὐτό","O"
"16159","φησίν","O"
"16160","ὡς","O"
"16161","οὐδέν","O"
"16162","τι","O"
"16163",",","O"
"16164","ἐπὶ","O"
"16165","τέλει","O"
"16166","αὐτὸ","O"
"16167","εἰπών","O"
"16168",",","O"
"16169","ὡς","O"
"16170","οὐχ","O"
"16171","ἕνεκα","O"
"16172","τούτου","O"
"16173","πάντα","O"
"16174","τὰ","O"
"16175","ἄλλα","O"
"16176","εἰρηκώς","O"
"16177",".","O"
"16178","ἀλλ","O"
"16179","οὐκ","O"
"16180","ἔλαθες","O"
"16181",",","O"
"16182","ἀλλὰ","O"
"16183","τὸ","O"
"16184","σατυρικὸν","NORP"
"16185","δρᾶμα","O"
"16186","τοῦτο","O"
"16187","ἀνεφάνη","O"
"16188",".","O"
"16189","οὕτω","O"
"16190","γάρ","O"
"16191","τοι","O"
"16192","γίνεται","O"
"16193","ἡ","O"
"16194","τέχνη","O"
"16195","καὶ","O"
"16196","παραδίδοται","O"
"16197",".","O"
"16198","Πειρασόμεθα","O"
"16199","οὖν","O"
"16200","δεῖξαι","O"
"16201","μετὰ","O"
"16202","τὰ","O"
"16203","Ὁμηρικὰ","NORP"
"16204","καὶ","O"
"16205","παρὰ","O"
"16206","τοῖς","O"
"16207","ῥήτορσιν","O"
"16208","καὶ","O"
"16209","ἐν","O"
"16210","δημηγορίαις","O"
"16211","καὶ","O"
"16212","ἐν","O"
"16213","δίκαις","O"
"16214","καὶ","O"
"16215","ἐν","O"
"16216","πανηγυρικοῖς","NORP"
"16217","λόγοις","O"
"16218","καὶ","O"
"16219","ἐν","O"
"16220","διαλόγοις","O"
"16221","τὸ","O"
"16222","αὐτὸ","O"
"16223","εἶδος","O"
"16224","γινόμενον","O"
"16225",".","O"
"16226","Πρότερον","O"
"16227","δὲ","O"
"16228","καὶ","O"
"16229","ἄλλο","O"
"16230","εἶδος","O"
"16231","ἴδωμεν","O"
"16232","λόγων","O"
"16233","ἐσχηματισμένων","O"
"16234",",","O"
"16235","διπλοῦν","O"
"16236","τοῦτο","O"
"16237","·","O"
"16238","τὸ","O"
"16239","μὲν","O"
"16240","πρὸ","O"
"16241","τῆς","O"
"16242","τῶν","O"
"16243","μελλόντων","O"
"16244","λεχθήσεσθαι","O"
"16245","παρρησίας","O"
"16246","ἔνδειξιν","O"
"16247","τῶν","O"
"16248","λεχθησομένων","O"
"16249","ἀσφαλῆ","O"
"16250","προανακρουομένην","O"
"16251","τὸ","O"
"16252","λυπηρὸν","O"
"16253","τοῦ","O"
"16254","ἀκούσματος","O"
"16255","·","O"
"16256","τὸ","O"
"16257","δὲ","O"
"16258","ἐν","O"
"16259","διοικήσει","O"
"16260","προσώπων","O"
"16261","ὑπαλλαγήν","O"
"16262",",","O"
"16263","ὅτε","O"
"16264","διὰ","O"
"16265","τῶν","O"
"16266","πρὸς","O"
"16267","ἑτέρους","O"
"16268","ἑτέροις","O"
"16269","τις","O"
"16270","διαλέγεται","O"
"16271","καὶ","O"
"16272","ἔχει","O"
"16273","τὸ","O"
"16274","ἀσφαλὲς","O"
"16275","ἐν","O"
"16276","τῷ","O"
"16277","μὴ","O"
"16278","οἷς","O"
"16279","ἐπιπλήττει","O"
"16280","αὐτοῖς","O"
"16281","διαλέγεσθαι","O"
"16282",",","O"
"16283","ἀλλ","O"
"16284","ἀκουόντων","O"
"16285","αὐτῶν","O"
"16286","ἑτέροις","O"
"16287","ταῦτα","O"
"16288","λέγειν","O"
"16289",",","O"
"16290","ἃ","O"
"16291","τούτοις","O"
"16292","προσήκει","O"
"16293",".","O"
"16294","τί","O"
"16295","ποτ","O"
"16296","οὖν","O"
"16297","ἐστιν","O"
"16298","ἑκάτερον","O"
"16299","τὸ","O"
"16300","εἶδος","O"
"16301",";","O"
"16302","ὁ","O"
"16303","Ἀχιλλεὺς","PERSON"
"16304","ἀνέστη","O"
"16305","καὶ","O"
"16306","μετὰ","O"
"16307","τὸν","O"
"16308","Ἀχιλλέα","PERSON"
"16309","ὁ","O"
"16310","μάντις","O"
"16311","ἐν","O"
"16312","ἀρχῇ","O"
"16313","τῆς","O"
"16314","Ἰλιάδος","LOC"
"16315",",","O"
"16316","ἐλέγχοντες","O"
"16317","τὸν","O"
"16318","Ἀγαμέμνονα","PERSON"
"16319",",","O"
"16320","ὅτι","O"
"16321","τὴν","O"
"16322","αἰτίαν","O"
"16323","τοῦ","O"
"16324","νοσήματος","O"
"16325","αὐτὸς","O"
"16326","παρέχει","O"
"16327",".","O"
"16328","ὁ","O"
"16329","μὲν","O"
"16330","Ἀχιλλεὺς","PERSON"
"16331","ἐν","O"
"16332","συμβούλου","O"
"16333","σχήματι","O"
"16334","ὀνειδίζει","O"
"16335","τὴν","O"
"16336","αἰτίαν","O"
"16337","τῷ","O"
"16338","Ἀγαμέμνονι","PERSON"
"16339","τῶν","O"
"16340","κακῶν","O"
"16341","ὡς","O"
"16342","ἀπόρως","O"
"16343","διακείμενος","O"
"16344","καὶ","O"
"16345","ζητῶν","O"
"16346","τὴν","O"
"16347","αἰτίαν","O"
"16348",",","O"
"16349","καὶ","O"
"16350","ἀφορμὴν","O"
"16351","ποιεῖ","O"
"16352","τῆς","O"
"16353","παρρησίας","O"
"16354","τῷ","O"
"16355","μάντει","O"
"16356","·","O"
"16357","ὁ","O"
"16358","δὲ","O"
"16359","μάντις","O"
"16360","ἀντιστοιχῶν","O"
"16361","τῷ","O"
"16362","Ἀχιλλεῖ","PERSON"
"16363","τῇ","O"
"16364","ἀρνήσει","O"
"16365","ὧν","O"
"16366","ὑπέβαλεν","O"
"16367","ὁ","O"
"16368","Ἀχιλλεὺς","PERSON"
"16369","ζητῶν","O"
"16370","τὰς","O"
"16371","αἰτίας","O"
"16372",",","O"
"16373","προδιοικεῖται","O"
"16374","τὸ","O"
"16375","φανερὰν","O"
"16376","γενέσθαι","O"
"16377","τὴν","O"
"16378","αἰτίαν","O"
"16379","τῶν","O"
"16380","δεινῶν","O"
"16381",".","O"
"16382","ἴδωμεν","O"
"16383","οὖν","O"
"16384","τοὺς","O"
"16385","ἑκατέρων","O"
"16386","λόγους","O"
"16387",",","O"
"16388","πῶς","O"
"16389","ἔχουσιν","O"
"16390","δι","O"
"16391","ἀλλήλων","O"
"16392","καὶ","O"
"16393","πῶς","O"
"16394","τὸ","O"
"16395","εὐπρεπὲς","O"
"16396","ἔχουσιν","O"
"16397","οἱ","O"
"16398","μὲν","O"
"16399","τοῦ","O"
"16400","Ἀχιλλέως","PERSON"
"16401","ἐν","O"
"16402","βαθύτητι","O"
"16403","ζητήσεως","O"
"16404",",","O"
"16405","οἱ","O"
"16406","δὲ","O"
"16407","τοῦ","O"
"16408","μάντεως","O"
"16409","ἐν","O"
"16410","ἀσφαλείᾳ","O"
"16411","πρὸ","O"
"16412","τῆς","O"
"16413","ἀποκρίσεως","O"
"16414","·","O"
"16415","Ἀτρείδη","PERSON"
"16416",",","O"
"16417","νῦν","O"
"16418","ἄμμε","O"
"16419","παλιμπλαγχθέντας","O"
"16420","ὀίω","O"
"16421","ἂψ","O"
"16422","ἀπονοστήσειν","O"
"16423",",","O"
"16424","εἴ","O"
"16425","κεν","O"
"16426","θάνατόν","O"
"16427","γε","O"
"16428","φύγοιμεν","O"
"16429",",","O"
"16430","εἰ","O"
"16431","δὴ","O"
"16432","ὁμοῦ","O"
"16433","πόλεμός","O"
"16434","τε","O"
"16435","δαμᾷ","O"
"16436","καὶ","O"
"16437","λοιμὸς","O"
"16438","Ἀχαιούς","NORP"
"16439",".","O"
"16440","ἀλλ","O"
"16441","ἄγε","O"
"16442","δή","O"
"16443","τινα","O"
"16444","μάντιν","O"
"16445","ἐρείομεν","O"
"16446","ἢ","O"
"16447","ἱερῆα","O"
"16448","ἢ","O"
"16449","καὶ","O"
"16450","ὀνειροπόλον","O"
"16451","καὶ","O"
"16452","γάρ","O"
"16453","τ","O"
"16454","ὄναρ","O"
"16455","ἐκ","O"
"16456","Διός","GOD"
"16457","ἐστιν","O"
"16458",",","O"
"16459","ὅς","O"
"16460","κ","O"
"16461","εἴποι","O"
"16462",",","O"
"16463","ὅ","O"
"16464","τι","O"
"16465","τόσσον","O"
"16466","ἐχώσατο","O"
"16467","Φοῖβος","GOD"
"16468","Ἀπόλλων","GOD"
"16469",",","O"
"16470","εἴ","O"
"16471","τ","O"
"16472","ἄρ","O"
"16473","ὅ","O"
"16474","γ","O"
"16475","εὐχωλῆς","O"
"16476","ἐπιμέμφεται","O"
"16477","εἴ","O"
"16478","θ","O"
"16479","ἑκατόμβης","O"
"16480","·","O"
"16481","αἴ","O"
"16482","κέν","O"
"16483","πως","O"
"16484","ἀρνῶν","O"
"16485","κνίσσης","O"
"16486","αἰγῶν","O"
"16487","τε","O"
"16488","τελείων","O"
"16489","βούλεται","O"
"16490","ἀντιάσας","O"
"16491","ἡμῖν","O"
"16492","ἀπὸ","O"
"16493","λοιγὸν","O"
"16494","ἀμῦναι","O"
"16495",".","O"
"16496","Ἤτοι","O"
"16497","ὅ","O"
"16498","γ","O"
"16499","ὣς","O"
"16500","εἰπὼν","O"
"16501","κατ","O"
"16502","ἄρ","O"
"16503","ἕζετο","O"
"16504",".","O"
"16505","μέχρι","O"
"16506","τούτου","O"
"16507","οἱ","O"
"16508","Ἀχιλλέως","PERSON"
"16509","λόγοι","O"
"16510","τὸ","O"
"16511","σχῆμα","O"
"16512","ἔχουσιν","O"
"16513","ὑπαινιττομένου","O"
"16514","εἰς","O"
"16515","Ἀγαμέμνονα","PERSON"
"16516","καὶ","O"
"16517","προσκρούοντος","O"
"16518","ἐκείνῳ","O"
"16519",",","O"
"16520","ἐν","O"
"16521","δὲ","O"
"16522","σχήματι","O"
"16523","ζητήσεως","O"
"16524","καὶ","O"
"16525","ἀπορίας","O"
"16526","τῆς","O"
"16527","τοῦ","O"
"16528","δεινοῦ","O"
"16529","αἰτίας","O"
"16530","τὸ","O"
"16531","ἀσφαλὲς","O"
"16532","προδιοικουμένου","O"
"16533",".","O"
"16534","ἡ","O"
"16535","δὲ","O"
"16536","ἔν","O"
"16537","δειξις","O"
"16538","τοῦ","O"
"16539","εἰς","O"
"16540","Ἀγαμέμνονα","PERSON"
"16541","λέγεσθαι","O"
"16542","ταῦτα","O"
"16543","πρῶτον","O"
"16544","μὲν","O"
"16545","τὸ","O"
"16546","πρὸς","O"
"16547","Ἀγαμέμνονα","PERSON"
"16548","ποιεῖσθαι","O"
"16549","τοὺς","O"
"16550","λόγους","O"
"16551",",","O"
"16552","ἀλλὰ","O"
"16553","μὴ","O"
"16554","εἰς","O"
"16555","τὸ","O"
"16556","κοινόν","O"
"16557","·","O"
"16558","Ἀτρείδη","PERSON"
"16559",",","O"
"16560","νῦν","O"
"16561","ἄμμε","O"
"16562","παλιμπλαγχθέντας","O"
"16563",".","O"
"16564","ὡς","O"
"16565","γὰρ","O"
"16566","τιμῶν","O"
"16567","αὐτὸν","O"
"16568","διὰ","O"
"16569","τὸ","O"
"16570","ἀξίωμα","O"
"16571","καὶ","O"
"16572","τὸν","O"
"16573","κοινὸν","O"
"16574","λόγον","O"
"16575","πρὸς","O"
"16576","ἐκεῖνον","O"
"16577","ἀποτεινόμενος","O"
"16578","τὴν","O"
"16579","ἀσφάλειαν","O"
"16580","ἔχει","O"
"16581","τοῦ","O"
"16582","προσκρούματος","O"
"16583",".","O"
"16584","εἶτα","O"
"16585","ἑξῆς","O"
"16586","ἐπάγει","O"
"16587","εἰ","O"
"16588","δὴ","O"
"16589","ὁμοῦ","O"
"16590","πόλεμός","O"
"16591","τε","O"
"16592","δαμᾷ","O"
"16593","καὶ","O"
"16594","λοιμὸς","O"
"16595","Ἀχαιούς","NORP"
"16596",".","O"
"16597","αἴτιος","O"
"16598","τοῦ","O"
"16599","πολέμου","O"
"16600","Ἀγαμέμνων","PERSON"
"16601","ἐστὶν","O"
"16602","συναγαγὼν","O"
"16603","τοὺς","O"
"16604","Ἕλληνας","NORP"
"16605",".","O"
"16606","συνῆψεν","O"
"16607","καὶ","O"
"16608","τὸν","O"
"16609","λοιμὸν","O"
"16610","τῷ","O"
"16611","πολέμῳ","O"
"16612",",","O"
"16613","καὶ","O"
"16614","φησὶν","O"
"16615","αὐτὸν","O"
"16616","αἴτιον","O"
"16617","γεγονέναι","O"
"16618","·","O"
"16619","τί","O"
"16620","γὰρ","O"
"16621","ἡ","O"
"16622","μνήμη","O"
"16623","τοῦ","O"
"16624","πολέμου","O"
"16625","ἐνταῦθα","O"
"16626",",","O"
"16627","εἰ","O"
"16628","μὴ","O"
"16629","ἐβούλετο","O"
"16630","ἀμφοτέρων","O"
"16631","αἴτιον","O"
"16632","ἀποφῆναι","O"
"16633","τὸν","O"
"16634","αὐτόν","O"
"16635",";","O"
"16636","εἶτα","O"
"16637","ἐπειδὴ","O"
"16638","ἔδειξεν","O"
"16639",",","O"
"16640","ὅτι","O"
"16641","αὐτὸς","O"
"16642","αἴτιός","O"
"16643","ἐστιν","O"
"16644",",","O"
"16645","ἀντὶ","O"
"16646","τοῦ","O"
"16647","χωρὶς","O"
"16648","σαφῶς","O"
"16649","εἰπεῖν","O"
"16650","ἐπὶ","O"
"16651","τὴν","O"
"16652","ζήτησιν","O"
"16653","ἦλθεν","O"
"16654","·","O"
"16655","ἀλλ","O"
"16656","ἄγε","O"
"16657","δή","O"
"16658","τινα","O"
"16659","μάντιν","O"
"16660","ἐρείομεν","O"
"16661","ἢ","O"
"16662","ἱερῆα","O"
"16663","ἢ","O"
"16664","καὶ","O"
"16665","ὀνειροπόλον","O"
"16666","·","O"
"16667","καὶ","O"
"16668","γάρ","O"
"16669","τ","O"
"16670","ὄναρ","O"
"16671","ἐκ","O"
"16672","Διός","GOD"
"16673","ἐστιν","O"
"16674","·","O"
"16675","ὅς","O"
"16676","κ","O"
"16677","εἴποι","O"
"16678",",","O"
"16679","ὅ","O"
"16680","τι","O"
"16681","τόσσον","O"
"16682","ἐχώσατο","O"
"16683","Φοῖβος","GOD"
"16684","Ἀπόλλων","GOD"
"16685",".","O"
"16686","ἡ","O"
"16687","προσθήκη","O"
"16688","τοῦ","O"
"16689","τόσσον","O"
"16690","δηλοῖ","O"
"16691",",","O"
"16692","ὅτι","O"
"16693","τὰς","O"
"16694","αἰτίας","O"
"16695","τῆς","O"
"16696","ὀργῆς","O"
"16697","ἃς","O"
"16698","ὑποβάλλει","O"
"16699","Ἀχιλλεὺς","PERSON"
"16700","οὐ","O"
"16701","πιστεύει","O"
"16702","ἁκούων","O"
"16703",",","O"
"16704","ἀλλὰ","O"
"16705","αἰτίαν","O"
"16706","μείζονα","O"
"16707","περιμένει","O"
"16708","·","O"
"16709","εἴ","O"
"16710","ταρ","O"
"16711","ὅ","O"
"16712","γ","O"
"16713","εὐχωλῆς","O"
"16714","ἐπιμέμφεται","O"
"16715","εἴ","O"
"16716","θ","O"
"16717","ἑκατόμβης","O"
"16718",".","O"
"16719","οὐ","O"
"16720","δέχεται","O"
"16721","τὸν","O"
"16722","Ἀπόλλωνα","GOD"
"16723","ἕνεκεν","O"
"16724","εὐχωλῆς","O"
"16725","καὶ","O"
"16726","ἑκατόμβης","O"
"16727","τόσον","O"
"16728","χολωθῆναι","O"
"16729",".","O"
"16730","οὕτω","O"
"16731","μὲν","O"
"16732","ὁ","O"
"16733","Ἀχιλλεὺς","PERSON"
"16734","διοικεῖται","O"
"16735","τὸν","O"
"16736","λόγον","O"
"16737",".","O"
"16738","ὁ","O"
"16739","δὲ","O"
"16740","μάντις","O"
"16741","λαβόμενος","O"
"16742","τῆς","O"
"16743","ἀφορμῆς","O"
"16744","αὐτοῖς","O"
"16745","τοῖς","O"
"16746","Ἀχιλλέως","PERSON"
"16747","λόγοις","O"
"16748","χρῆται","O"
"16749","εἰς","O"
"16750","διατριβὴν","O"
"16751","τοῦ","O"
"16752","δεῖξαι","O"
"16753","τῷ","O"
"16754","Ἀγαμέμνονι","PERSON"
"16755",",","O"
"16756","πρὶν","O"
"16757","φανερῶς","O"
"16758","εἰπεῖν","O"
"16759",",","O"
"16760","καὶ","O"
"16761","γίνεται","O"
"16762","αὐτῷ","O"
"16763","ἀφορμὴ","O"
"16764","τῶν","O"
"16765","λόγων","O"
"16766","τὸ","O"
"16767","τόσσον","O"
"16768","·","O"
"16769","λέγει","O"
"16770","γάρ","O"
"16771","οὔ","O"
"16772","ταρ","O"
"16773","ὅ","O"
"16774","γ","O"
"16775","εὐχωλῆς","O"
"16776","ἐπιμέμφεται","O"
"16777","οὐδ","O"
"16778","ἑκατόμβης","O"
"16779",".","O"
"16780","καὶ","O"
"16781","πρότερον","O"
"16782","προδιοικεῖται","O"
"16783","τὴν","O"
"16784","ἀσφάλειαν","O"
"16785","·","O"
"16786","Ὠ","O"
"16787","Ἀχιλεῦ","PERSON"
"16788",",","O"
"16789","κέλεαί","O"
"16790","με","O"
"16791",",","O"
"16792","διίφιλε","GOD"
"16793",",","O"
"16794","μυθήσασθαι","O"
"16795","μῆνιν","O"
"16796","Ἀπόλλωνος","GOD"
"16797","ἑκατηβελέταο","GOD"
"16798","ἄνακτος","O"
"16799",".","O"
"16800","τοιγὰρ","O"
"16801","ἐγὼν","O"
"16802","ἐρέω","O"
"16803","·","O"
"16804","σὺ","O"
"16805","δὲ","O"
"16806","σύνθεο","O"
"16807","καί","O"
"16808","μοι","O"
"16809","ὄμοσσον","O"
"16810",",","O"
"16811","ἦ","O"
"16812","μέν","O"
"16813","μοι","O"
"16814","πρόφρων","O"
"16815","ἔπεσιν","O"
"16816","καὶ","O"
"16817","χερσὶν","O"
"16818","ἀρήξειν","O"
"16819",".","O"
"16820","ταῦτα","O"
"16821","γὰρ","O"
"16822","ὁμολογοῦντός","O"
"16823","ἐστιν","O"
"16824",",","O"
"16825","ὅτι","O"
"16826","τῷ","O"
"16827","βασιλεῖ","O"
"16828","προσκρούσει","O"
"16829",".","O"
"16830","εἶτα","O"
"16831","τῷ","O"
"16832","προοιμίῳ","O"
"16833","τούτῳ","O"
"16834","ἐπάγει","O"
"16835","·","O"
"16836","ἠ","O"
"16837","γὰρ","O"
"16838","ὀίομαι","O"
"16839","ἄνδρα","O"
"16840","χολωσέμεν","O"
"16841",",","O"
"16842","ὅς","O"
"16843","μέγα","O"
"16844","πάντων","O"
"16845","Ἀργείων","NORP"
"16846","κρατέει","O"
"16847",",","O"
"16848","καί","O"
"16849","οἱ","O"
"16850","πείθονται","O"
"16851","Ἀχαιοί","NORP"
"16852",".","O"
"16853","εἶτα","O"
"16854","γνωμολογεῖ","O"
"16855","·","O"
"16856","κρείσσων","O"
"16857","γὰρ","O"
"16858","βασιλεύς","O"
"16859",",","O"
"16860","ὅτε","O"
"16861","χώσεται","O"
"16862","ἀνδρὶ","O"
"16863","χέρηι","O"
"16864",".","O"
"16865","εἶτα","O"
"16866","τὴν","O"
"16867","τέχνην","O"
"16868","τῆς","O"
"16869","ὀργῆς","O"
"16870","ἐπάγει","O"
"16871","·","O"
"16872","εἴ","O"
"16873","περ","O"
"16874","γάρ","O"
"16875","τε","O"
"16876","χόλον","O"
"16877","γε","O"
"16878","καὶ","O"
"16879","αὐτῆμαρ","O"
"16880","καταπέψῃ","O"
"16881",",","O"
"16882","ἀλλά","O"
"16883","τε","O"
"16884","καὶ","O"
"16885","μετόπισθεν","O"
"16886","ἔχει","O"
"16887","κότον","O"
"16888",",","O"
"16889","ὄφρα","O"
"16890","τελέσσῃ","O"
"16891",",","O"
"16892","ἐν","O"
"16893","στήθεσσιν","O"
"16894","ἑοῖσι","O"
"16895",".","O"
"16896","σὺ","O"
"16897","δὲ","O"
"16898","φράσαι","O"
"16899",",","O"
"16900","εἴ","O"
"16901","με","O"
"16902","σαώσεις","O"
"16903",".","O"
"16904","καὶ","O"
"16905","ἤδη","O"
"16906","ἔδειξεν","O"
"16907",",","O"
"16908","ὅτι","O"
"16909","Ἀγαμέμνων","PERSON"
"16910","τούτων","O"
"16911","ἀπάντων","O"
"16912","αἴτιος","O"
"16913",",","O"
"16914","μηδέπω","O"
"16915","εἰπών","O"
"16916","·","O"
"16917","καὶ","O"
"16918","διὰ","O"
"16919","τοῦτο","O"
"16920","ἐπάγει","O"
"16921","ἀντίστοιχα","O"
"16922","λέγων","O"
"16923","ὁ","O"
"16924","Ἀχιλλεὺς","PERSON"
"16925","καὶ","O"
"16926","ὁμολογούμενα","O"
"16927","τούτοις","O"
"16928","·","O"
"16929","Θαρσήσας","O"
"16930","μάλα","O"
"16931","εἰπὲ","O"
"16932","θεοπρόπιον","O"
"16933","ὅ","O"
"16934","τι","O"
"16935","οἶσθα","O"
"16936",".","O"
"16937","οὐ","O"
"16938","μὰ","O"
"16939","γὰρ","O"
"16940","Ἀπόλλωνα","GOD"
"16941","διίφιλον","O"
"16942",",","O"
"16943","ᾧ","O"
"16944","τε","O"
"16945","σύ","O"
"16946",",","O"
"16947","Κάλχαν","O"
"16948",",","O"
"16949","εὐχόμενος","O"
"16950","Δαναοῖσι","NORP"
"16951","θεοπροπίας","O"
"16952","ἀναφαίνεις","O"
"16953",",","O"
"16954","οὔ","O"
"16955","τις","O"
"16956","ἐμεῦ","O"
"16957","ζῶντος","O"
"16958","καὶ","O"
"16959","ἐπὶ","O"
"16960","χθονὶ","O"
"16961","δερκομένοιο","O"
"16962","σοὶ","O"
"16963","κοίλῃς","O"
"16964","παρὰ","O"
"16965","νηυσὶ","O"
"16966","βαρείας","O"
"16967","χεῖρας","O"
"16968","ἐποίσει","O"
"16969","συμπάντων","O"
"16970","Δαναῶν","NORP"
"16971","·","O"
"16972","οὐδ","O"
"16973","ἣν","O"
"16974","Ἀγαμέμνονα","PERSON"
"16975","εἴπῃς","O"
"16976",",","O"
"16977","ὃς","O"
"16978","νῦν","O"
"16979","πολλὸν","O"
"16980","ἄριστος","O"
"16981","ἐνὶ","O"
"16982","στρατῷ","O"
"16983","εὔχεται","O"
"16984","εἶναι","O"
"16985",".","O"
"16986","Καὶ","O"
"16987","τότε","O"
"16988","δὴ","O"
"16989","θάρσησε","O"
"16990","καὶ","O"
"16991","ἤυδα","O"
"16992","μάντις","O"
"16993","ἀμύμων","O"
"16994",".","O"
"16995","ὁμολογεῖ","O"
"16996","ὁ","O"
"16997","ποιητὴς","O"
"16998","τῶν","O"
"16999","λόγων","O"
"17000","τὴν","O"
"17001","διοίκησιν","O"
"17002",".","O"
"17003","Μία","O"
"17004","μὲν","O"
"17005","αὕτη","O"
"17006","εὐπρέπεια","O"
"17007","ἐσχηματισμένων","O"
"17008","λόγων","O"
"17009",",","O"
"17010","τὸ","O"
"17011","δι","O"
"17012","αἰνιγμάτων","O"
"17013","λέγειν","O"
"17014",",","O"
"17015","ἃ","O"
"17016","φρονεῖ","O"
"17017","τις","O"
"17018",",","O"
"17019","καὶ","O"
"17020","τὸ","O"
"17021","τῇ","O"
"17022","διατριβῇ","O"
"17023","καὶ","O"
"17024","τῇ","O"
"17025","μελλήσει","O"
"17026","τῶν","O"
"17027","λόγων","O"
"17028","εἰπεῖν","O"
"17029",",","O"
"17030","πρὶν","O"
"17031","εἰπεῖν","O"
"17032",",","O"
"17033","τῷ","O"
"17034","προοιμίῳ","O"
"17035","τὸ","O"
"17036","μέλλον","O"
"17037","δείκνυσθαι","O"
"17038","λυπηρόν","O"
"17039",".","O"
"17040","ἡ","O"
"17041","δὲ","O"
"17042","δευτέρα","O"
"17043","τίς","O"
"17044",";","O"
"17045","ἐλέγομεν","O"
"17046","ἐκείνην","O"
"17047","εἶναι","O"
"17048","τὴν","O"
"17049","μέθοδον","O"
"17050",",","O"
"17051","τὸ","O"
"17052","ἑτέροις","O"
"17053","διαλεγόμενον","O"
"17054","ἑτέρων","O"
"17055","καθάπτεσθαι","O"
"17056",",","O"
"17057","τὸ","O"
"17058","ἀσφαλὲς","O"
"17059","τοῦ","O"
"17060","μὴ","O"
"17061","προσκρούειν","O"
"17062","τῇ","O"
"17063","ὑπαλλαγῇ","O"
"17064","τοῦ","O"
"17065","προσώπου","O"
"17066","ἐνδιοικούμενον","O"
"17067",".","O"
"17068","καὶ","O"
"17069","τοῦτο","O"
"17070","Ὅμηρος","PERSON"
"17071","ἔδειξεν","O"
"17072","ἐν","O"
"17073","Ὀδυσσέως","PERSON"
"17074","λόγῳ","O"
"17075",".","O"
"17076","ὁ","O"
"17077","γὰρ","O"
"17078","Ὀδυσσεὺς","PERSON"
"17079","πρὶν","O"
"17080","συναγαγεῖν","O"
"17081","τοὺς","O"
"17082","ὄχλους","O"
"17083","εἰς","O"
"17084","τὴν","O"
"17085","ἐκκλησίαν","O"
"17086",",","O"
"17087","ἵνα","O"
"17088","δημηγορήσῃ","O"
"17089","περὶ","O"
"17090","τῆς","O"
"17091","μονῆς","O"
"17092",",","O"
"17093","ὅτε","O"
"17094","τὴν","O"
"17095","ἀπόπειραν","O"
"17096","ὁ","O"
"17097","Ἀγαμέμνων","PERSON"
"17098","ἐποιήσατο","O"
"17099",",","O"
"17100","ἄκουε","O"
"17101","οἷον","O"
"17102","λέγει","O"
"17103","·","O"
"17104","Ὅν","O"
"17105","τινα","O"
"17106","μὲν","O"
"17107","βασιλῆα","O"
"17108","καὶ","O"
"17109","ἔξοχον","O"
"17110","ἄνδρα","O"
"17111","κιχείη","O"
"17112",",","O"
"17113","τὸν","O"
"17114","δ","O"
"17115","ἀγανοῖς","O"
"17116","ἐπέεσσιν","O"
"17117","ἐρητύσασκε","O"
"17118","παραστάς","O"
"17119","·","O"
"17120","Δαιμόνι","O"
"17121",",","O"
"17122","οὔ","O"
"17123","σε","O"
"17124","ἔοικε","O"
"17125","κακὸν","O"
"17126","ὣς","O"
"17127","δειδίσσεσθαι","O"
"17128","·","O"
"17129","ἀλλ","O"
"17130","αὐτός","O"
"17131","τε","O"
"17132","κάθησο","O"
"17133","καὶ","O"
"17134","ἄλλους","O"
"17135","ἵδρυε","O"
"17136","λαούς","O"
"17137",".","O"
"17138","οὐ","O"
"17139","γάρ","O"
"17140","πω","O"
"17141","σάφα","O"
"17142","οἶσθ","O"
"17143",",","O"
"17144","οἷος","O"
"17145","νόος","O"
"17146","Ἀτρείδαο","PERSON"
"17147","·","O"
"17148","νῦν","O"
"17149","μὲν","O"
"17150","πειρᾶται","O"
"17151",",","O"
"17152","τάχα","O"
"17153","δ","O"
"17154","ἴψεται","O"
"17155","υἷας","O"
"17156","Ἀχαιῶν","NORP"
"17157",".","O"
"17158","ἐν","O"
"17159","βουλῇ","O"
"17160","δ","O"
"17161","οὐ","O"
"17162","πάντες","O"
"17163","ἀκούσαμεν","O"
"17164",",","O"
"17165","οἷον","O"
"17166","ἔειπεν","O"
"17167",".","O"
"17168","μή","O"
"17169","τι","O"
"17170","χολωσάμενος","O"
"17171","ῥέξῃ","O"
"17172","κακὸν","O"
"17173","υἷας","O"
"17174","Ἀχαιῶν","NORP"
"17175",".","O"
"17176","θυμὸς","O"
"17177","δὲ","O"
"17178","μέγας","O"
"17179","ἐστὶ","O"
"17180","διοτρεφέος","O"
"17181","βασιλῆος","O"
"17182",".","O"
"17183","τιμὴ","O"
"17184","δ","O"
"17185","ἐκ","O"
"17186","Διός","GOD"
"17187","ἐστι","O"
"17188","·","O"
"17189","φιλεῖ","O"
"17190","δέ","O"
"17191","ἑ","O"
"17192","μητίετα","GOD"
"17193","Ζεύς","GOD"
"17194",".","O"
"17195","Ὃν","O"
"17196","δ","O"
"17197","αὖ","O"
"17198","δήμου","O"
"17199","τ","O"
"17200","ἄνδρα","O"
"17201","ἴδοι","O"
"17202","βοόωντά","O"
"17203","τ","O"
"17204","ἐφεύροι","O"
"17205",",","O"
"17206","τὸν","O"
"17207","σκήπτρῳ","O"
"17208","ἐλάσασκεν","O"
"17209","ὁμοκλήσασκέ","O"
"17210","τε","O"
"17211","μύθῳ","O"
"17212",".","O"
"17213","ταύταις","O"
"17214","ταῖς","O"
"17215","ἐπιτιμήσεσι","O"
"17216","συνάγει","O"
"17217","καὶ","O"
"17218","τοὺς","O"
"17219","βασιλέας","O"
"17220",".","O"
"17221","ὁ","O"
"17222","μὲν","O"
"17223","δὴ","O"
"17224","ἐντυγχάνων","O"
"17225","τοῖς","O"
"17226","βυβλίοις","O"
"17227","οἴεται","O"
"17228",",","O"
"17229","ὅπερ","O"
"17230","καὶ","O"
"17231","προείρηκεν","O"
"17232","Ὅμηρος","PERSON"
"17233",",","O"
"17234","τοῦτο","O"
"17235","ποιεῖν","O"
"17236","αὐτόν","O"
"17237",",","O"
"17238","τοῖς","O"
"17239","βασιλεῦσι","O"
"17240","φιλοφρόνως","O"
"17241","διαλέγεσθαι","O"
"17242",",","O"
"17243","τοῖς","O"
"17244","δὲ","O"
"17245","δήμοις","O"
"17246","πικρότερον","O"
"17247","καὶ","O"
"17248","σφοδρότερον","O"
"17249",".","O"
"17250","ὃ","O"
"17251","δὲ","O"
"17252","ποιεῖ","O"
"17253","Ὀδυσσεὺς","PERSON"
"17254","ὁ","O"
"17255","Ὁμήρου","PERSON"
"17256",",","O"
"17257","οὐδεὶς","O"
"17258","ὁρᾷ","O"
"17259",".","O"
"17260","ἃ","O"
"17261","γὰρ","O"
"17262","ἐβούλετο","O"
"17263","καθάψασθαι","O"
"17264","τῶν","O"
"17265","βασιλέων","O"
"17266",",","O"
"17267","τῷ","O"
"17268","δήμῳ","O"
"17269","διελέγετο","O"
"17270","·","O"
"17271","ἃ","O"
"17272","δ","O"
"17273","ἐβούλετο","O"
"17274","ἐπιτιμῆσαι","O"
"17275","τῷ","O"
"17276","δήμῳ","O"
"17277",",","O"
"17278","τοῖς","O"
"17279","βασιλεῦσιν","O"
"17280","διελέγετο","O"
"17281",".","O"
"17282","ἢ","O"
"17283","εἰπάτω","O"
"17284","μοί","O"
"17285","τις","O"
"17286",",","O"
"17287","τί","O"
"17288","ἔδοξεν","O"
"17289","τῷ","O"
"17290","Ὀδυσσεῖ","PERSON"
"17291","τοῖς","O"
"17292","δημόταις","O"
"17293","λέγειν","O"
"17294","οὐ","O"
"17295","μέν","O"
"17296","πως","O"
"17297","πάντες","O"
"17298","βασιλεύσομεν","O"
"17299","ἐνθάδ","O"
"17300","Ἀχαιοί","NORP"
"17301",".","O"
"17302","οὐκ","O"
"17303","ἀγαθὸν","O"
"17304","πολυκοιρανίη","O"
"17305","·","O"
"17306","εἷς","O"
"17307","κοίρανος","O"
"17308","ἔστω","O"
"17309",",","O"
"17310","εἷς","O"
"17311","βασιλεύς","O"
"17312",",","O"
"17313","ἢ","O"
"17314","τί","O"
"17315","ἔδοξεν","O"
"17316","τοῖς","O"
"17317","βασιλεῦσιν","O"
"17318","ἐπιτιμῶντα","O"
"17319","λέγειν","O"
"17320","ἐν","O"
"17321","βουλῇ","O"
"17322","δ","O"
"17323","οὐ","O"
"17324","πάντες","O"
"17325","ἀκούσαμεν","O"
"17326",",","O"
"17327","οἷον","O"
"17328","ἔειπεν","O"
"17329",".","O"
"17330","νῦν","O"
"17331","μὲν","O"
"17332","πειρᾶται","O"
"17333",",","O"
"17334","τάχα","O"
"17335","δ","O"
"17336","ἴψεται","O"
"17337","υἷας","O"
"17338","Ἀχαιῶν","NORP"
"17339",".","O"
"17340","ταῦτα","O"
"17341","δὲ","O"
"17342","οὐ","O"
"17343","τοῖς","O"
"17344","δημόταις","O"
"17345","λέγει","O"
"17346",",","O"
"17347","ἀλλὰ","O"
"17348","τοὺς","O"
"17349","βασιλέας","O"
"17350","ἀναμιμνῄσκει","O"
"17351",".","O"
"17352","γέγονεν","O"
"17353","οὖν","O"
"17354","ὁ","O"
"17355","λόγος","O"
"17356","ὁ","O"
"17357","πρὸς","O"
"17358","ἑκατέρους","O"
"17359","ἑκατέροις","O"
"17360","κοινός","O"
"17361",".","O"
"17362","καὶ","O"
"17363","τὴν","O"
"17364","ἐξήγησιν","O"
"17365","ἐπάγει","O"
"17366","Ὅμηρὸς","PERSON"
"17367","τῶν","O"
"17368","ἐσχηματισμένων","O"
"17369","τούτων","O"
"17370","λόγων","O"
"17371","δι","O"
"17372","ὀνόματος","O"
"17373","ἑνός","O"
"17374",",","O"
"17375","ὃ","O"
"17376","οὐδὲ","O"
"17377","ὁρῶσιν","O"
"17378","οἱ","O"
"17379","ἀναγινώσκοντες","O"
"17380","·","O"
"17381","Ὅμηρὸς","PERSON"
"17382","δὲ","O"
"17383","ὑπὸ","O"
"17384","φιλανθρωπίας","O"
"17385","ἐξηγήσατο","O"
"17386","·","O"
"17387","ὡς","O"
"17388","ὅ","O"
"17389","γε","O"
"17390","κοιρανέων","O"
"17391","δίεπε","O"
"17392","στρατόν","O"
"17393",".","O"
"17394","τί","O"
"17395","ἐστι","O"
"17396","τὸ","O"
"17397","κοιρανέων","O"
"17398",";","O"
"17399","ὡς","O"
"17400","κοίρανος","O"
"17401","διαλεγόμενος","O"
"17402",";","O"
"17403","οὐ","O"
"17404","δή","O"
"17405","που","O"
"17406",",","O"
"17407","ἀλλὰ","O"
"17408","τὸ","O"
"17409","στρατήγημα","O"
"17410","τῶν","O"
"17411","λόγων","O"
"17412","·","O"
"17413","οὕτως","O"
"17414","ὀνομαζῶν","O"
"17415","κατ","O"
"17416","ἐξήγημα","O"
"17417","τοῦ","O"
"17418","στρατηγήματος","O"
"17419","διὰ","O"
"17420","τοῦ","O"
"17421","κοιρανέων","O"
"17422","δίεπε","O"
"17423","στρατόν","O"
"17424",".","O"
"17425","ἡ","O"
"17426","γὰρ","O"
"17427","διοίκησίς","O"
"17428","ἐστι","O"
"17429","τέχνη","O"
"17430","ἐν","O"
"17431","τῷ","O"
"17432","ὀνόματι","O"
"17433","λεγομένη","O"
"17434",".","O"
"17435","Ἴωμεν","O"
"17436","τοίνυν","O"
"17437","ἐπὶ","O"
"17438","τὰ","O"
"17439","πεζὰ","O"
"17440","παραδείγματα","O"
"17441",".","O"
"17442","Δημοσθένης","PERSON"
"17443","διδάσκει","O"
"17444","ἡμᾶς","O"
"17445","εὐπρεπῶς","O"
"17446","διαλέγεσθαι","O"
"17447",",","O"
"17448","ἃ","O"
"17449","βούλεταί","O"
"17450","τις","O"
"17451",",","O"
"17452","καὶ","O"
"17453","οἶδεν","O"
"17454","τοῦ","O"
"17455","σχήματος","O"
"17456","τούτου","O"
"17457","τὸ","O"
"17458","ὄνομα","O"
"17459","·","O"
"17460","λέγει","O"
"17461","δὲ","O"
"17462","ἐν","O"
"17463","τῷ","O"
"17464","περὶ","O"
"17465","τοῦ","O"
"17466","στεφάνου","O"
"17467","ὧδὲ","O"
"17468","τῇ","O"
"17469","λέξει","O"
"17470","·","O"
"17471","ἐπειδὰν","O"
"17472","ἔλθωσι","O"
"17473","μὲν","O"
"17474","οἱ","O"
"17475","πρέσβεις","O"
"17476","εἰς","O"
"17477","Θήβας","LOC"
"17478",",","O"
"17479","πῶς","O"
"17480","χρῆσθαι","O"
"17481","τῷ","O"
"17482","πράγματι","O"
"17483","παραινῶ","O"
"17484",",","O"
"17485","τούτῳ","O"
"17486","μοι","O"
"17487","πάνυ","O"
"17488","προσέχετε","O"
"17489","τὸν","O"
"17490","νοῦν","O"
"17491",".","O"
"17492","εἶτα","O"
"17493","ἐπάγει","O"
"17494","ὥςπερ","O"
"17495","διδάσκαλος","O"
"17496","παραδιδοὺς","O"
"17497","μαθητῇ","O"
"17498","τὴν","O"
"17499","διοίκησιν","O"
"17500","·","O"
"17501","μὴ","O"
"17502","δεῖσθαι","O"
"17503","Θηβαίων","NORP"
"17504","μηδέν","O"
"17505","αἰσχρὸς","O"
"17506","γὰρ","O"
"17507","ὁ","O"
"17508","καιρός","O"
"17509",",","O"
"17510","ἀλλ","O"
"17511","ἐπαγγέλλεσθαι","O"
"17512","βοηθήσειν","O"
"17513","ἐκείνοις","O"
"17514",",","O"
"17515","ἂν","O"
"17516","κελεύωσιν","O"
"17517",",","O"
"17518","ὡς","O"
"17519","ἐκείνων","O"
"17520","μὲν","O"
"17521","ὄντων","O"
"17522","ἐν","O"
"17523","τοῖς","O"
"17524","ἐσχάτοις","O"
"17525",",","O"
"17526","ἡμῶν","O"
"17527","δὲ","O"
"17528","ἄμεινον","O"
"17529","ἢ","O"
"17530","κεῖνοι","O"
"17531","τὸ","O"
"17532","μέλλον","O"
"17533","προορωμένων","O"
"17534","·","O"
"17535","ἵν","O"
"17536","ἐὰν","O"
"17537","μὲν","O"
"17538","δέχωνται","O"
"17539","ταῦτα","O"
"17540","καὶ","O"
"17541","πεισθῶσιν","O"
"17542","ἡμῖν","O"
"17543",",","O"
"17544","καὶ","O"
"17545","ἃ","O"
"17546","βουλόμεθα","O"
"17547","ὦμεν","O"
"17548","διοικούμενοι","O"
"17549","καὶ","O"
"17550","μετὰ","O"
"17551","σχήματος","O"
"17552","ἀξίου","O"
"17553","τῆς","O"
"17554","πόλεως","O"
"17555","ταῦτα","O"
"17556","πράξωμεν","O"
"17557","·","O"
"17558","ἂν","O"
"17559","δ","O"
"17560","ἄρα","O"
"17561","μὴ","O"
"17562","τύχῃ","O"
"17563",",","O"
"17564","ἐκεῖνοι","O"
"17565","μὲν","O"
"17566","ἑαυτῶν","O"
"17567","κατηγορῶσιν","O"
"17568",",","O"
"17569","ἄν","O"
"17570","τι","O"
"17571","ἐξαμαρτάνωσιν","O"
"17572",",","O"
"17573","ἡμεῖς","O"
"17574","δὲ","O"
"17575","μηδὲν","O"
"17576","ἂν","O"
"17577","αἰσχρὸν","O"
"17578","μηδὲ","O"
"17579","κακὸν","O"
"17580","ὀφθείημεν","O"
"17581","πεπεισμένοι","O"
"17582",".","O"
"17583","Τὸ","O"
"17584","δὲ","O"
"17585","ἕτερα","O"
"17586","λέγειν","O"
"17587","καὶ","O"
"17588","ἕτερα","O"
"17589","διοικεῖσθαι","O"
"17590","δείκνυσί","O"
"17591","σοι","O"
"17592","πάλιν","O"
"17593","ὁ","O"
"17594","αὐτὸς","O"
"17595","Δημοσθένης","PERSON"
"17596","ἐν","O"
"17597","τοῖς","O"
"17598","συμβουλευτικοῖς","O"
"17599",",","O"
"17600","ἐν","O"
"17601","τῷ","O"
"17602","περὶ","O"
"17603","συμμοριῶν","O"
"17604","ἐπιγραφομένῳ","O"
"17605","λόγῳ","O"
"17606","ὅςπερ","O"
"17607","λόγος","O"
"17608","εἰκότως","O"
"17609","ἂν","O"
"17610","καὶ","O"
"17611","δικαίως","O"
"17612","ἐπιγράφοιτο","O"
"17613","Περὶ","O"
"17614","τῶν","O"
"17615","βασιλικῶν","O"
"17616",",","O"
"17617","ἐν","O"
"17618","τῷ","O"
"17619","πρῶτος","O"
"17620","καὶ","O"
"17621","μόνος","O"
"17622","παραστὰς","O"
"17623","ἀντειπεῖν","O"
"17624",".","O"
"17625","ἐν","O"
"17626","τούτῳ","O"
"17627","τῷ","O"
"17628","λόγῳ","O"
"17629","ἐναντιοῦται","O"
"17630","μὲν","O"
"17631","τῇ","O"
"17632","Ἀθηναίων","NORP"
"17633","γνώμῃ","O"
"17634","ὡρμηκότων","O"
"17635","αὐτῶν","O"
"17636","πολεμεῖν","O"
"17637","βασιλεῖ","O"
"17638",".","O"
"17639","καὶ","O"
"17640","μία","O"
"17641","μὲν","O"
"17642","διοίκησις","O"
"17643","τοῦ","O"
"17644","λόγου","O"
"17645","ἐστὶ","O"
"17646","τὸ","O"
"17647","βουλόμενον","O"
"17648","τὸν","O"
"17649","ῥήτορα","O"
"17650","μὴ","O"
"17651","πολεμεῖν","O"
"17652","αὐτοὺς","O"
"17653","βασιλεῖ","O"
"17654","κλέπτειν","O"
"17655","δὴ","O"
"17656","τὴν","O"
"17657","δόξαν","O"
"17658","τῷ","O"
"17659","συμβουλεύειν","O"
"17660","βασιλεῖ","O"
"17661","μήπω","O"
"17662","πολεμεῖν","O"
"17663",".","O"
"17664","καὶ","O"
"17665","αὕτη","O"
"17666","ἡ","O"
"17667","τέχνη","O"
"17668","ἐστὶν","O"
"17669","τοῦ","O"
"17670","ἃ","O"
"17671","βούλεταί","O"
"17672","τις","O"
"17673",",","O"
"17674","λέγειν","O"
"17675","εὐπρεπῶς","O"
"17676",".","O"
"17677","ποιεῖ","O"
"17678","δὲ","O"
"17679","τοῦτο","O"
"17680","οὕτως","O"
"17681","·","O"
"17682","ἐγὼ","O"
"17683","νομίζω","O"
"17684","κοινὸν","O"
"17685","ἐχθρὸν","O"
"17686","ἁπάντων","O"
"17687","τῶν","O"
"17688","Ἑλλήνων","NORP"
"17689","εἶναι","O"
"17690","βασιλέα","O"
"17691","·","O"
"17692","οὐ","O"
"17693","μὴν","O"
"17694","διὰ","O"
"17695","ταῦτα","O"
"17696","παραινέσαιμ","O"
"17697","ἂν","O"
"17698","μόνοις","O"
"17699","τῶν","O"
"17700","ἄλλων","O"
"17701","ὑμῖν","O"
"17702","πόλεμον","O"
"17703","πρὸς","O"
"17704","αὐτὸν","O"
"17705","συνάγειν","O"
"17706",".","O"
"17707","καὶ","O"
"17708","ἔτι","O"
"17709","τέχνη","O"
"17710","βαθυτέρα","O"
"17711","τὸ","O"
"17712","κωλύοντα","O"
"17713","πολεμεῖν","O"
"17714","ἐπαγγέλλεσθαι","O"
"17715","περὶ","O"
"17716","δυνάμεως","O"
"17717","ᾗ","O"
"17718","πολεμήσουσιν","O"
"17719",".","O"
"17720","τοῦτο","O"
"17721","μὲν","O"
"17722","κλέπτοντός","O"
"17723","ἐστι","O"
"17724","τὴν","O"
"17725","ἐναντίωσιν","O"
"17726","τοῦ","O"
"17727","πολέμου","O"
"17728",".","O"
"17729","μιμεῖται","O"
"17730","γὰρ","O"
"17731","ἐνταῦθα","O"
"17732","τὸν","O"
"17733","Ἀρχίδαμον","PERSON"
"17734","τοῦ","O"
"17735","Θουκυδίδου","PERSON"
"17736",".","O"
"17737","καὶ","O"
"17738","γὰρ","O"
"17739","ἐκεῖνος","O"
"17740","ἐπειδὴ","O"
"17741","ἑώρα","O"
"17742","τοὺς","O"
"17743","Λακεδαιμονίους","NORP"
"17744","καὶ","O"
"17745","τοὺς","O"
"17746","Πελοποννησίους","NORP"
"17747","ὡρμηκότας","O"
"17748","πρὸς","O"
"17749","τὸν","O"
"17750","πόλεμον","O"
"17751",",","O"
"17752","ἐβούλετο","O"
"17753","δὲ","O"
"17754","αὐτοὺς","O"
"17755","κωλῦσαι","O"
"17756","πολεμεῖν","O"
"17757",",","O"
"17758","τὸ","O"
"17759","μὲν","O"
"17760","μὴ","O"
"17761","πολεμεῖν","O"
"17762","οὐ","O"
"17763","τολμᾷ","O"
"17764","λέγειν","O"
"17765","οὐ","O"
"17766","γὰρ","O"
"17767","πείσονται","O"
"17768",",","O"
"17769","συμβουλεύων","O"
"17770","δὲ","O"
"17771","τὸ","O"
"17772","μήπω","O"
"17773","πολεμεῖν","O"
"17774","τὸ","O"
"17775","μὴ","O"
"17776","πολεμεῖν","O"
"17777","λέγει","O"
"17778",".","O"
"17779","μία","O"
"17780","μὲν","O"
"17781","αὕτη","O"
"17782","διοίκησις","O"
"17783","ἐν","O"
"17784","τῷ","O"
"17785","λόγῳ","O"
"17786",".","O"
"17787","δευτέρα","O"
"17788","δὲ","O"
"17789","ἐκείνη","O"
"17790","·","O"
"17791","ᾧ","O"
"17792","μὲν","O"
"17793","βούλονται","O"
"17794","πολεμεῖν","O"
"17795",",","O"
"17796","οὐ","O"
"17797","βούλεται","O"
"17798","αὐτοὺς","O"
"17799","πολεμεῖν","O"
"17800","ὁ","O"
"17801","Δημοσθένης","PERSON"
"17802","·","O"
"17803","ᾧ","O"
"17804","δὲ","O"
"17805","οὐκ","O"
"17806","ἐθέλουσιν","O"
"17807","πολεμεῖν","O"
"17808",",","O"
"17809","τούτῳ","O"
"17810","κελεύει","O"
"17811","πολεμεῖν","O"
"17812",".","O"
"17813","καὶ","O"
"17814","γίνεται","O"
"17815","διπλοῦς","O"
"17816","λόγος","O"
"17817","ἐσχηματισμένος","O"
"17818",".","O"
"17819","βασιλεῖ","O"
"17820","μὲν","O"
"17821","γὰρ","O"
"17822","αὐτοὺς","O"
"17823","οὐ","O"
"17824","βούλεται","O"
"17825","πολεμεῖν","O"
"17826",",","O"
"17827","ᾧ","O"
"17828","πάνυ","O"
"17829","βούλονται","O"
"17830","·","O"
"17831","Φιλίππῳ","PERSON"
"17832","δὲ","O"
"17833","ἀξιοῖ","O"
"17834","πολεμεῖν","O"
"17835",",","O"
"17836","ᾧ","O"
"17837","οὐ","O"
"17838","βούλονται","O"
"17839",".","O"
"17840","τίνα","O"
"17841","οὖν","O"
"17842","διοίκησιν","O"
"17843","ἐποιήσατο","O"
"17844",";","O"
"17845","ἐξ","O"
"17846","ἑκατέρας","O"
"17847","ὑποθέσεως","O"
"17848","τοῦ","O"
"17849","πεῖσαι","O"
"17850","μὴ","O"
"17851","πολεμεῖν","O"
"17852","ᾧ","O"
"17853","βούλονται","O"
"17854","καὶ","O"
"17855","πολεμεῖν","O"
"17856","ᾧ","O"
"17857","μὴ","O"
"17858","βούλονται","O"
"17859","συμβουλεύει","O"
"17860","πολεμεῖν","O"
"17861","βασιλεῖ","O"
"17862",",","O"
"17863","ἀλλὰ","O"
"17864","μήπω","O"
"17865",",","O"
"17866","παρασκευάζεσθαι","O"
"17867","δὲ","O"
"17868","πρὸς","O"
"17869","αὐτόν","O"
"17870",".","O"
"17871","τῷ","O"
"17872","μὲν","O"
"17873","οὖν","O"
"17874","μηδέπω","O"
"17875","τὴν","O"
"17876","ὁρμὴν","O"
"17877","τὴν","O"
"17878","ἐπὶ","O"
"17879","βασιλέα","O"
"17880","κωλύει","O"
"17881",",","O"
"17882","συμβουλῇ","O"
"17883","δὲ","O"
"17884","τῆς","O"
"17885","παρασκευῆς","O"
"17886","εὐτρεπῆ","O"
"17887","τὸν","O"
"17888","πόλεμον","O"
"17889","τὸν","O"
"17890","πρὸς","O"
"17891","Φίλιππον","PERSON"
"17892","ἐργάζεται","O"
"17893",".","O"
"17894","καὶ","O"
"17895","ὅτι","O"
"17896","αὕτη","O"
"17897","ἡ","O"
"17898","τέχνη","O"
"17899","ἐστίν","O"
"17900",",","O"
"17901","λάβε","O"
"17902","αὐτὸν","O"
"17903","Δημοσθένην","PERSON"
"17904","ὁμολογοῦντα","O"
"17905","·","O"
"17906","εἰ","O"
"17907","μὲν","O"
"17908","τοίνυν","O"
"17909","ἕτερός","O"
"17910","τις","O"
"17911","ἦν","O"
"17912","τρόπος","O"
"17913","δυνάμεως","O"
"17914",",","O"
"17915","ᾗ","O"
"17916","τοὺς","O"
"17917","βαρβάρους","O"
"17918","οἷόν","O"
"17919","τε","O"
"17920","ἦν","O"
"17921","ἀμύνασθαι","O"
"17922",",","O"
"17923","ἕτερος","O"
"17924","δέ","O"
"17925","τις","O"
"17926",",","O"
"17927","ᾗ","O"
"17928","τοὺς","O"
"17929","Ἕλληνας","NORP"
"17930",",","O"
"17931","εἰκότως","O"
"17932","ἂν","O"
"17933","φανεροὶ","O"
"17934","πᾶσιν","O"
"17935","ἐγιγνόμεθα","O"
"17936","πρὸς","O"
"17937","ἐκεῖνον","O"
"17938","ἀντιταττόμενοι","O"
"17939","·","O"
"17940","εἰ","O"
"17941","δὲ","O"
"17942","πάσης","O"
"17943","παρασκευῆς","O"
"17944","ἐστι","O"
"17945","τρόπος","O"
"17946","ὁ","O"
"17947","αὐτὸς","O"
"17948","οὗτος","O"
"17949",",","O"
"17950","τοὺς","O"
"17951","ἐχθροὺς","O"
"17952","ἀμύνασθαι","O"
"17953","δύνασθαι","O"
"17954",",","O"
"17955","τοῖς","O"
"17956","οὖσι","O"
"17957","συμμάχοις","O"
"17958","βοηθεῖν","O"
"17959",",","O"
"17960","καὶ","O"
"17961","ὑπάρχοντα","O"
"17962","ἀγαθὰ","O"
"17963","σῴζειν","O"
"17964",",","O"
"17965","τί","O"
"17966","τοὺς","O"
"17967","ὡμολογημένους","O"
"17968","ἐχθροὺς","O"
"17969","ἔχοντες","O"
"17970","ἄλλους","O"
"17971","ζητοῦμεν","O"
"17972",";","O"
"17973","ἀλλὰ","O"
"17974","παρασκευαζώμεθα","O"
"17975","μὲν","O"
"17976","πρὸς","O"
"17977","τούτους","O"
"17978",",","O"
"17979","ἀμυνώμεθα","O"
"17980","δὲ","O"
"17981","κἀκεῖνον","O"
"17982",",","O"
"17983","ἂν","O"
"17984","ἡμᾶς","O"
"17985","πιέσῃ","O"
"17986",".","O"
"17987","καὶ","O"
"17988","ἀληθῶς","O"
"17989","τὸ","O"
"17990","ἀπόρρητον","O"
"17991","τοῦτο","O"
"17992","τῆς","O"
"17993","γνώμης","O"
"17994","μηνύει","O"
"17995","ἐν","O"
"17996","ἄλλῳ","O"
"17997","λόγῳ","O"
"17998","·","O"
"17999","ὁρῶ","O"
"18000","δ","O"
"18001","ὑμᾶς","O"
"18002","Φιλίππου","PERSON"
"18003","μὲν","O"
"18004","καταφρονοῦντας","O"
"18005",",","O"
"18006","βασιλέα","O"
"18007","δὲ","O"
"18008","ὡς","O"
"18009","ἰσχυρὸν","O"
"18010","ἐχθρὸν","O"
"18011","φοβουμένους","O"
"18012",".","O"
"18013","εἰ","O"
"18014","δὲ","O"
"18015","τῷ","O"
"18016","μὲν","O"
"18017","πολεμεῖν","O"
"18018","οὐ","O"
"18019","θελήσομεν","O"
"18020",",","O"
"18021","τῷ","O"
"18022","δὲ","O"
"18023","οὐκ","O"
"18024","ἀξιώσομεν","O"
"18025",",","O"
"18026","πρὸς","O"
"18027","τίνας","O"
"18028","παραταξόμεθα","O"
"18029",";","O"
"18030","Ἀλλὰ","O"
"18031","καὶ","O"
"18032","Εὐριπίδης","PERSON"
"18033","δι","O"
"18034","ὅλων","O"
"18035","λόγων","O"
"18036","διοικήσεως","O"
"18037","σχῆμα","O"
"18038","περαίνει","O"
"18039","ἐν","O"
"18040","ὅλῳ","O"
"18041","δράματι","O"
"18042",".","O"
"18043","πρότερον","O"
"18044","δὲ","O"
"18045","δείξωμεν","O"
"18046","ἐν","O"
"18047","ὅλῳ","O"
"18048","δράματι","O"
"18049","ἐν","O"
"18050","μέρει","O"
"18051","τινὶ","O"
"18052","σχῆμα","O"
"18053","διοικούμενον","O"
"18054",".","O"
"18055","ἐν","O"
"18056","τῷ","O"
"18057","Αἰόλῳ","NORP"
"18058","ὁ","O"
"18059","Μακαρεύς","PERSON"
"18060","ἐστιν","O"
"18061","ὁμιλήσας","O"
"18062","τῇ","O"
"18063","ἀδελφῇ","O"
"18064","καὶ","O"
"18065","λανθάνων","O"
"18066",",","O"
"18067","καὶ","O"
"18068","συμβουλεύων","O"
"18069","τῷ","O"
"18070","πατρὶ","O"
"18071","τὰς","O"
"18072","ἀδελφὰς","O"
"18073","τοῖς","O"
"18074","ἀδελφοῖς","O"
"18075","συνοικίσαι","O"
"18076",",","O"
"18077","ἵνα","O"
"18078","τὸ","O"
"18079","οἰκεῖον","O"
"18080","διοικήσηται","O"
"18081","·","O"
"18082","καὶ","O"
"18083","οὕτως","O"
"18084","ἐσχημάτισται","O"
"18085","ὁ","O"
"18086","λόγος","O"
"18087","κοινῇ","O"
"18088","γνώμῃ","O"
"18089","καὶ","O"
"18090","συμβουλῇ","O"
"18091",".","O"
"18092","ἡ","O"
"18093","Μελανίππη","PERSON"
"18094","σοφὴ","O"
"18095","τὸ","O"
"18096","δρᾶμα","O"
"18097","Εὐριπίδου","PERSON"
"18098","ἐπιγέγραπται","O"
"18099","μὲν","O"
"18100","Σοφή","O"
"18101",",","O"
"18102","ὅτι","O"
"18103","φιλοσοφεῖ","O"
"18104",",","O"
"18105","καὶ","O"
"18106","διὰ","O"
"18107","τοῦτο","O"
"18108","τοιαύτης","O"
"18109","μητρός","O"
"18110","ἐστιν","O"
"18111",",","O"
"18112","ἵνα","O"
"18113","μὴ","O"
"18114","ἀπίθανος","O"
"18115","ᾖ","O"
"18116","ἡ","O"
"18117","φιλοσοφία","O"
"18118",".","O"
"18119","ἔχει","O"
"18120","δὲ","O"
"18121","διπλοῦν","O"
"18122","σχῆμα","O"
"18123",",","O"
"18124","τὸ","O"
"18125","μὲν","O"
"18126","τοῦ","O"
"18127","ποιητοῦ","O"
"18128",",","O"
"18129","τὸ","O"
"18130","δὲ","O"
"18131","τοῦ","O"
"18132","προσώπου","O"
"18133","τοῦ","O"
"18134","ἐν","O"
"18135","τῷ","O"
"18136","δράματι","O"
"18137",",","O"
"18138","τῆς","O"
"18139","Μελανίππης","PERSON"
"18140",".","O"
"18141","τὸ","O"
"18142","μὲν","O"
"18143","τοῦ","O"
"18144","ποιητοῦ","O"
"18145","τοιόνδε","O"
"18146","τὸ","O"
"18147","δὲ","O"
"18148","τοῦ","O"
"18149","προσώπου","O"
"18150","τοιόνδε","O"
"18151","·","O"
"18152","Ἀναξαγόρᾳ","PERSON"
"18153","προσεφοίτησεν","O"
"18154","Εὐριπίδης","PERSON"
"18155",".","O"
"18156","Ἀναξαγόρου","PERSON"
"18157","δὲ","O"
"18158","λόγος","O"
"18159","ἐστίν","O"
"18160",",","O"
"18161","ὅτι","O"
"18162","πάντα","O"
"18163","ἐν","O"
"18164","πᾶσιν","O"
"18165","·","O"
"18166","εἶτα","O"
"18167","ὕστερον","O"
"18168","διεκρίθη","O"
"18169",".","O"
"18170","μετὰ","O"
"18171","ταῦτα","O"
"18172","ὡμίλησεν","O"
"18173","καὶ","O"
"18174","Σωκράτει","PERSON"
"18175","καὶ","O"
"18176","ἐπὶ","O"
"18177","τὸ","O"
"18178","εὐπορώτερον","O"
"18179","ἤγαγε","O"
"18180","τὸν","O"
"18181","λόγον","O"
"18182",".","O"
"18183","ὁμολογεῖ","O"
"18184","οὖν","O"
"18185","τὴν","O"
"18186","διδασκαλίαν","O"
"18187","τὴν","O"
"18188","ἀρχαίαν","O"
"18189","διὰ","O"
"18190","τῆς","O"
"18191","Μελανίππης","PERSON"
"18192","·","O"
"18193","Καὶ","O"
"18194","οὐκ","O"
"18195","ἐμὸς","O"
"18196","ὁ","O"
"18197","μῦθος","O"
"18198",",","O"
"18199","ἀλλ","O"
"18200","ἐμῆς","O"
"18201","μητρὸς","O"
"18202","πάρα","O"
"18203",",","O"
"18204","ὡς","O"
"18205","οὐρανός","O"
"18206","τε","O"
"18207","γαῖά","O"
"18208","τ","O"
"18209","ἦν","O"
"18210","μορφὴ","O"
"18211","μία","O"
"18212",".","O"
"18213","οὕτω","O"
"18214","μὲν","O"
"18215","ὁ","O"
"18216","ποιητὴς","O"
"18217","σχηματίζει","O"
"18218","τὸ","O"
"18219","αὑτοῦ","O"
"18220",".","O"
"18221","ἡ","O"
"18222","δὲ","O"
"18223","Μελανίππη","PERSON"
"18224","ἐπεράνθη","O"
"18225","μὲν","O"
"18226","ὑπὸ","O"
"18227","τοῦ","O"
"18228","Ποσειδῶνος","GOD"
"18229",",","O"
"18230","γέγονε","O"
"18231","δὲ","O"
"18232","ταύτῃ","O"
"18233","παιδία","O"
"18234","·","O"
"18235","ἐξέθηκεν","O"
"18236","δὲ","O"
"18237","αὐτὰ","O"
"18238","εἰς","O"
"18239","τὰ","O"
"18240","τοῦ","O"
"18241","πατρὸς","O"
"18242","βουφόρβια","O"
"18243",".","O"
"18244","ὁ","O"
"18245","δὲ","O"
"18246","πατὴρ","O"
"18247","ἡγεῖται","O"
"18248","ἐκ","O"
"18249","βοὸς","O"
"18250","εἶναι","O"
"18251",",","O"
"18252","καὶ","O"
"18253","ὡς","O"
"18254","τέρας","O"
"18255","βούλεται","O"
"18256","κατακαῦσαι","O"
"18257",".","O"
"18258","βοηθοῦσα","O"
"18259","αὑτῇ","O"
"18260","ἡ","O"
"18261","Μελανίππη","PERSON"
"18262","ἀποφαίνεσθαι","O"
"18263","πειρᾶται","O"
"18264",",","O"
"18265","ὅτι","O"
"18266","τέρας","O"
"18267","οὐδέν","O"
"18268","ἐστιν","O"
"18269",".","O"
"18270","οὕτω","O"
"18271","τὸ","O"
"18272","δρᾶμα","O"
"18273","ὅλον","O"
"18274","ἐσχημάτισται","O"
"18275","·","O"
"18276","καὶ","O"
"18277","ἄμα","O"
"18278","διδάσκει","O"
"18279","ἡμᾶς","O"
"18280","Εὐριπίδης","PERSON"
"18281",",","O"
"18282","ὅτι","O"
"18283","τὸν","O"
"18284","σχηματίζοντα","O"
"18285","ἐγγυτάτω","O"
"18286","δεῖ","O"
"18287","εἶναι","O"
"18288","τοῦ","O"
"18289","λῦσαι","O"
"18290","τὸ","O"
"18291","σχῆμα","O"
"18292","μετὰ","O"
"18293","τῆς","O"
"18294","ἀσφαλείας","O"
"18295","τοῦ","O"
"18296","σχήματος","O"
"18297",".","O"
"18298","περιερχομένη","O"
"18299","γὰρ","O"
"18300","πάσας","O"
"18301","αἰτίας","O"
"18302","τοῦ","O"
"18303","σῶσαι","O"
"18304","τὰ","O"
"18305","παιδία","O"
"18306","λέγει","O"
"18307","·","O"
"18308","εἰ","O"
"18309","δὲ","O"
"18310","παρθένος","O"
"18311","φθαρεῖσα","O"
"18312","ἐξέθηκεν","O"
"18313","τὰ","O"
"18314","παιδία","O"
"18315","καὶ","O"
"18316","φοβουμένη","O"
"18317","τὸν","O"
"18318","πατέρα","O"
"18319",",","O"
"18320","σὺ","O"
"18321","φόνον","O"
"18322","δράσεις","O"
"18323",";","O"
"18324","ὥςτε","O"
"18325","καὶ","O"
"18326","τὸ","O"
"18327","αὑτῆς","O"
"18328","πρᾶγμα","O"
"18329","λέγει","O"
"18330","ἐν","O"
"18331","σχήματι","O"
"18332","συμβουλῆς","O"
"18333",".","O"
"18334","Ἀλλὰ","O"
"18335","καὶ","O"
"18336","πάλιν","O"
"18337","ὁ","O"
"18338","Πανηγυρικὸς","O"
"18339","Ἰσοκράτους","PERSON"
"18340","τοιοῦτόν","O"
"18341","τι","O"
"18342","βυβλίον","O"
"18343","ἐστὶν","O"
"18344","καὶ","O"
"18345","ὁ","O"
"18346","Φίλιππος","PERSON"
"18347","Ἰσοκράτους","PERSON"
"18348","καὶ","O"
"18349","ὁ","O"
"18350","περὶ","O"
"18351","τῆς","O"
"18352","ἀντιδόσεως","O"
"18353",".","O"
"18354","ἐν","O"
"18355","γὰρ","O"
"18356","τοῖς","O"
"18357","τρισὶν","O"
"18358","τούτοις","O"
"18359","βυβλίοις","O"
"18360","ἐγκώμια","O"
"18361","διέρχεται","O"
"18362","τὸ","O"
"18363","μὲν","O"
"18364","Ἀθηναίων","NORP"
"18365",",","O"
"18366","τὸ","O"
"18367","δὲ","O"
"18368","Φιλίππου","PERSON"
"18369",",","O"
"18370","τὸ","O"
"18371","δ","O"
"18372","ἑαυτοῦ","O"
"18373",".","O"
"18374","ἀλλὰ","O"
"18375","τοῖς","O"
"18376","μὲν","O"
"18377","Ἀθηναίων","NORP"
"18378","ἐγκωμίοις","O"
"18379","καὶ","O"
"18380","τοῖς","O"
"18381","Φιλίππου","PERSON"
"18382","συμβουλὴν","O"
"18383","ὑποθέμενος","O"
"18384","τὸ","O"
"18385","εὐπρεπὲς","O"
"18386","τοῦ","O"
"18387","ἐγκωμίου","O"
"18388","ἐπραγματεύσατο","O"
"18389",",","O"
"18390","καὶ","O"
"18391","πεποίηται","O"
"18392","ὥςπερ","O"
"18393","πάρεργον","O"
"18394","συμβουλῆς","O"
"18395","τὸ","O"
"18396","ἐγκώμιον","O"
"18397","·","O"
"18398","ὄντως","O"
"18399","δ","O"
"18400","ἐστὶν","O"
"18401","ἔργον","O"
"18402","τὸ","O"
"18403","ἐγκώμιον","O"
"18404",",","O"
"18405","πάρεργον","O"
"18406","δὲ","O"
"18407","ἡ","O"
"18408","συμβουλή","O"
"18409",".","O"
"18410","αὑτῷ","O"
"18411","δὲ","O"
"18412","ἔδωκεν","O"
"18413","ἐπαίνου","O"
"18414","ἀφορμὴν","O"
"18415","ἐν","O"
"18416","ἀνάγκῃ","O"
"18417","ἀπολογίας","O"
"18418","πρὸς","O"
"18419","τὰ","O"
"18420","κατηγορημένα","O"
"18421",".","O"
"18422","τοῦτο","O"
"18423","καὶ","O"
"18424","Δημοσθένης","PERSON"
"18425","ἐν","O"
"18426","τῷ","O"
"18427","περὶ","O"
"18428","τοῦ","O"
"18429","στεφάνου","O"
"18430","ἐπραγματεύσατο","O"
"18431",".","O"
"18432","ἐγκώμιον","O"
"18433","αὑτοῦ","O"
"18434","ἠθέλησεν","O"
"18435","γράψαι","O"
"18436",",","O"
"18437","καὶ","O"
"18438","τὴν","O"
"18439","ἀπολογίαν","O"
"18440","προετάξατο","O"
"18441",".","O"
"18442","τοῦτο","O"
"18443","καὶ","O"
"18444","Πλάτων","PERSON"
"18445","πεποίηκεν","O"
"18446","ἐν","O"
"18447","τῇ","O"
"18448","ἀπολογίᾳ","O"
"18449","Σωκράτους","PERSON"
"18450","ἐγκώμιον","O"
"18451","βουλόμενος","O"
"18452","γράψαι","O"
"18453","ἐν","O"
"18454","ἀπολογίας","O"
"18455","σχήματι","O"
"18456",".","O"
"18457","τοῦτο","O"
"18458","καὶ","O"
"18459","Ξενοφῶν","PERSON"
"18460","ἐν","O"
"18461","τοῖς","O"
"18462","Ἀπομνημονεύμασιν","O"
"18463","·","O"
"18464","ὡς","O"
"18465","γὰρ","O"
"18466","ἀπολογούμενος","O"
"18467","ὑπὲρ","O"
"18468","Σωκράτους","PERSON"
"18469","ἐγκώμιον","O"
"18470","Σωκράτους","PERSON"
"18471","περαίνει","O"
"18472",".","O"
"18473","ἔργον","O"
"18474","δὲ","O"
"18475","αὐτοῖς","O"
"18476","ἐστι","O"
"18477","καὶ","O"
"18478","πολλὰς","O"
"18479","ὑποθέσεις","O"
"18480","ὁμοῦ","O"
"18481","συμπλέκειν","O"
"18482",".","O"
"18483","ἥ","O"
"18484","γέ","O"
"18485","τοι","O"
"18486","ἀπολογία","O"
"18487","Σωκράτους","PERSON"
"18488","καὶ","O"
"18489","Πλάτωνος","PERSON"
"18490","ἀπολογία","O"
"18491","ἐστὶ","O"
"18492","καὶ","O"
"18493","Ξενοφῶντος","PERSON"
"18494","ἀπολογία","O"
"18495","ἐστί","O"
"18496",".","O"
"18497","καὶ","O"
"18498","ὁ","O"
"18499","περὶ","O"
"18500","τοῦ","O"
"18501","στεφάνου","O"
"18502","τέσσαρας","O"
"18503","ὑποθέσεις","O"
"18504","ἔχει","O"
"18505","·","O"
"18506","καὶ","O"
"18507","ἀπολογία","O"
"18508","ἐστὶ","O"
"18509","καὶ","O"
"18510","κατηγορία","O"
"18511","καὶ","O"
"18512","ἐγκώμιον","O"
"18513","Δημοσθένους","PERSON"
"18514",",","O"
"18515","καὶ","O"
"18516","ὁποῖον","O"
"18517","εἶναι","O"
"18518","δεῖ","O"
"18519","τὸν","O"
"18520","πολιτικὸν","O"
"18521","ἄνδρα","O"
"18522",".","O"
"18523","καὶ","O"
"18524","Ξενοφῶν","PERSON"
"18525","δὲ","O"
"18526","ὁμολογῶν","O"
"18527","ἐγκώμιον","O"
"18528","Ἀγησιλάου","PERSON"
"18529","ἐρεῖν","O"
"18530","λέγει","O"
"18531","ἐν","O"
"18532","ἱστορίας","O"
"18533","λόγῳ","O"
"18534","τὸ","O"
"18535","σχῆμα","O"
"18536","ποιούμενος","O"
"18537",".","O"
"18538","καὶ","O"
"18539","παρὰ","O"
"18540","τῷ","O"
"18541","Ξενοφῶντι","PERSON"
"18542","πάλιν","O"
"18543","ἔν","O"
"18544","τε","O"
"18545","τῇ","O"
"18546","Παιδείᾳ","O"
"18547","καὶ","O"
"18548","τῇ","O"
"18549","Ἀναβάσει","O"
"18550","εὑρήσετε","O"
"18551","ἐσχηματισμένους","O"
"18552","λόγους","O"
"18553",".","O"
"18554","βούλεται","O"
"18555","γὰρ","O"
"18556","τοὺς","O"
"18557","δημότας","O"
"18558","τὰ","O"
"18559","ἴσα","O"
"18560","ὅπλα","O"
"18561","λαμβάνειν","O"
"18562","καὶ","O"
"18563","τοὺς","O"
"18564","ὁμοτίμους","O"
"18565",".","O"
"18566","ἑκατέροις","O"
"18567","διαλέγεται","O"
"18568","εὐπρεπῶς","O"
"18569",",","O"
"18570","τοῖς","O"
"18571","μὲν","O"
"18572","ὡς","O"
"18573","τιμῶν","O"
"18574","αὐτούς","O"
"18575",",","O"
"18576","τοῖς","O"
"18577","δὲ","O"
"18578","ὡς","O"
"18579","συναγωνισταῖς","O"
"18580","καὶ","O"
"18581","συσχολασταῖς","O"
"18582","χαριζόμενος","O"
"18583","·","O"
"18584","καὶ","O"
"18585","τὸ","O"
"18586","ἑκατέρων","O"
"18587","οὕτω","O"
"18588","διοικεῖται","O"
"18589",".","O"
"18590","καὶ","O"
"18591","ἐν","O"
"18592","τῇ","O"
"18593","Ἀναβάσει","O"
"18594","ὁ","O"
"18595","Κλέαρχός","PERSON"
"18596","ἐστιν","O"
"18597","τῶν","O"
"18598","στρατιωτῶν","O"
"18599","ὑποπτευόντων","O"
"18600","τὴν","O"
"18601","ἀνάβασιν","O"
"18602","τὴν","O"
"18603","Κύρου","PERSON"
"18604","καὶ","O"
"18605","μὴ","O"
"18606","βουλομένων","O"
"18607","ἀναβαίνειν","O"
"18608",",","O"
"18609","ἀλλὰ","O"
"18610","δεδοικότων","O"
"18611","τὰ","O"
"18612","ἄπορα","O"
"18613",".","O"
"18614","καὶ","O"
"18615","ἐν","O"
"18616","τῷ","O"
"18617","περὶ","O"
"18618","παραπρεσβείας","O"
"18619","ἄλλα","O"
"18620","προτείνει","O"
"18621","καὶ","O"
"18622","ἄλλα","O"
"18623","συγκατασκευάζει","O"
"18624",".","O"
"18625","ἔστι","O"
"18626","γὰρ","O"
"18627","ἡ","O"
"18628","τέχνη","O"
"18629","τῶν","O"
"18630","ἐσχηματισμένων","O"
"18631","λόγων","O"
"18632","μάλιστα","O"
"18633","αὕτη","O"
"18634",",","O"
"18635","τὸ","O"
"18636","ἄλλαις","O"
"18637","κατασκευαῖς","O"
"18638","συμπλέκειν","O"
"18639","τὰ","O"
"18640","οἰκεῖα","O"
"18641",".","O"
"18642","ὅ","O"
"18643","περ","O"
"18644","πεποίηκεν","O"
"18645","καὶ","O"
"18646","Θουκυδίδης","PERSON"
"18647","ἐν","O"
"18648","τῷ","O"
"18649","ἐπιταφίῳ","O"
"18650","·","O"
"18651","δημηγορῶν","O"
"18652","γὰρ","O"
"18653","καὶ","O"
"18654","παρακαλῶν","O"
"18655","Ἀθηναίους","NORP"
"18656","ἐπὶ","O"
"18657","τὸν","O"
"18658","πόλεμον","O"
"18659","συνέπλεξε","O"
"18660","τοῦ","O"
"18661","ἐπιταφίου","O"
"18662","κεφάλαια","O"
"18663","τῇ","O"
"18664","παραινέσει","O"
"18665","·","O"
"18666","ἐγκώμιόν","O"
"18667","ἐστιν","O"
"18668","ἡ","O"
"18669","παράκλησις","O"
"18670","ἀπὸ","O"
"18671","τοῦ","O"
"18672","γένους","O"
"18673",",","O"
"18674","ἀπὸ","O"
"18675","τῆς","O"
"18676","τῶν","O"
"18677","προγόνων","O"
"18678","ἀρετῆς","O"
"18679","·","O"
"18680","ἐγκώμιόν","O"
"18681","ἐστιν","O"
"18682","ἐκ","O"
"18683","παραβολῆς","O"
"18684","ἡ","O"
"18685","παράκλησις","O"
"18686",",","O"
"18687","ἐκ","O"
"18688","τοῦ","O"
"18689","παραβαλεῖν","O"
"18690","τὰ","O"
"18691","τῶν","O"
"18692","ἐναντίων","O"
"18693","καὶ","O"
"18694","τὰς","O"
"18695","δυνάμεις","O"
"18696","ἑκατέρας","O"
"18697","τῆς","O"
"18698","πόλεως","O"
"18699",".","O"
"18700","Οὕτω","O"
"18701","κινδυνεύει","O"
"18702",",","O"
"18703","ὅ","O"
"18704","περ","O"
"18705","ὑπεστησάμεθα","O"
"18706","ἐν","O"
"18707","ἀρχῇ","O"
"18708","τῶν","O"
"18709","λόγων","O"
"18710","ἀποδείξειν","O"
"18711",",","O"
"18712","τοσοῦτον","O"
"18713","ἀποδεῖν","O"
"18714","ἀληθὲς","O"
"18715","εἶναι","O"
"18716","τὸ","O"
"18717","μὴ","O"
"18718","εἶναί","O"
"18719","τι","O"
"18720","ἐσχηματισμένον","O"
"18721",",","O"
"18722","ὥςτε","O"
"18723","τὸ","O"
"18724","ἐναντίον","O"
"18725","αὐτὸ","O"
"18726","οὐδεὶς","O"
"18727","λόγος","O"
"18728","ἀσχημάτιστος","O"
"18729",".","O"
"18730","καὶ","O"
"18731","πάλιν","O"
"18732","ἐπανέλθωμεν","O"
"18733","ἐπὶ","O"
"18734","τὴν","O"
"18735","ἀρχὴν","O"
"18736","τοῦ","O"
"18737","λόγου","O"
"18738",",","O"
"18739","ἣν","O"
"18740","ἐξ","O"
"18741","ἀρχῆς","O"
"18742","ὑπεθέμεθα","O"
"18743",",","O"
"18744","ὅτι","O"
"18745","τοῦ","O"
"18746","ἀγῶνος","O"
"18747","ὄντος","O"
"18748","τῷ","O"
"18749","ῥήτορι","O"
"18750","διπλοῦ","O"
"18751",",","O"
"18752","τοῦ","O"
"18753","πράγματος","O"
"18754","καὶ","O"
"18755","τοῦ","O"
"18756","ἤθους","O"
"18757",",","O"
"18758","καὶ","O"
"18759","τούτου","O"
"18760","κρατοῦντος","O"
"18761",",","O"
"18762","ἡ","O"
"18763","περὶ","O"
"18764","τῶν","O"
"18765","ἠθῶν","O"
"18766","διοίκησις","O"
"18767","ἀεὶ","O"
"18768","ἐσχηματισμένους","O"
"18769","τοὺς","O"
"18770","λόγους","O"
"18771","ἔχει","O"
"18772",".","O"
"18773","Πολλὰ","O"
"18774","σχήματα","O"
"18775","παρ","O"
"18776","Ὁμήρῳ","PERSON"
"18777",",","O"
"18778","πάμπολλα","O"
"18779","καὶ","O"
"18780","ἐν","O"
"18781","ἄλλαις","O"
"18782","ὑποθέσεσιν","O"
"18783","ἄλλα","O"
"18784","διοικουμένῳ","O"
"18785","·","O"
"18786","ἐπεὶ","O"
"18787","καὶ","O"
"18788","ὁ","O"
"18789","τῆς","O"
"18790","Βρισηίδος","PERSON"
"18791","λόγος","O"
"18792","οὐκ","O"
"18793","ἀσχημάτιστος","O"
"18794",",","O"
"18795","ὅτε","O"
"18796","ἤκουσα","O"
"18797","παρὰ","O"
"18798","τοῦ","O"
"18799","Ἀγαμέμνονος","PERSON"
"18800",",","O"
"18801","θεασαμένη","O"
"18802","τὸν","O"
"18803","Πάτροκλον","PERSON"
"18804","κείμενον","O"
"18805","ἐπιπίπτει","O"
"18806","τῷ","O"
"18807","σώματι","O"
"18808","καὶ","O"
"18809","θρηνεῖ","O"
"18810","Πάτροκλον","PERSON"
"18811",".","O"
"18812","καί","O"
"18813","οἴεται","O"
"18814","ὁ","O"
"18815","ἀκροατής","O"
"18816",",","O"
"18817","ὅτι","O"
"18818","Πάτροκλον","PERSON"
"18819","θρηνεῖ","O"
"18820","·","O"
"18821","ἐνδείκνυται","O"
"18822","δὲ","O"
"18823","ὁ","O"
"18824","ποιητὴς","O"
"18825","σοφίαν","O"
"18826","γυναικὸς","O"
"18827","ἐν","O"
"18828","ἀκμῇ","O"
"18829","καιροῦ","O"
"18830","ἀπαιτούσης","O"
"18831","τὰς","O"
"18832","γαμικὰς","O"
"18833","ὑποσχέσεις","O"
"18834","καὶ","O"
"18835","διὰ","O"
"18836","τοῦτο","O"
"18837","θρήνου","O"
"18838","δίκην","O"
"18839","λεγούσης","O"
"18840","πρὸς","O"
"18841","Ἀχιλλέα","PERSON"
"18842","·","O"
"18843","Πάτροκλ","PERSON"
"18844","ἐμοὶ","O"
"18845","δειλῇ","O"
"18846","πλεῖστον","O"
"18847","κεχαρισμένε","O"
"18848","θυμῷ","O"
"18849",",","O"
"18850","ζωὸν","O"
"18851","μέν","O"
"18852","σε","O"
"18853","ἔλειπον","O"
"18854","ἐγὼ","O"
"18855","κλισίηθεν","O"
"18856","ἰοῦσα","O"
"18857","·","O"
"18858","νῦν","O"
"18859","δέ","O"
"18860","σε","O"
"18861","τεθνειῶτα","O"
"18862","κιχάνομαι","O"
"18863",",","O"
"18864","ὄρχαμε","O"
"18865","λαῶν","O"
"18866",",","O"
"18867","ἀνιοῦσ","O"
"18868",".","O"
"18869","ὥς","O"
"18870","μοι","O"
"18871","δέχεται","O"
"18872","κακὸν","O"
"18873","ἐκ","O"
"18874","κακοῦ","O"
"18875","αἰεί","O"
"18876",".","O"
"18877","ταῦτα","O"
"18878","προοίμια","O"
"18879","θρηνούσης","O"
"18880",".","O"
"18881","εἶτα","O"
"18882","τὸ","O"
"18883","προοίμιον","O"
"18884","περαίνει","O"
"18885","ἐπιδεικνυμένη","O"
"18886","τὸν","O"
"18887","θρῆνον","O"
"18888","ὡς","O"
"18889","ἀπόδειξιν","O"
"18890","τοῦ","O"
"18891","δικαίου","O"
"18892","θρήνου","O"
"18893","·","O"
"18894","ἄνδρα","O"
"18895","μέν","O"
"18896",",","O"
"18897","ᾧ","O"
"18898","ἔδοσάν","O"
"18899","με","O"
"18900","πατὴρ","O"
"18901","καὶ","O"
"18902","πότνια","O"
"18903","μήτηρ","O"
"18904",",","O"
"18905","εἶδον","O"
"18906","πρὸ","O"
"18907","πτόλιος","O"
"18908","δεδαϊγμένον","O"
"18909","ὀξέι","O"
"18910","χαλκῷ","O"
"18911",",","O"
"18912","τρεῖς","O"
"18913","τε","O"
"18914","κασιγνήτους","O"
"18915",",","O"
"18916","οὕς","O"
"18917","μοι","O"
"18918","μία","O"
"18919","γείνατο","O"
"18920","μήτηρ","O"
"18921",",","O"
"18922","κηδείους","O"
"18923",",","O"
"18924","οἳ","O"
"18925","πάντες","O"
"18926","ὀλέθριον","O"
"18927","ἦμαρ","O"
"18928","ἐπέσπον","O"
"18929",".","O"
"18930","ταῦτα","O"
"18931","ἤδη","O"
"18932","Ἀχιλλέως","PERSON"
"18933","καθάπτεται","O"
"18934",",","O"
"18935","ὅτι","O"
"18936","τὸν","O"
"18937","ἄνδρα","O"
"18938","αὐτῆς","O"
"18939","ἀποκτείνας","O"
"18940","ἔχει","O"
"18941","αὐτὴν","O"
"18942","συνοικοῦσαν","O"
"18943",",","O"
"18944","καὶ","O"
"18945","δεῖ","O"
"18946","αὐτῇ","O"
"18947","πολλῆς","O"
"18948","παραμυθίας","O"
"18949",".","O"
"18950","εἶτα","O"
"18951","συνθηκῶν","O"
"18952","ἀνάμνησις","O"
"18953","·","O"
"18954","οὐδὲ","O"
"18955","μὲν","O"
"18956","οὐδέ","O"
"18957","μ","O"
"18958","ἔασκες","O"
"18959",",","O"
"18960","ὅτ","O"
"18961","ἄνδρ","O"
"18962","ἐμὸν","O"
"18963","ὠκὺς","O"
"18964","Ἀχιλλεὺς","PERSON"
"18965","ἔκτεινεν","O"
"18966",",","O"
"18967","πέρσεν","O"
"18968","δὲ","O"
"18969","πόλιν","O"
"18970","θείοιο","O"
"18971","Μύνητος","PERSON"
"18972",",","O"
"18973","κλαίειν","O"
"18974",",","O"
"18975","ἀλλά","O"
"18976","μ","O"
"18977","ἔφασκες","O"
"18978","Ἀχιλλῆος","PERSON"
"18979","θείοιο","O"
"18980","κουριδίην","O"
"18981","ἄλοχον","O"
"18982","θήσειν","O"
"18983","ἄξειν","O"
"18984","τ","O"
"18985","ἐνὶ","O"
"18986","νηυσὶν","O"
"18987","ἐς","O"
"18988","Φθίην","LOC"
"18989",",","O"
"18990","δαίσειν","O"
"18991","δὲ","O"
"18992","γάμον","O"
"18993","μετὰ","O"
"18994","Μυρμιδόνεσσι","NORP"
"18995",".","O"
"18996","καὶ","O"
"18997","τὸ","O"
"18998","τέλος","O"
"18999","τοῦ","O"
"19000","ἐπιλόγου","O"
"19001","τὸ","O"
"19002","κέντρον","O"
"19003","τῆς","O"
"19004","ἀπαιτήσεως","O"
"19005","ἐπάγει","O"
"19006","τῶ","O"
"19007","σ","O"
"19008","ἄμοτον","O"
"19009","κλαίω","O"
"19010","τεθνηότα","O"
"19011","μείλιχον","O"
"19012","αἰεί","O"
"19013",",","O"
"19014","ὡς","O"
"19015","ἂν","O"
"19016","ἀκούων","O"
"19017","ταῦτα","O"
"19018","Ἀχιλλεὺς","PERSON"
"19019","δικαιολογουμένης","O"
"19020","εἴπῃ","O"
"19021","·","O"
"19022","ἀλλὰ","O"
"19023","μὴ","O"
"19024","κλαῖε","O"
"19025",",","O"
"19026","γύναι","O"
"19027",",","O"
"19028","ἐκεῖνα","O"
"19029","βέβαια","O"
"19030","γενήσεται","O"
"19031",".","O"
"19032","Κατὰ","O"
"19033","ταύτας","O"
"19034","τὰς","O"
"19035","ὑφηγήσεις","O"
"19036","ἔστιν","O"
"19037","ἐπιόντα","O"
"19038","πολλὰ","O"
"19039","καὶ","O"
"19040","τῶν","O"
"19041","ποιημάτων","O"
"19042","καὶ","O"
"19043","τῶν","O"
"19044","συγγραμμάτων","O"
"19045","καὶ","O"
"19046","τῶν","O"
"19047","δικανικῶν","O"
"19048","καὶ","O"
"19049","τῶν","O"
"19050","συμβουλευτικῶν","O"
"19051","λόγων","O"
"19052","καὶ","O"
"19053","τῶν","O"
"19054","ἐν","O"
"19055","ταῖς","O"
"19056","ἱστορίαις","O"
"19057","εὑρεῖν","O"
"19058","πλείους","O"
"19059","τὰς","O"
"19060","πλάσεις","O"
"19061","τῶν","O"
"19062","σχημάτων","O"
"19063","ἢ","O"
"19064","τὰς","O"
"19065","ἁπλότητας","O"
"19066","τῶν","O"
"19067","κοινῶν","O"
"19068","λόγων","O"
"19069",".","O"
"19070","λέγω","O"
"19071","δὲ","O"
"19072","καὶ","O"
"19073","προστίθημι","O"
"19074",",","O"
"19075","ὅτι","O"
"19076","καὶ","O"
"19077","ὅταν","O"
"19078","τις","O"
"19079","ἁπλῶς","O"
"19080","λέγῃ","O"
"19081",",","O"
"19082","καὶ","O"
"19083","τοῦτο","O"
"19084","τέχνῃ","O"
"19085","σχήματος","O"
"19086","γίνεται","O"
"19087",",","O"
"19088","ἵνα","O"
"19089","ἡ","O"
"19090","τῆς","O"
"19091","ἁπλότητος","O"
"19092","προσποίησις","O"
"19093","τὸ","O"
"19094","πιθανὸν","O"
"19095","ἔχῃ","O"
"19096","τῷ","O"
"19097","ἀκούοντι","O"
"19098",".","O"
"19099","καὶ","O"
"19100","τεκμήριον","O"
"19101","τούτου","O"
"19102","ἐστὶν","O"
"19103","ὁ","O"
"19104","λόγος","O"
"19105","ὁ","O"
"19106","τοῦ","O"
"19107","Αἴαντος","PERSON"
"19108","πρὸς","O"
"19109","Ἀχιλλέα","PERSON"
"19110","ἐν","O"
"19111","ταῖς","O"
"19112","Αιταῖς","LOC"
"19113",".","O"
"19114","ὁ","O"
"19115","μὲν","O"
"19116","γὰρ","O"
"19117","Φοῖνιξ","NORP"
"19118","τέχνῃ","O"
"19119","χρῆται","O"
"19120","πρὸς","O"
"19121","αὐτόν","O"
"19122",",","O"
"19123","καὶ","O"
"19124","προτείνας","O"
"19125","αὐτῷ","O"
"19126","ἡδίστην","O"
"19127","ὑπόθεσιν","O"
"19128","ἐναντιωτάτην","O"
"19129","ἀγωνίζεται","O"
"19130","·","O"
"19131","εἰ","O"
"19132","μὲν","O"
"19133","δὴ","O"
"19134","νόστον","O"
"19135","γε","O"
"19136","μετὰ","O"
"19137","φρεσί","O"
"19138",",","O"
"19139","φαίδιμ","O"
"19140","Ἀχιλλεῦ","PERSON"
"19141",",","O"
"19142","βάλλεαι","O"
"19143",",","O"
"19144","οὐδ","O"
"19145","ἔτι","O"
"19146","πάμπαν","O"
"19147","ἀμύνειν","O"
"19148","νηυσὶ","O"
"19149","θοῇσιν","O"
"19150","πῦρ","O"
"19151","ἐθέλεις","O"
"19152","ἀίδηλον","O"
"19153",",","O"
"19154","ἐπεὶ","O"
"19155","χόλος","O"
"19156","ἔμπεσε","O"
"19157","θυμῷ","O"
"19158",",","O"
"19159","πῶς","O"
"19160","ἂν","O"
"19161","ἔπειτ","O"
"19162","ἀπὸ","O"
"19163","σεῖο","O"
"19164",",","O"
"19165","φίλον","O"
"19166","τέκος","O"
"19167",",","O"
"19168","αὖθι","O"
"19169","λιποίμην","O"
"19170",";","O"
"19171","ἡδίστη","O"
"19172","γὰρ","O"
"19173","ὑπόθεσις","O"
"19174","Ἀχιλλεῖ","PERSON"
"19175","τὸ","O"
"19176","λέγειν","O"
"19177","τὸν","O"
"19178","Φοίνικα","PERSON"
"19179",",","O"
"19180","ὅτι","O"
"19181","οὐκ","O"
"19182","ἀπολειφθήσεται","O"
"19183",".","O"
"19184","εἶτα","O"
"19185","ἡ","O"
"19186","αἰτία","O"
"19187","τοῦ","O"
"19188","μὴ","O"
"19189","ἀπολειφθῆναι","O"
"19190",",","O"
"19191","ἡ","O"
"19192","τροφή","O"
"19193",",","O"
"19194","ἡ","O"
"19195","ἀγωγή","O"
"19196",",","O"
"19197","τὸ","O"
"19198","ἐξ","O"
"19199","ἀρχῆς","O"
"19200","συντετράφθαι","O"
"19201",".","O"
"19202","ταῦτα","O"
"19203","δὲ","O"
"19204","πάντα","O"
"19205","εἰς","O"
"19206","τὴν","O"
"19207","ἐναντίαν","O"
"19208","ὑπόθεσιν","O"
"19209","·","O"
"19210","πιθοῦ","O"
"19211","μοι","O"
"19212","·","O"
"19213","τέτροφα","O"
"19214","γάρ","O"
"19215","σε","O"
"19216",",","O"
"19217","καὶ","O"
"19218","χάριτας","O"
"19219","ὀφείλεις","O"
"19220",".","O"
"19221","καὶ","O"
"19222","ὅτι","O"
"19223","τοῦτό","O"
"19224","ἐστιν","O"
"19225","ἐπὶ","O"
"19226","τέλει","O"
"19227","ὁμολογία","O"
"19228","τῆς","O"
"19229","ἀληθινῆς","O"
"19230","ἐπιβολῆς","O"
"19231","·","O"
"19232","ἀλλ","O"
"19233",",","O"
"19234","Αχιλεῦ","O"
"19235",",","O"
"19236","δάμασον","O"
"19237","θυμὸν","O"
"19238","μέγαν","O"
"19239",",","O"
"19240","οὐδέ","O"
"19241","τί","O"
"19242","σε","O"
"19243","χρὴ","O"
"19244","νηλεὲς","O"
"19245","ἦτορ","O"
"19246","ἔχειν","O"
"19247","·","O"
"19248","στρεπτοὶ","O"
"19249","δέ","O"
"19250","τε","O"
"19251","καὶ","O"
"19252","θεοὶ","O"
"19253","αὐτοί","O"
"19254",".","O"
"19255","τοῦτο","O"
"19256","τὸ","O"
"19257","σχῆμα","O"
"19258","συνιδὼν","O"
"19259","καὶ","O"
"19260","ὁ","O"
"19261","Ἀχιλλεὺς","PERSON"
"19262","ἀντισχηματίζει","O"
"19263","ἑξῆς","O"
"19264",",","O"
"19265","μιμούμενος","O"
"19266","τὴν","O"
"19267","τέχνην","O"
"19268","τοῦ","O"
"19269","διδασκάλου","O"
"19270",".","O"
"19271","ἐξηγεῖται","O"
"19272","γὰρ","O"
"19273","οὕτως","O"
"19274","·","O"
"19275","μή","O"
"19276","μοι","O"
"19277","σύγχει","O"
"19278","θυμὸν","O"
"19279","ὀδυρόμενος","O"
"19280","καὶ","O"
"19281","ἀχεύων","O"
"19282",",","O"
"19283","Ἀτρείδῃ","PERSON"
"19284","ἥρωι","O"
"19285","φέρων","O"
"19286","χάριν","O"
"19287",".","O"
"19288","αὕτη","O"
"19289","μὲν","O"
"19290","ἐξήγησις","O"
"19291","τῆς","O"
"19292","τοῦ","O"
"19293","Φοίνικος","PERSON"
"19294","τέχνης","O"
"19295","·","O"
"19296","εἶτα","O"
"19297","ὁ","O"
"19298","ἀντισχηματισμός","O"
"19299","·","O"
"19300","ἶσον","O"
"19301","ἐμοὶ","O"
"19302","βασίλευε","O"
"19303","καὶ","O"
"19304","ἥμισυ","O"
"19305","μείρεο","O"
"19306","τιμῆς","O"
"19307",".","O"
"19308","τί","O"
"19309","γάρ","O"
"19310",";","O"
"19311","ἐκεῖνος","O"
"19312","τοιοῦτόν","O"
"19313","τι","O"
"19314","εἶπεν","O"
"19315","ἤ","O"
"19316","τινα","O"
"19317","χάριν","O"
"19318","ᾔτησεν","O"
"19319",";","O"
"19320","ἀλλ","O"
"19321","ἐπειδὴ","O"
"19322","ἀνέμνησεν","O"
"19323","αὐτὸν","O"
"19324","εἰπών","O"
"19325","πολλάκι","O"
"19326","μοι","O"
"19327","κατέδευσας","O"
"19328","ἐπὶ","O"
"19329","στήθεσσι","O"
"19330","χιτῶνα","O"
"19331","οἴνου","O"
"19332","ἀποβλύζων","O"
"19333","ἐν","O"
"19334","νηπιέῃ","O"
"19335","ἀλεγεινῇ","O"
"19336",",","O"
"19337","καὶ","O"
"19338","τὰς","O"
"19339","ἐν","O"
"19340","τῇ","O"
"19341","νεότητι","O"
"19342","πάθας","O"
"19343","προέτεινεν","O"
"19344","αὐτῷ","O"
"19345",",","O"
"19346","ὡς","O"
"19347","ὀφείλοντος","O"
"19348","χάριτας","O"
"19349",",","O"
"19350","καὶ","O"
"19351","αὐτὸς","O"
"19352","ἐσχημάτισεν","O"
"19353","εἰπών","O"
"19354","·","O"
"19355","ἄλλην","O"
"19356","χάριν","O"
"19357","λάμβανε","O"
"19358","μείζω","O"
"19359",",","O"
"19360","μὴ","O"
"19361","ταύτην","O"
"19362","αἴτει","O"
"19363",".","O"
"19364","ταῦτα","O"
"19365","μὲν","O"
"19366","ὁ","O"
"19367","Φοῖνιξ","NORP"
"19368","σχηματίζει","O"
"19369",".","O"
"19370","Ὁ","O"
"19371","δέ","O"
"19372","γε","O"
"19373","Αἲας","PERSON"
"19374","ἁπλούστατος","O"
"19375","ὤν","O"
"19376","βαθύτατος","O"
"19377","ἐν","O"
"19378","τοῖς","O"
"19379","λόγοις","O"
"19380","πάντων","O"
"19381","ἐστίν","O"
"19382",".","O"
"19383","ἀνίσταται","O"
"19384","γὰρ","O"
"19385","ὡς","O"
"19386","ὀργιζόμενος","O"
"19387","καὶ","O"
"19388","ἀξιῶν","O"
"19389","μηκέτι","O"
"19390","μηδὲ","O"
"19391","διαλέγεσθαι","O"
"19392",",","O"
"19393","καὶ","O"
"19394","λέγει","O"
"19395","·","O"
"19396","οὐ","O"
"19397","γάρ","O"
"19398","μοι","O"
"19399","δοκέει","O"
"19400","μύθοιο","O"
"19401","τελευτὴ","O"
"19402","τῇδέ","O"
"19403","γ","O"
"19404","ὁδῷ","O"
"19405","κρανέεσθαι","O"
"19406","·","O"
"19407","καὶ","O"
"19408","ἐπιτιμᾷ","O"
"19409","Ἀχιλλεῖ","PERSON"
"19410","χαλεπώτατα","O"
"19411","καὶ","O"
"19412","πικρότατα","O"
"19413",".","O"
"19414","ὁ","O"
"19415","δὲ","O"
"19416","μάλιστα","O"
"19417","ἐν","O"
"19418","τῇ","O"
"19419","παρρησίᾳ","O"
"19420","κετεύων","O"
"19421","καὶ","O"
"19422","δεόμενος","O"
"19423","καὶ","O"
"19424","βιαζόμενος","O"
"19425","Ἀχιλλέα","PERSON"
"19426","οὗτός","O"
"19427","ἐστιν","O"
"19428","·","O"
"19429","ὑπωρόφιοι","O"
"19430","δέ","O"
"19431","τοι","O"
"19432","εἰμὲν","O"
"19433","πληθύος","O"
"19434","ἐκ","O"
"19435","Δαναῶν","NORP"
"19436",".","O"
"19437","καὶ","O"
"19438","φαίνεταί","O"
"19439","γέ","O"
"19440","τοι","O"
"19441","οὕτως","O"
"19442","ἁπλοῦς","O"
"19443","δὴ","O"
"19444","καὶ","O"
"19445","ἀφελὴς","O"
"19446","καὶ","O"
"19447","παρρησίᾳ","O"
"19448","χρώμενος","O"
"19449",".","O"
"19450","εἶτα","O"
"19451","τῇ","O"
"19452","τέχνῃ","O"
"19453","προσχρώμενος","O"
"19454","φαίνεται","O"
"19455","μᾶλλον","O"
"19456","πεπεικώς","O"
"19457",".","O"
"19458","πῶς","O"
"19459","δή","O"
"19460",";","O"
"19461","Αἶαν","PERSON"
"19462","διογενὲς","O"
"19463","Τελαμώνιε","PERSON"
"19464",",","O"
"19465","κοίρανε","O"
"19466","λαῶν","O"
"19467",",","O"
"19468","πάντα","O"
"19469","τί","O"
"19470","μοι","O"
"19471","κατὰ","O"
"19472","θυμὸν","O"
"19473","ἐείσω","O"
"19474","μυθήσασθαι","O"
"19475",".","O"
"19476","ἀλλά","O"
"19477","μοι","O"
"19478","οἰδάνεται","O"
"19479","κραδίη","O"
"19480","χόλῳ","O"
"19481",",","O"
"19482","ὁππότε","O"
"19483","κείνων","O"
"19484","μνήσομαι","O"
"19485",",","O"
"19486","ὥς","O"
"19487","μ","O"
"19488","ἀσύφηλον","O"
"19489","ἐν","O"
"19490","Ἀργείοισιν","O"
"19491","ἔρεξεν","O"
"19492",".","O"
"19493","οὗτος","O"
"19494","οὖν","O"
"19495","ὁ","O"
"19496","λόγος","O"
"19497","δείκνυσιν","O"
"19498",",","O"
"19499","ὅτι","O"
"19500","καὶ","O"
"19501","τῆς","O"
"19502","ἁπλότητος","O"
"19503","προσποίησις","O"
"19504","σχήματος","O"
"19505","ἔργον","O"
"19506","ἐπιτελεῖ","O"
"19507","·","O"
"19508","ἐπεὶ","O"
"19509","καὶ","O"
"19510","αἱ","O"
"19511","τῶν","O"
"19512","χαρίτων","O"
"19513","ἀπαιτήσεις","O"
"19514","οὐκ","O"
"19515","ἄνευ","O"
"19516","τοῦ","O"
"19517","ἐσχηματίσθαι","O"
"19518","γίνονται","O"
"19519",".","O"
"19520","οἱ","O"
"19521","γὰρ","O"
"19522","αἰτοῦντες","O"
"19523","τὰς","O"
"19524","χάριτας","O"
"19525","παρὰ","O"
"19526","τῶν","O"
"19527","εὖ","O"
"19528","πεπονθότων","O"
"19529","ἐν","O"
"19530","καιρῷ","O"
"19531","φυλαττόμενοι","O"
"19532","τὸ","O"
"19533","ὀνειδίζειν","O"
"19534","εὐπρεπῶς","O"
"19535","ἀπαιτοῦσι","O"
"19536",".","O"
"19537","καὶ","O"
"19538","δείκνυσιν","O"
"19539","ἡμῖν","O"
"19540","ὁ","O"
"19541","ποιητής","O"
"19542",",","O"
"19543","τίς","O"
"19544","μὲν","O"
"19545","ἂν","O"
"19546","ἦν","O"
"19547","ἀτέχνου","O"
"19548","ἀπαιτήσεως","O"
"19549","τρόπος","O"
"19550",",","O"
"19551","τίς","O"
"19552","δὲ","O"
"19553","ἐντέχνου","O"
"19554",".","O"
"19555","ὁ","O"
"19556","Ἀχιλλεὺς","PERSON"
"19557","τῇ","O"
"19558","μητρὶ","O"
"19559","λέγει","O"
"19560","·","O"
"19561","πολλάκι","O"
"19562","γάρ","O"
"19563","σεο","O"
"19564","πατρὸς","O"
"19565","ἐνὶ","O"
"19566","μεγάροισιν","O"
"19567","ἄκουσα","O"
"19568","εὐχομένης","O"
"19569",",","O"
"19570","ὅτ","O"
"19571","ἔφῃσθα","O"
"19572","κελαινεφέι","O"
"19573","Κρονίωνι","GOD"
"19574","οἴη","O"
"19575","ἐν","O"
"19576","ἀθανάτοισιν","O"
"19577","ἀεικέα","O"
"19578","λοιγὸν","O"
"19579","ἀμῦναι","O"
"19580",",","O"
"19581","ὁππότε","O"
"19582","μιν","O"
"19583","ξυνδῆσαι","O"
"19584","Ὀλύμπιοι","O"
"19585","ἤθελον","O"
"19586","ἄλλοι","O"
"19587",".","O"
"19588","καὶ","O"
"19589","περαίνει","O"
"19590","τὴν","O"
"19591","διήγησιν","O"
"19592","πᾶσαν","O"
"19593",",","O"
"19594","καὶ","O"
"19595","ἐπάγει","O"
"19596","παραινῶν","O"
"19597","αὐτῇ","O"
"19598","τῶν","O"
"19599","νῦν","O"
"19600","μιν","O"
"19601","μνήσασα","O"
"19602","παρέζεο","O"
"19603","καὶ","O"
"19604","λάβε","O"
"19605","γούνων","O"
"19606",".","O"
"19607","ταῦτα","O"
"19608","ὑπακούει","O"
"19609","τῷ","O"
"19610","παιδὶ","O"
"19611","Θέτις","PERSON"
"19612",",","O"
"19613","καὶ","O"
"19614","πείθουσα","O"
"19615","αὐτὸν","O"
"19616","θαρρεῖν","O"
"19617","ἐπαγγέλλεται","O"
"19618","οὐ","O"
"19619","μόνον","O"
"19620","ἐρεῖν","O"
"19621","αὐτά","O"
"19622",",","O"
"19623","ἀλλὰ","O"
"19624","καὶ","O"
"19625","αὐτῇ","O"
"19626","λέξει","O"
"19627","λέγει","O"
"19628","τοῦτο","O"
"19629","δέ","O"
"19630","τοι","O"
"19631","ἔπος","O"
"19632","Διὶ","GOD"
"19633","τερπικεραύνῳ","PERSON"
"19634","εἶμ","O"
"19635","αὐτὴ","O"
"19636","πρὸς","O"
"19637","Ὄλυμπον","LOC"
"19638","ἀγάννιφον","O"
"19639",",","O"
"19640","αἴ","O"
"19641","κε","O"
"19642","πίθηται","O"
"19643",".","O"
"19644","καὶ","O"
"19645","ταῦτα","O"
"19646","ὑποσχομένη","O"
"19647",",","O"
"19648","ἐπειδὴ","O"
"19649","ἀφίκετο","O"
"19650","πρὸς","O"
"19651","τὸν","O"
"19652","Δία","GOD"
"19653",",","O"
"19654","τὸ","O"
"19655","μὲν","O"
"19656","ὀνειδίζειν","O"
"19657","ἀφίησιν","O"
"19658",",","O"
"19659","τὸ","O"
"19660","δὲ","O"
"19661","ὑπομιμνῄσκειν","O"
"19662","ἐπιμελῶς","O"
"19663","πραγματεύεται","O"
"19664","·","O"
"19665","Ζεῦ","GOD"
"19666","πάτερ","O"
"19667",",","O"
"19668","εἴ","O"
"19669","ποτε","O"
"19670","δή","O"
"19671","σε","O"
"19672","μετ","O"
"19673","ἀθανάτοισιν","O"
"19674","ἔτισα","O"
"19675","ἢ","O"
"19676","ἔπει","O"
"19677","ἢ","O"
"19678","ἔργῳ","O"
"19679","·","O"
"19680","τὸ","O"
"19681","μὲν","O"
"19682","ἔργον","O"
"19683","οὐκ","O"
"19684","εἶπεν","O"
"19685",",","O"
"19686","τὴν","O"
"19687","δὲ","O"
"19688","ἀνάμνησιν","O"
"19689","εὐπρεπῶς","O"
"19690","ἐποιήσατο","O"
"19691",".","O"
"19692","τοιοῦτός","O"
"19693","πως","O"
"19694","καὶ","O"
"19695","ὁ","O"
"19696","ἱερεύς","O"
"19697","ἐστιν","O"
"19698",",","O"
"19699","γυμνότερος","O"
"19700","μὲν","O"
"19701","ἢ","O"
"19702","κατὰ","O"
"19703","τὴν","O"
"19704","Θέτιν","GOD"
"19705",",","O"
"19706","εὐπρεπῶς","O"
"19707","δέ","O"
"19708",".","O"
"19709","ἐπικαλεσάμενος","O"
"19710","γὰρ","O"
"19711","τὸν","O"
"19712","θεὸν","O"
"19713","λέγει","O"
"19714","εἰ","O"
"19715","ποτέ","O"
"19716","τοι","O"
"19717","χαρίεντ","O"
"19718","ἐπὶ","O"
"19719","νηὸν","O"
"19720","ἔρεψα","O"
"19721",",","O"
"19722","ἢ","O"
"19723","εἰ","O"
"19724","δή","O"
"19725","ποτέ","O"
"19726","τοι","O"
"19727","κατὰ","O"
"19728","πίονα","O"
"19729","μηρί","O"
"19730","ἔκηα","O"
"19731","ταύρων","O"
"19732","ἠδ","O"
"19733","αἰγῶν","O"
"19734",",","O"
"19735","τόδε","O"
"19736","μοὶ","O"
"19737","κρήηνον","O"
"19738","ἐέλωρ","O"
"19739",".","O"
"19740","Καὶ","O"
"19741","τὰ","O"
"19742","μέτρα","O"
"19743","τῶν","O"
"19744","ἐσχηματισμένων","O"
"19745","λόγων","O"
"19746","παιδεύει","O"
"19747","ἡμᾶς","O"
"19748","Ὅμηρος","PERSON"
"19749",",","O"
"19750","ὅτι","O"
"19751","οὐ","O"
"19752","μόνον","O"
"19753","τῆς","O"
"19754","εὐπρεπείας","O"
"19755","δεῖται","O"
"19756",",","O"
"19757","ἀλλὰ","O"
"19758","καὶ","O"
"19759","τῆς","O"
"19760","ἐν","O"
"19761","χρείᾳ","O"
"19762","συντομίας","O"
"19763",".","O"
"19764","πῶς","O"
"19765","γὰρ","O"
"19766","πάντων","O"
"19767","χρεία","O"
"19768","ἐστίν","O"
"19769",",","O"
"19770","ὅσων","O"
"19771","μὲν","O"
"19772","ἡ","O"
"19773","τέχνη","O"
"19774","παραδίδωσιν","O"
"19775",",","O"
"19776","εἰ","O"
"19777","ταῦτα","O"
"19778","ὁ","O"
"19779","καιρὸς","O"
"19780","παραιτεῖται","O"
"19781",";","O"
"19782","διδάσκει","O"
"19783","δὲ","O"
"19784","τοῦτο","O"
"19785","ἐν","O"
"19786","τοῖς","O"
"19787","Ἑρμοῦ","GOD"
"19788","λόγοις","O"
"19789","πρὸς","O"
"19790","Πρίαμον","PERSON"
"19791","Ὅμηρος","PERSON"
"19792",".","O"
"19793","τοῦτον","O"
"19794","γὰρ","O"
"19795","Ἑρμῆς","GOD"
"19796","ὥςπερ","O"
"19797","διδάσκαλος","O"
"19798","ὢν","O"
"19799","παιδεύει","O"
"19800",",","O"
"19801","πῶς","O"
"19802","χρὴ","O"
"19803","ἐντυχεῖν","O"
"19804","Ἀχιλλεῖ","PERSON"
"19805",",","O"
"19806","καὶ","O"
"19807","παραδίδωσι","O"
"19808","τὰς","O"
"19809","μεθόδους","O"
"19810","τῆς","O"
"19811","ἱκετείας","O"
"19812","·","O"
"19813","τύνη","O"
"19814","δ","O"
"19815","εἰσελθὼν","O"
"19816","λάβε","O"
"19817","γούνατα","O"
"19818","Πηλείωνος","PERSON"
"19819",",","O"
"19820","καί","O"
"19821","μιν","O"
"19822","ὑπὲρ","O"
"19823","πατρὸς","O"
"19824","καὶ","O"
"19825","μητέρος","O"
"19826","ἠυκόμοιο","O"
"19827","λίσσεο","O"
"19828","καὶ","O"
"19829","τέκεος","O"
"19830",",","O"
"19831","ἵνα","O"
"19832","οἱ","O"
"19833","σὺν","O"
"19834","θυμὸν","O"
"19835","ὀρίνῃς","O"
"19836","·","O"
"19837","καὶ","O"
"19838","πάντας","O"
"19839","τοὺς","O"
"19840","ἀριθμοὺς","O"
"19841","τῆς","O"
"19842","ἱκετείας","O"
"19843","παραλαμβάνει","O"
"19844",",","O"
"19845","τὸ","O"
"19846","γένειον","O"
"19847","τὸ","O"
"19848","Ἀχιλλέως","PERSON"
"19849",",","O"
"19850","ἀνάμνησιν","O"
"19851","πατρός","O"
"19852",",","O"
"19853","μητρός","O"
"19854",",","O"
"19855","υἱοῦ","O"
"19856",".","O"
"19857","ταῦτα","O"
"19858","μαθὼν","O"
"19859","ὁ","O"
"19860","γέρων","O"
"19861","οἶδεν","O"
"19862","τέχνην","O"
"19863","κατὰ","O"
"19864","τέχνης","O"
"19865","·","O"
"19866","προσελθὼν","O"
"19867","γὰρ","O"
"19868","τῷ","O"
"19869","Ἀχιλλεῖ","PERSON"
"19870","τοῦ","O"
"19871","γενείου","O"
"19872","ἐπιλαμβάνεται","O"
"19873","καὶ","O"
"19874","λέγει","O"
"19875","μνῆσαι","O"
"19876","πατρὸς","O"
"19877","σεῖο","O"
"19878",",","O"
"19879","θεοῖς","O"
"19880","ἐπιείκελ","O"
"19881","Ἀχιλλεῦ","PERSON"
"19882",".","O"
"19883","καὶ","O"
"19884","οὔτε","O"
"19885","τοῦ","O"
"19886","παιδὸς","O"
"19887","μέμνηται","O"
"19888","οὔτε","O"
"19889","τῆς","O"
"19890","μητρός","O"
"19891",",","O"
"19892","ἀλλὰ","O"
"19893","τοῦ","O"
"19894","πατρὸς","O"
"19895","μόνου","O"
"19896",".","O"
"19897","τὴν","O"
"19898","πολλὴν","O"
"19899","γὰρ","O"
"19900","χορηγίαν","O"
"19901","παρέλιπεν","O"
"19902","τῇ","O"
"19903","χρείᾳ","O"
"19904","τοῦ","O"
"19905","παιδός","O"
"19906",".","O"
"19907","Οὐκοῦν","O"
"19908","ὑπολείπεται","O"
"19909","ἡμῖν","O"
"19910","ἐκεῖνος","O"
"19911","ὁ","O"
"19912","λόγος","O"
"19913",",","O"
"19914","ὅτι","O"
"19915","Ὅμηρὸς","PERSON"
"19916","ἐπενόησεν","O"
"19917","ἐσχηματισμένον","O"
"19918","λόγον","O"
"19919","δι","O"
"19920","εἰκόνος","O"
"19921",",","O"
"19922","ἵνα","O"
"19923","μηνύσῃ","O"
"19924","μὲν","O"
"19925","ὃ","O"
"19926","βούλεται","O"
"19927",",","O"
"19928","τὸ","O"
"19929","δὲ","O"
"19930","εὐπρεπὲς","O"
"19931","πρὸς","O"
"19932","τὴν","O"
"19933","ἐπιτίμησιν","O"
"19934",",","O"
"19935","ἀλλ","O"
"19936","εἰκόνι","O"
"19937","τὸν","O"
"19938","λόγον","O"
"19939","διαπεράνας","O"
"19940",".","O"
"19941","καὶ","O"
"19942","οἱ","O"
"19943","πολλοὶ","O"
"19944","ἀγνοοῦσιν","O"
"19945","τὴν","O"
"19946","εἰκόνα","O"
"19947",".","O"
"19948","ἔστι","O"
"19949","δὲ","O"
"19950","ἡ","O"
"19951","εἰκὼν","O"
"19952","ἐν","O"
"19953","Ὀδυσσέως","PERSON"
"19954","λόγῳ","O"
"19955",".","O"
"19956","ἐξάγει","O"
"19957","τοὺς","O"
"19958","Ἕλληνας","NORP"
"19959","ὁ","O"
"19960","Ἀχιλλεὺς","PERSON"
"19961","ὡρμημένος","O"
"19962","σφόδρα","O"
"19963","ἐπὶ","O"
"19964","τῷ","O"
"19965","Πατρόκλου","PERSON"
"19966","θανάτῳ","O"
"19967",".","O"
"19968","Ὀδυσσεὺς","PERSON"
"19969","ἀξιοῖ","O"
"19970","αὐτοὺς","O"
"19971","πρότερον","O"
"19972","φαγεῖν","O"
"19973","καὶ","O"
"19974","οὕτως","O"
"19975","ἐξελθεῖν","O"
"19976","·","O"
"19977","καὶ","O"
"19978","ἐπιτιμᾷ","O"
"19979","τῷ","O"
"19980","Ἀχιλλεῖ","PERSON"
"19981",",","O"
"19982","ὅτι","O"
"19983","προπετῶς","O"
"19984","ταῦτα","O"
"19985","βούλεται","O"
"19986","·","O"
"19987","καὶ","O"
"19988","λέγει","O"
"19989","τὴν","O"
"19990","ἀρχὴν","O"
"19991","τῆς","O"
"19992","παραινέσεως","O"
"19993","τὴν","O"
"19994","αἰτίαν","O"
"19995",",","O"
"19996","εἶτα","O"
"19997","τὴν","O"
"19998","παραίνεσιν","O"
"19999","ἀδιανοήτως","O"
"20000",".","O"
"20001","ἢ","O"
"20002","εἰπάτω","O"
"20003","τις","O"
"20004",",","O"
"20005","τί","O"
"20006","βούλεται","O"
"20007","τὸ","O"
"20008","κρείσσων","O"
"20009","εἰς","O"
"20010","ἐμέθεν","O"
"20011","καὶ","O"
"20012","φέρτερος","O"
"20013","οὐκ","O"
"20014","ὀλίγον","O"
"20015","περ","O"
"20016","ἔγχει","O"
"20017","·","O"
"20018","ἐγὼ","O"
"20019","δέ","O"
"20020","κε","O"
"20021","σεῖο","O"
"20022","νοήματί","O"
"20023","γε","O"
"20024","προβαλοίμην","O"
"20025","πολλόν","O"
"20026",",","O"
"20027","ἐπεὶ","O"
"20028","πρότερος","O"
"20029","γενόμην","O"
"20030","καὶ","O"
"20031","πλείονα","O"
"20032","οἶδα","O"
"20033",".","O"
"20034","ἤδη","O"
"20035","τὰ","O"
"20036","προοίμια","O"
"20037","τῆς","O"
"20038","ἐπιτιμήσεως","O"
"20039",",","O"
"20040","ὥςπερ","O"
"20041","καὶ","O"
"20042","τὸ","O"
"20043","μὴ","O"
"20044","δ","O"
"20045","οὕτως","O"
"20046","ἀγαθός","O"
"20047","περ","O"
"20048","ἐών","O"
"20049",",","O"
"20050","θεοείκελ","O"
"20051","Ἀχιλλεῦ","O"
"20052",",","O"
"20053","κλέπτε","O"
"20054","νόῳ","O"
"20055",",","O"
"20056","ἐπεὶ","O"
"20057","οὐ","O"
"20058","παρελεύσεαι","O"
"20059","οὐδέ","O"
"20060","με","O"
"20061","πείσεις","O"
"20062",".","O"
"20063","εἶτα","O"
"20064","εἰπν","O"
"20065","τῆς","O"
"20066","γνώμης","O"
"20067","τὴν","O"
"20068","ἀρχὴν","O"
"20069","ἐπάγει","O"
"20070","τῶ","O"
"20071","τοι","O"
"20072","ἐπιτλήτω","O"
"20073","κραδίη","O"
"20074","μύθοισιν","O"
"20075","ἐμοῖσιν","O"
"20076",".","O"
"20077","αἶψα","O"
"20078","τε","O"
"20079","φυλόπιδος","O"
"20080","πέλεται","O"
"20081","κόρος","O"
"20082","ἀνθρώποισιν","O"
"20083",",","O"
"20084","ἧς","O"
"20085","τε","O"
"20086","πλείστην","O"
"20087","μὲν","O"
"20088","καλάμην","O"
"20089","χθονὶ","O"
"20090","χαλκὸς","O"
"20091","ἔχευεν","O"
"20092",",","O"
"20093","ἄμητος","O"
"20094","δ","O"
"20095","ὀλίγιστος","O"
"20096",",","O"
"20097","ἐπὴν","O"
"20098","κλίνῃσι","O"
"20099","τάλαντα","O"
"20100","Ζεύς","GOD"
"20101",",","O"
"20102","ὅς","O"
"20103","τ","O"
"20104","ἀνθρώπων","O"
"20105","ταμίης","O"
"20106","πολέμοιο","O"
"20107","τέτυκται","O"
"20108",".","O"
"20109","καὶ","O"
"20110","ἡ","O"
"20111","εἰκὼν","O"
"20112","πέρας","O"
"20113","τῆς","O"
"20114","συμβουλῆς","O"
"20115",".","O"
"20116","εἰδέναι","O"
"20117","οὖν","O"
"20118","χρὴ","O"
"20119","ὅτι","O"
"20120","αὕτη","O"
"20121","ἡ","O"
"20122","εἰκὼν","O"
"20123","σοφία","O"
"20124","ἐστὶ","O"
"20125","τοῦ","O"
"20126","Ὀδυσσέως","PERSON"
"20127","τοῦ","O"
"20128","μηροῦ","O"
"20129",".","O"
"20130","ἐπιτίμησις","O"
"20131","γάρ","O"
"20132","ἐστι","O"
"20133","πικρὰ","O"
"20134","πρὸς","O"
"20135","τὸν","O"
"20136","Ἀχιλλέα","PERSON"
"20137","καὶ","O"
"20138","δι","O"
"20139","ἀπορρήτων","O"
"20140","λυπηρὰ","O"
"20141","παραίνεσις","O"
"20142",".","O"
"20143","διὰ","O"
"20144","τοῦτο","O"
"20145","καὶ","O"
"20146","τὸ","O"
"20147","προοίμιον","O"
"20148","αὐτῷ","O"
"20149","μακρόν","O"
"20150","ἐστι","O"
"20151","·","O"
"20152","κρείσσων","O"
"20153","εἰς","O"
"20154","ἐμέθεν","O"
"20155","καὶ","O"
"20156","φέρτερος","O"
"20157","οὐκ","O"
"20158","ὀλίγον","O"
"20159","περ","O"
"20160","ἔγχει","O"
"20161","·","O"
"20162","ἐγὼ","O"
"20163","δέ","O"
"20164","κε","O"
"20165","σεῖο","O"
"20166","νοήματί","O"
"20167","γε","O"
"20168","προβαλοίμην","O"
"20169","πολλόν","O"
"20170",",","O"
"20171","ἐπεὶ","O"
"20172","πρότερος","O"
"20173","γενόμην","O"
"20174","καὶ","O"
"20175","πλείονα","O"
"20176","οἶδα","O"
"20177",".","O"
"20178","αὐτὸ","O"
"20179","τὸ","O"
"20180","προοίμιον","O"
"20181","τοῦ","O"
"20182","σχήματός","O"
"20183","ἐστιν","O"
"20184","ἀρχή","O"
"20185","·","O"
"20186","μὴ","O"
"20187","πάνυ","O"
"20188","θάρρει","O"
"20189","τῇ","O"
"20190","ἀνθρεῖᾳ","O"
"20191","τῇ","O"
"20192","σαυτοῦ","O"
"20193","·","O"
"20194","εἰ","O"
"20195","δὲ","O"
"20196","μή","O"
"20197",",","O"
"20198","ἐλέγχεις","O"
"20199","αὐτὴν","O"
"20200","τὸ","O"
"20201","μηδὲν","O"
"20202","εἶναι","O"
"20203","·","O"
"20204","ἀλλ","O"
"20205","ἄκουε","O"
"20206","παρ","O"
"20207","ἀνδρὸς","O"
"20208","ἐμπείρου","O"
"20209","καὶ","O"
"20210","ἐπιστήμονος","O"
"20211","ἐκ","O"
"20212","πείρας","O"
"20213","πραγμάτων","O"
"20214",".","O"
"20215","τίς","O"
"20216","οὖν","O"
"20217","ἐστιν","O"
"20218","ἡ","O"
"20219","ἐπιτίμησις","O"
"20220","ἐκείνῳ","O"
"20221",";","O"
"20222","γαστέρι","O"
"20223","δ","O"
"20224","οὔ","O"
"20225","πως","O"
"20226","ἔστι","O"
"20227","νέκυν","O"
"20228","πενθῆσαι","O"
"20229","Ἀχαιούς","NORP"
"20230",".","O"
"20231","λίην","O"
"20232","γὰρ","O"
"20233","πολλοὶ","O"
"20234","καὶ","O"
"20235","ἐπήτριμοι","O"
"20236","ἤματα","O"
"20237","πάντα","O"
"20238","πίπτουσιν","O"
"20239","·","O"
"20240","πότε","O"
"20241","κέν","O"
"20242","τις","O"
"20243","ἀναπνεύσειε","O"
"20244","πόνοιο","O"
"20245",";","O"
"20246","ἀλλὰ","O"
"20247","χρὴ","O"
"20248","τὸν","O"
"20249","μὲν","O"
"20250","καταθάπτειν","O"
"20251",",","O"
"20252","ὅς","O"
"20253","κε","O"
"20254","θάνῃσιν","O"
"20255",",","O"
"20256","νηλέα","O"
"20257","θυμὸν","O"
"20258","ἔχοντας","O"
"20259",",","O"
"20260","ἐπ","O"
"20261","ἤματι","O"
"20262","δάκρυ","O"
"20263","χέοντας","O"
"20264",".","O"
"20265","ὅσσοι","O"
"20266","δ","O"
"20267","ἂν","O"
"20268","πολέμοιο","O"
"20269","περὶ","O"
"20270","στυγεροῖο","O"
"20271","λίπωνται","O"
"20272",",","O"
"20273","μεμνῆσθαι","O"
"20274","πόσιος","O"
"20275","καὶ","O"
"20276","ἐδητύος","O"
"20277",",","O"
"20278","ὄφρ","O"
"20279","ἔτι","O"
"20280","μᾶλλον","O"
"20281","ἀνδράσι","O"
"20282","δυσμενέεσσι","O"
"20283","μαχώμεθα","O"
"20284","νωλεμὲς","O"
"20285","αἰεὶ","O"
"20286","ἑσσάμενοι","O"
"20287","χροΐ","O"
"20288","χαλκὸν","O"
"20289","ἀτειρέα","O"
"20290","·","O"
"20291","μηδέ","O"
"20292","τις","O"
"20293","ἄλλην","O"
"20294","λαῶν","O"
"20295","ὀτρυντὺν","O"
"20296","προτιδέγμενος","O"
"20297","ἰσχαναάσθω","O"
"20298",".","O"
"20299","ἧδε","O"
"20300","γὰρ","O"
"20301","ὀτρυντὺς","O"
"20302","κακὸν","O"
"20303","ἔσσεται","O"
"20304",",","O"
"20305","ὅς","O"
"20306","κε","O"
"20307","λίπηται","O"
"20308","νηυσὶν","O"
"20309","ἐπ","O"
"20310","Ἀργείων","NORP"
"20311","·","O"
"20312","ἀλλ","O"
"20313","ἀθρόοι","O"
"20314","κοσμηθέντες","O"
"20315","Τρωσὶν","NORP"
"20316","ἐφ","O"
"20317","ἱπποδάμοισιν","O"
"20318","ἐγείρομεν","O"
"20319","ὀξὺν","O"
"20320","Ἄρηα","O"
"20321",".","O"
"20322","ὡςεὶ","O"
"20323","ἔλεγεν","O"
"20324","·","O"
"20325","πολλοὶ","O"
"20326","τεθνᾶσιν","O"
"20327","ἤδη","O"
"20328","διὰ","O"
"20329","σὲ","O"
"20330","μηνιῶντα","O"
"20331","·","O"
"20332","νῦν","O"
"20333","ἀπορρίψας","O"
"20334","τὴν","O"
"20335","μῆνιν","O"
"20336","ἀξιοῖς","O"
"20337","τῇ","O"
"20338","τοῦ","O"
"20339","θεοῦ","O"
"20340","προσθήκῃ","O"
"20341","ἐλπίδας","O"
"20342","τῆς","O"
"20343","νίκης","O"
"20344","ἔχειν","O"
"20345",".","O"
"20346","ἐὰν","O"
"20347","οὖν","O"
"20348","ἐξέλθωσι","O"
"20349","νήστεις","O"
"20350",",","O"
"20351","οὐδ","O"
"20352","ἂν","O"
"20353","ὁ","O"
"20354","Ζεὺς","GOD"
"20355","χαριζόμενός","O"
"20356","σοι","O"
"20357","βοηθῇ","O"
"20358","τοῖς","O"
"20359","Ἕλλησι","NORP"
"20360",",","O"
"20361","δυνήσονται","O"
"20362","διαρκέσαι","O"
"20363","νήστεις","O"
"20364","ὄντες","O"
"20365","πρὸς","O"
"20366","τὸ","O"
"20367","κρατῆσαι","O"
"20368",".","O"
"20369","ὥςτε","O"
"20370","μὴ","O"
"20371","φρόνει","O"
"20372","μέγα","O"
"20373","ἐπὶ","O"
"20374","τῇ","O"
"20375","προσθήκῃ","O"
"20376","τοῦ","O"
"20377","Διὸς","GOD"
"20378","καὶ","O"
"20379","προπετῶς","O"
"20380","στρατεύου","O"
"20381","·","O"
"20382","ἐλεγχθήσῃ","O"
"20383","γὰρ","O"
"20384","τῇ","O"
"20385","ἀσθενείᾳ","O"
"20386","τῶν","O"
"20387","στρατιωτῶν","O"
"20388","·","O"
"20389","αἶψα","O"
"20390","τε","O"
"20391","φυλόπιδος","O"
"20392","πέλεται","O"
"20393","κόρος","O"
"20394","ἀνθρώποισιν","O"
"20395",".","O"
"20396","ἄμητος","O"
"20397","δ","O"
"20398","ὀλίγιστος","O"
"20399",",","O"
"20400","ἐπὴν","O"
"20401","κλίνῃσι","O"
"20402","τάλαντα","O"
"20403","Ζεύς","GOD"
"20404",",","O"
"20405","ὅς","O"
"20406","τ","O"
"20407","ἀνθρώπων","O"
"20408","ταμίης","O"
"20409","πολέμοιο","O"
"20410","τέτυκται","O"
"20411",".","O"
"20412","τί","O"
"20413","γὰρ","O"
"20414","τοῦ","O"
"20415","Διὸς","GOD"
"20416","ἡ","O"
"20417","μνήμη","O"
"20418","ἐνταῦθα","O"
"20419",";","O"
"20420","συμβήσεται","O"
"20421","οὖν","O"
"20422","οὐ","O"
"20423","πολλὴν","O"
"20424","γενέσθαι","O"
"20425","ἡμῖν","O"
"20426","ὠφέλειαν","O"
"20427","ἐκ","O"
"20428","τῆς","O"
"20429","παρὰ","O"
"20430","σοῦ","O"
"20431","προτροπῆς","O"
"20432","διὰ","O"
"20433","τὸν","O"
"20434","Δία","GOD"
"20435",",","O"
"20436","ἂν","O"
"20437","ἀσθενεῖς","O"
"20438","ὄντες","O"
"20439","στρατευσώμεθα","O"
"20440","·","O"
"20441","ὥςτε","O"
"20442","ἐλεγχθήσεταί","O"
"20443","σου","O"
"20444","ἡ","O"
"20445","ἀνδρεία","O"
"20446","ἡ","O"
"20447","θαυμαστὴ","O"
"20448","ὑπὸ","O"
"20449","τῆς","O"
"20450","προπετείας","O"
"20451",".","O"
"20452","ἐπειδὴ","O"
"20453","τοίνυν","O"
"20454","ταῦτα","O"
"20455","πικρά","O"
"20456","ἐστιν","O"
"20457","καὶ","O"
"20458","ἐπιτίμησιν","O"
"20459","ἔχει","O"
"20460",",","O"
"20461","εἰκόνος","O"
"20462","παρεμβολῇ","O"
"20463","τὸ","O"
"20464","πικρὸν","O"
"20465","τῆς","O"
"20466","ἐπιτιμήσεως","O"
"20467","ἀσφαλὲς","O"
"20468","ἐποίησεν","O"
"20469",".","O"
"20470","Περὶ","O"
"20471","τῶν","O"
"20472","μελέταις","O"
"20473","πλημμελουμένων","O"
"20474","Τάδε","O"
"20475","πλημμελούμενα","O"
"20476","ἐν","O"
"20477","ταῖς","O"
"20478","μελέταις","O"
"20479","·","O"
"20480","οἳ","O"
"20481","μὲν","O"
"20482","ἠθῶν","O"
"20483","ἀμοίρους","O"
"20484","τοὺς","O"
"20485","λόγους","O"
"20486","ποιοῦνται","O"
"20487","οἰόμενοι","O"
"20488","τοῦ","O"
"20489","πράγματος","O"
"20490","εἶναι","O"
"20491","τὸν","O"
"20492","ἀγῶνα","O"
"20493",",","O"
"20494","τὸ","O"
"20495","δὲ","O"
"20496","ἦθος","O"
"20497","ἐν","O"
"20498","παρέργῳ","O"
"20499","τιθέ","O"
"20500","μένοι","O"
"20501","·","O"
"20502","οἳ","O"
"20503","δὲ","O"
"20504","περὶ","O"
"20505","τὴν","O"
"20506","κρᾶσιν","O"
"20507","τῶν","O"
"20508","ἠθῶν","O"
"20509","οὐ","O"
"20510","σπουδαίως","O"
"20511","ἔχουσιν","O"
"20512",",","O"
"20513","ἀλλ","O"
"20514","ἂν","O"
"20515","μὲν","O"
"20516","ἀπλοῦν","O"
"20517","ᾖ","O"
"20518","τὸ","O"
"20519","ἦθος","O"
"20520","καὶ","O"
"20521","παντί","O"
"20522","τῳ","O"
"20523","ἰδεῖν","O"
"20524","ἐκκείμενον","O"
"20525",",","O"
"20526","ἰδόντες","O"
"20527","καὶ","O"
"20528","προσπεσόντες","O"
"20529","χρῶνται","O"
"20530","τῷ","O"
"20531","ἦθει","O"
"20532","·","O"
"20533","ἂν","O"
"20534","δὲ","O"
"20535","διπλοῦν","O"
"20536","ᾖ","O"
"20537","ἢ","O"
"20538","τριπλοῦν","O"
"20539","καὶ","O"
"20540","ποικιλώτερον","O"
"20541",",","O"
"20542","οὔτε","O"
"20543","τὰς","O"
"20544","διαιρέσεις","O"
"20545","τῶν","O"
"20546","ἠθῶν","O"
"20547","ζητοῦσιν","O"
"20548","οὔτε","O"
"20549","περὶ","O"
"20550","τὴν","O"
"20551","κρᾶσιν","O"
"20552","αὐτῶν","O"
"20553","πραγματεύονται","O"
"20554","·","O"
"20555","ὅθεν","O"
"20556","αὐτοῖς","O"
"20557","οὐδὲ","O"
"20558","ἀγωνίζεσθαι","O"
"20559","τοῖς","O"
"20560","ἤθεσιν","O"
"20561","συμβαίνει","O"
"20562",",","O"
"20563","ἀλλ","O"
"20564","ὁ","O"
"20565","τοῦ","O"
"20566","ἤθους","O"
"20567","ἀγὼν","O"
"20568","ὑπάρχει","O"
"20569","τὰ","O"
"20570","καλούμενα","O"
"20571","ἐπιφωνήματα","O"
"20572",",","O"
"20573","προστυχοῦσαί","O"
"20574","τινες","O"
"20575","αὐτόματοι","O"
"20576","φωναὶ","O"
"20577","ἠθικαί","O"
"20578",".","O"
"20579","παρ","O"
"20580","ὃ","O"
"20581","καὶ","O"
"20582","τὸν","O"
"20583","ἔπαινον","O"
"20584","καρποῦνται","O"
"20585","γυμνὰ","O"
"20586","τὰ","O"
"20587","ἤθη","O"
"20588","φθεγγόμενοι","O"
"20589",",","O"
"20590","δέον","O"
"20591","καθόλου","O"
"20592","τούτοις","O"
"20593","διαγωνίζεσθαι","O"
"20594",",","O"
"20595","ὥςπερ","O"
"20596","σώματι","O"
"20597","ψυχὴν","O"
"20598","συμπλέκοντας","O"
"20599","τὰ","O"
"20600","ἤθη","O"
"20601","τοῖς","O"
"20602","πράγμασιν","O"
"20603",".","O"
"20604","ἔτι","O"
"20605","τε","O"
"20606","οὐχ","O"
"20607","ὑποτείνουσι","O"
"20608","τὸ","O"
"20609","ἓν","O"
"20610","μέγα","O"
"20611","ἦθος","O"
"20612","ἔστι","O"
"20613","δὲ","O"
"20614","τοῦτο","O"
"20615","τὸ","O"
"20616","ἐκ","O"
"20617","φιλοσοφίας","O"
"20618",",","O"
"20619","οὗ","O"
"20620","τὰ","O"
"20621","ἄλλα","O"
"20622","πάντα","O"
"20623","τὰ","O"
"20624","κατὰ","O"
"20625","μέρος","O"
"20626","ἐξήρτηται","O"
"20627","πρόσφορα","O"
"20628","τοῖς","O"
"20629","ἑκάστοτε","O"
"20630","ὑποκειμένοις","O"
"20631","προσώποις","O"
"20632","·","O"
"20633","παρ","O"
"20634","ὃ","O"
"20635","καὶ","O"
"20636","μικρότεροι","O"
"20637","ἐν","O"
"20638","ταῖς","O"
"20639","τῶν","O"
"20640","ἠθῶν","O"
"20641","χρείαις","O"
"20642","εἰσίν","O"
"20643",",","O"
"20644","ὁπόταν","O"
"20645","καὶ","O"
"20646","τὰ","O"
"20647","ἤθη","O"
"20648","μεταχειρίζωνται","O"
"20649",",","O"
"20650","οὐδαμοῦ","O"
"20651","τὸ","O"
"20652","μεγαλοπρεπὲς","O"
"20653","διασῴζοντες","O"
"20654",",","O"
"20655","δέον","O"
"20656","τοῦτο","O"
"20657","φυλάττειν","O"
"20658","πανταχοῦ","O"
"20659",".","O"
"20660","ὥςπερ","O"
"20661","γὰρ","O"
"20662","ἐν","O"
"20663","ψυχῇ","O"
"20664","δεῖ","O"
"20665","τὸν","O"
"20666","λογισμὸν","O"
"20667","κρατεῖν","O"
"20668",",","O"
"20669","θυμὸν","O"
"20670","δὲ","O"
"20671","καὶ","O"
"20672","ἐπιθυμίαν","O"
"20673","τούτῳ","O"
"20674","ὑπακούειν","O"
"20675",",","O"
"20676","καὶ","O"
"20677","ὅσα","O"
"20678","γε","O"
"20679","θυμῷ","O"
"20680","πράττομεν","O"
"20681",",","O"
"20682","μετὰ","O"
"20683","λογισμοῦ","O"
"20684","θυμοῦσθαι","O"
"20685",",","O"
"20686","ὅσα","O"
"20687","δὲ","O"
"20688","ἐπιθυμίαις","O"
"20689","χαριζόμεθα","O"
"20690",",","O"
"20691","μὴ","O"
"20692","ἄγαν","O"
"20693","ἀλογίστως","O"
"20694","χαρίζεσθαι","O"
"20695","·","O"
"20696","οὕτω","O"
"20697","δὲ","O"
"20698","δεῖ","O"
"20699","κ","O"
"20700","ἀν","O"
"20701","τῷ","O"
"20702","λόγῳ","O"
"20703","ἓν","O"
"20704","μὲν","O"
"20705","ἦθος","O"
"20706","ἐκεῖνο","O"
"20707","τὸ","O"
"20708","μέγιστον","O"
"20709","τὸ","O"
"20710","ἐκ","O"
"20711","φιλοσοφίας","O"
"20712","ὥςπερ","O"
"20713","λογισμὸν","O"
"20714","ὑποκεῖσθαι","O"
"20715","τῷ","O"
"20716","λόγῳ","O"
"20717",",","O"
"20718","τὰ","O"
"20719","δὲ","O"
"20720","ἄλλα","O"
"20721","ἐπάγειν","O"
"20722",",","O"
"20723","τὰ","O"
"20724","θυμικὰ","O"
"20725","λέγω","O"
"20726","καὶ","O"
"20727","τὰ","O"
"20728","οἰκτρὰ","O"
"20729","καὶ","O"
"20730","τὰ","O"
"20731","ἀστεῖα","O"
"20732","καὶ","O"
"20733","τὰ","O"
"20734","πικρὰ","O"
"20735","καὶ","O"
"20736","τὰ","O"
"20737","ἐπίφθονα","O"
"20738",",","O"
"20739","πάντα","O"
"20740","ταῦτα","O"
"20741","ἐκείνου","O"
"20742","ἐξηρτημένα","O"
"20743","καὶ","O"
"20744","ἀλλήλοις","O"
"20745","συγκε","O"
"20746","κραμένα","O"
"20747","κατὰ","O"
"20748","τὸν","O"
"20749","τῆς","O"
"20750","χρείας","O"
"20751","λόγον","O"
"20752",".","O"
"20753","Τοῦτο","O"
"20754","τὸ","O"
"20755","ἦθος","O"
"20756","Πλάτων","PERSON"
"20757","ὑποθέμενος","O"
"20758","καὶ","O"
"20759","τὰ","O"
"20760","τῶν","O"
"20761","σοφιστῶν","O"
"20762","καὶ","O"
"20763","τὰ","O"
"20764","τῶν","O"
"20765","πολιτικῶν","O"
"20766","καὶ","O"
"20767","τὰ","O"
"20768","τῶν","O"
"20769","δημιουργῶν","O"
"20770",",","O"
"20771","καὶ","O"
"20772","τὰ","O"
"20773","τῶν","O"
"20774","μειρακίων","O"
"20775","καὶ","O"
"20776","τὰ","O"
"20777","τῶν","O"
"20778","ἀνδρῶν","O"
"20779","καὶ","O"
"20780","τὰ","O"
"20781","τῶν","O"
"20782","πρεσβυτέρων","O"
"20783",",","O"
"20784","καὶ","O"
"20785","τὰ","O"
"20786","τῶν","O"
"20787","γυναικῶν","O"
"20788",",","O"
"20789","καὶ","O"
"20790","τὰ","O"
"20791","τῶν","O"
"20792","δούλων","O"
"20793","καὶ","O"
"20794","τὰ","O"
"20795","ἐλευθέρων","O"
"20796","ἤθη","O"
"20797","κατὰ","O"
"20798","λόγον","O"
"20799","τούτῳ","O"
"20800","συνέπλεξεν","O"
"20801",".","O"
"20802","τοῦτο","O"
"20803","καὶ","O"
"20804","Δημοσθένης","PERSON"
"20805","ὑποθέμενος","O"
"20806","δι","O"
"20807","ὅλου","O"
"20808","μεγαλοπρεπής","O"
"20809","ἐστιν","O"
"20810","ἐν","O"
"20811","τοῖς","O"
"20812","λόγοις","O"
"20813",",","O"
"20814","ὁμοίως","O"
"20815","ἔν","O"
"20816","τε","O"
"20817","τοῖς","O"
"20818","συμβουλευτικοῖς","O"
"20819","τὸ","O"
"20820","τοῦ","O"
"20821","πολιτικοῦ","O"
"20822","ἦθος","O"
"20823","ὑποθέμενος","O"
"20824","καὶ","O"
"20825","τὸ","O"
"20826","τοῦ","O"
"20827","κολακεύοντος","O"
"20828","τούτῳ","O"
"20829","συμπλέκων","O"
"20830","καὶ","O"
"20831","ἐν","O"
"20832","τοῖς","O"
"20833","δικανικοῖς","O"
"20834",".","O"
"20835","καὶ","O"
"20836","διαφέρων","O"
"20837","τὴν","O"
"20838","δόξαν","O"
"20839","τοῦ","O"
"20840","συναγορεύοντος","O"
"20841",",","O"
"20842","ἐν","O"
"20843","οἷς","O"
"20844","πραχθῆναι","O"
"20845","συναγωνίζεται","O"
"20846",",","O"
"20847","κατὰ","O"
"20848","μίμησιν","O"
"20849","τὴν","O"
"20850","Πλάτωνος","PERSON"
"20851",".","O"
"20852","καὶ","O"
"20853","γὰρ","O"
"20854","ἐκεῖνος","O"
"20855","τὰ","O"
"20856","δόγματα","O"
"20857","οὐκ","O"
"20858","αὐτὸς","O"
"20859","ἀποφαίνεται","O"
"20860",",","O"
"20861","εἶτα","O"
"20862","περὶ","O"
"20863","αὐτῶν","O"
"20864","διαγωνίζεται","O"
"20865","·","O"
"20866","ἀλλὰ","O"
"20867","ἐν","O"
"20868","μέσῳ","O"
"20869","τὴν","O"
"20870","ζήτησιν","O"
"20871","ποιούμενος","O"
"20872","πρὸς","O"
"20873","τοὺς","O"
"20874","διαλεγομένους","O"
"20875","εὑρίσκων","O"
"20876","μᾶλλον","O"
"20877","τὸ","O"
"20878","δέον","O"
"20879","δόγμα","O"
"20880","ἢ","O"
"20881","φιλονεικῶν","O"
"20882","ὑπὲρ","O"
"20883","αὐτοῦ","O"
"20884","φαίνεται","O"
"20885",",","O"
"20886","πλὴν","O"
"20887","ὅσα","O"
"20888","περὶ","O"
"20889","τῶν","O"
"20890","κρειττόνων","O"
"20891","ἢ","O"
"20892","καθ","O"
"20893","ἡμᾶς","O"
"20894","διαλέγεται","O"
"20895",".","O"
"20896","τοῦτο","O"
"20897","καὶ","O"
"20898","Ὅμηρος","PERSON"
"20899","πανταχῇ","O"
"20900","τηρῶν","O"
"20901","καὶ","O"
"20902","πάντα","O"
"20903","ἤθη","O"
"20904","καὶ","O"
"20905","πάσας","O"
"20906","φαντασίας","O"
"20907","ἀπὸ","O"
"20908","τοῦ","O"
"20909","ἴσου","O"
"20910","ὑμνῶν","O"
"20911","καὶ","O"
"20912","τῇ","O"
"20913","τοιαύτῃ","O"
"20914","τέχνῃ","O"
"20915","μεταχειριζόμενος","O"
"20916","πρὸς","O"
"20917","τὰς","O"
"20918","διαφορὰς","O"
"20919","τῶν","O"
"20920","ὑποκειμένων","O"
"20921","προσώπων","O"
"20922","ποιεῖται","O"
"20923","τὴν","O"
"20924","διάκρισιν","O"
"20925",".","O"
"20926","Ταῦτα","O"
"20927","μὲν","O"
"20928","ἐν","O"
"20929","ἤθει","O"
"20930","πλημμελοῦμεν","O"
"20931",",","O"
"20932","οἳ","O"
"20933","μὲν","O"
"20934","τὸ","O"
"20935","μηδὲ","O"
"20936","ὅλως","O"
"20937","ζητεῖν","O"
"20938",",","O"
"20939","οἳ","O"
"20940","δὲ","O"
"20941","τὸ","O"
"20942","μὴ","O"
"20943","πάντα","O"
"20944","εὑρίσκειν","O"
"20945",",","O"
"20946","οἳ","O"
"20947","δὲ","O"
"20948","τὸ","O"
"20949","μὴ","O"
"20950","περὶ","O"
"20951","τὴν","O"
"20952","κρᾶσιν","O"
"20953","πραγματεύεσθαι","O"
"20954",",","O"
"20955","οἱ","O"
"20956","δὲ","O"
"20957","πλεῖστοι","O"
"20958","καὶ","O"
"20959","σχεδὸν","O"
"20960","ἅπαντες","O"
"20961","καὶ","O"
"20962","τὸ","O"
"20963","μὴ","O"
"20964","τὸ","O"
"20965","πρῶτον","O"
"20966","καὶ","O"
"20967","μέγιστον","O"
"20968","ἦθος","O"
"20969","ὑφίστασθαι","O"
"20970","καὶ","O"
"20971","τὰ","O"
"20972","ἄλλα","O"
"20973","ἀκολούθως","O"
"20974","τούτῳ","O"
"20975","ἐπάγειν","O"
"20976",".","O"
"20977","Περὶ","O"
"20978","δὲ","O"
"20979","γνώμην","O"
"20980","πρῶτον","O"
"20981","τὰ","O"
"20982","μέτρα","O"
"20983","οὐχ","O"
"20984","ὁρῶμεν","O"
"20985",",","O"
"20986","ἀλλ","O"
"20987","οἳ","O"
"20988","μὲν","O"
"20989","πάντα","O"
"20990","διὰ","O"
"20991","βραχέων","O"
"20992","ἐπιτρέχουσι","O"
"20993","δείξαντες","O"
"20994","ἕκαστα","O"
"20995","τῶν","O"
"20996","ζητουμένων","O"
"20997","καὶ","O"
"20998","παρελθόντες","O"
"20999",",","O"
"21000","συντομίαν","O"
"21001","τινὰ","O"
"21002","τοῦτο","O"
"21003","νομίζοντες","O"
"21004",",","O"
"21005","τὴν","O"
"21006","ἀπόλειψιν","O"
"21007","τῆς","O"
"21008","τῶν","O"
"21009","πραγμάτων","O"
"21010","θεωρίας","O"
"21011","·","O"
"21012","οἳ","O"
"21013","δὲ","O"
"21014","ὅπως","O"
"21015","πλεῖστα","O"
"21016","εἰς","O"
"21017","ἕκαστον","O"
"21018","τῶν","O"
"21019","ὑποκειμένων","O"
"21020","ζητημάτων","O"
"21021","ἐροῦσι","O"
"21022",",","O"
"21023","σκοποῦνται","O"
"21024","οὐκ","O"
"21025","εἰδότες","O"
"21026",",","O"
"21027","ὅτι","O"
"21028","τὰ","O"
"21029","μὲν","O"
"21030","φύσει","O"
"21031","ὁμολογούμενα","O"
"21032","καὶ","O"
"21033","τὰ","O"
"21034","τοῖς","O"
"21035","ἤθεσι","O"
"21036","διεγνωσμένα","O"
"21037","καὶ","O"
"21038","τὰ","O"
"21039","ἔθεσι","O"
"21040","κεκριμένα","O"
"21041","βραχείᾳ","O"
"21042","ἀποφάσει","O"
"21043","τὴν","O"
"21044","ἰσχὺν","O"
"21045","ἔχει","O"
"21046",",","O"
"21047","ἐὰν","O"
"21048","δέ","O"
"21049","τις","O"
"21050","μηκύνῃ","O"
"21051",",","O"
"21052","ψυχρότερα","O"
"21053","καὶ","O"
"21054","ἀσθενέστερα","O"
"21055","αὐτὰ","O"
"21056","ἐξεργάζεται","O"
"21057","·","O"
"21058","περὶ","O"
"21059","δὲ","O"
"21060","τὰς","O"
"21061","τῶν","O"
"21062","νόμων","O"
"21063","ἐξετάσεις","O"
"21064","καὶ","O"
"21065","τὰς","O"
"21066","τούτων","O"
"21067","ἀποδείξεις","O"
"21068","ἡ","O"
"21069","πολλὴ","O"
"21070","πραγματεία","O"
"21071","ἀναγκαία","O"
"21072","τῷ","O"
"21073","ῥήτορι","O"
"21074",".","O"
"21075","ἔτι","O"
"21076","τε","O"
"21077","πολλάκις","O"
"21078","ἀγνοοῦμεν","O"
"21079","ἅ","O"
"21080","τε","O"
"21081","βραχέως","O"
"21082","δεῖ","O"
"21083","λέγειν","O"
"21084","καὶ","O"
"21085","οἷς","O"
"21086","δεῖ","O"
"21087","μῆκος","O"
"21088","περιτιθέναι","O"
"21089",".","O"
"21090","καίτοι","O"
"21091","βραχὺς","O"
"21092","ὁ","O"
"21093","περὶ","O"
"21094","τούτων","O"
"21095","λόγος","O"
"21096",",","O"
"21097","ὡς","O"
"21098","τὰ","O"
"21099","ἰσχυρότατα","O"
"21100","βραχύτατα","O"
"21101","λεκτέον","O"
"21102",",","O"
"21103","τὰ","O"
"21104","δὲ","O"
"21105","ἀσθενέστατά","O"
"21106","ἐστι","O"
"21107","καὶ","O"
"21108","τὰ","O"
"21109","ἀγχώμαλα","O"
"21110","τὰ","O"
"21111","τῆς","O"
"21112","βοηθείας","O"
"21113","τοῦ","O"
"21114","ῥήτορος","O"
"21115","εἰς","O"
"21116","ῥοπὴν","O"
"21117","δεόμενα","O"
"21118",".","O"
"21119","ὅλως","O"
"21120","δὲ","O"
"21121","οὔτε","O"
"21122","βραχέα","O"
"21123","οὔτε","O"
"21124","πολλὰ","O"
"21125","δεῖ","O"
"21126","ζητεῖν","O"
"21127","λέγειν","O"
"21128",",","O"
"21129","ἀλλὰ","O"
"21130","σύμμετρα","O"
"21131","πανταχοῦ","O"
"21132",",","O"
"21133","ζητοῦντας","O"
"21134","πρὸς","O"
"21135","τῇ","O"
"21136","συμμετρίᾳ","O"
"21137","πανταχοῦ","O"
"21138","καὶ","O"
"21139","τὴν","O"
"21140","ἀσφάλειαν","O"
"21141","·","O"
"21142","ἐπιθυμίᾳ","O"
"21143","δὲ","O"
"21144","τοῦ","O"
"21145","πολλὰ","O"
"21146","δοκεῖν","O"
"21147","εὑρίσκειν","O"
"21148","καὶ","O"
"21149","λέγειν","O"
"21150","πολλὰ","O"
"21151","ἐν","O"
"21152","τοῖς","O"
"21153","λόγοις","O"
"21154","λυμαινόμεθα","O"
"21155",".","O"
"21156","ταῦτα","O"
"21157","μὲν","O"
"21158","καὶ","O"
"21159","περὶ","O"
"21160","τὴν","O"
"21161","γνώμην","O"
"21162","ἁμαρτάνομεν","O"
"21163",".","O"
"21164","Ἀτεχνία","O"
"21165","δὲ","O"
"21166","ἐν","O"
"21167","μελέταις","O"
"21168","αὕτη","O"
"21169","·","O"
"21170","πρώτη","O"
"21171","μὲν","O"
"21172","γυμνὴ","O"
"21173","τῶν","O"
"21174","κεφαλαίων","O"
"21175","πρότασις","O"
"21176","πανταχοῦ","O"
"21177","τῷ","O"
"21178","μὴ","O"
"21179","ἐπίστασθαι","O"
"21180","μήτε","O"
"21181","προδιοικεῖσθαι","O"
"21182",",","O"
"21183","ὃ","O"
"21184","πέρ","O"
"21185","ἐστι","O"
"21186","προσυστῆσαι","O"
"21187","ἢ","O"
"21188","προ","O"
"21189","διαβαλεῖν","O"
"21190",",","O"
"21191","μήτε","O"
"21192","τὰς","O"
"21193","τῶν","O"
"21194","προτάσεων","O"
"21195","μεθόδους","O"
"21196","·","O"
"21197","αἳ","O"
"21198","ἐπὶ","O"
"21199","τριῶν","O"
"21200","σχημάτων","O"
"21201","ἀγωνίζονται","O"
"21202","·","O"
"21203","ἢ","O"
"21204","ὡς","O"
"21205","εἰδότος","O"
"21206","τοῦ","O"
"21207","λέγοντος","O"
"21208","τὰ","O"
"21209","μέλλοντα","O"
"21210","λεχθήσεσθαι","O"
"21211","ὑπὸ","O"
"21212","τοῦ","O"
"21213","ἀντιδίκου","O"
"21214","·","O"
"21215","οἶδ","O"
"21216","τοίνυν","O"
"21217",",","O"
"21218","ὅτι","O"
"21219","ἐρεῖ","O"
"21220","καὶ","O"
"21221","ἀλλὰ","O"
"21222","νὴ","O"
"21223","Δία","GOD"
"21224","ἐρεῖ","O"
"21225","·","O"
"21226","ἢ","O"
"21227","ὡς","O"
"21228","πυθομένου","O"
"21229","·","O"
"21230","πέπυσμαι","O"
"21231","τοίνυν","O"
"21232","αὐτὸν","O"
"21233","ἐρεῖν","O"
"21234",",","O"
"21235","ἀπήγγειλεν","O"
"21236","τοίνυν","O"
"21237","τίς","O"
"21238","μοι","O"
"21239","·","O"
"21240","ἢ","O"
"21241","ὡς","O"
"21242","στοχαζομένου","O"
"21243",".","O"
"21244","ὧν","O"
"21245","ἑκάστη","O"
"21246","τῶν","O"
"21247","προτάσεων","O"
"21248","κατὰ","O"
"21249","λόγον","O"
"21250","τέχνης","O"
"21251","προτείνεται","O"
"21252",".","O"
"21253","ὁ","O"
"21254","δὲ","O"
"21255","λόγος","O"
"21256","τῆς","O"
"21257","τέχνης","O"
"21258","οὗτος","O"
"21259","·","O"
"21260","περὶ","O"
"21261","ὧν","O"
"21262","θαρροῦμεν","O"
"21263","λύσειν","O"
"21264",",","O"
"21265","ἐροῦμεν","O"
"21266","εἰδέναι","O"
"21267","ἐροῦντα","O"
"21268","τὸν","O"
"21269","ἀντίδικον","O"
"21270","·","O"
"21271","περὶ","O"
"21272","ὧν","O"
"21273","ἀμφιβόλως","O"
"21274","ἔχομεν","O"
"21275","καὶ","O"
"21276","μέσως","O"
"21277",",","O"
"21278","εἰκάζειν","O"
"21279","προσποιησόμεθα","O"
"21280","·","O"
"21281","ἃ","O"
"21282","δὲ","O"
"21283","ἰσχυρὰ","O"
"21284","ὄντα","O"
"21285","τῷ","O"
"21286","ἀντιδίκῳ","O"
"21287","ἴσμεν","O"
"21288",",","O"
"21289","ταῦτα","O"
"21290","ἀκηκοέναι","O"
"21291","φήσομεν","O"
"21292",",","O"
"21293","ἵνα","O"
"21294","μὴ","O"
"21295","δοκῶμεν","O"
"21296","συνειδέναι","O"
"21297","τὰ","O"
"21298","ἰσχυρὰ","O"
"21299","τοῖς","O"
"21300","ἐναντίοις","O"
"21301",".","O"
"21302","Μία","O"
"21303","τοίνυν","O"
"21304","αὕτη","O"
"21305","ἀτεχνία","O"
"21306",",","O"
"21307","ὅπερ","O"
"21308","ἔφην","O"
"21309",",","O"
"21310","ἡ","O"
"21311","τῶν","O"
"21312","προτάσεων","O"
"21313","γυμνότης","O"
"21314",",","O"
"21315","ἣν","O"
"21316","καὶ","O"
"21317","τέχνην","O"
"21318","τινὲς","O"
"21319","διαιρέσεως","O"
"21320","νομίζουσιν","O"
"21321",".","O"
"21322","ἑτέρα","O"
"21323","δὲ","O"
"21324","ἡ","O"
"21325","δοκοῦσα","O"
"21326","παρὰ","O"
"21327","τοῖς","O"
"21328","πολλοῖς","O"
"21329","τῆς","O"
"21330","τάξεως","O"
"21331","ἀκολουθία","O"
"21332",",","O"
"21333","τὸ","O"
"21334","καθ","O"
"21335","ὅλον","O"
"21336","τοῦ","O"
"21337","προβλήματος","O"
"21338","τὴν","O"
"21339","τάξιν","O"
"21340","διδόναι","O"
"21341","τοῖς","O"
"21342","καλουμένοις","O"
"21343","κεφαλαίοις","O"
"21344","·","O"
"21345","ἀλλὰ","O"
"21346","δεῖ","O"
"21347","κατὰ","O"
"21348","τὴν","O"
"21349","χρείαν","O"
"21350","τοῦ","O"
"21351","ἀγῶνος","O"
"21352","διακοσμεῖν","O"
"21353","τὰς","O"
"21354","πίστεις","O"
"21355",",","O"
"21356","ἔνια","O"
"21357","καὶ","O"
"21358","μετατιθέντα","O"
"21359",",","O"
"21360","καὶ","O"
"21361","τάξαι","O"
"21362","τὸ","O"
"21363","συμφέρον","O"
"21364","ἡγούμενον","O"
"21365",",","O"
"21366","ἀλλὰ","O"
"21367","μὴ","O"
"21368","ὥςπερ","O"
"21369","στοιχείοις","O"
"21370","χρῆσθαι","O"
"21371","τοῖς","O"
"21372","κεφαλαίοις","O"
"21373","κατὰ","O"
"21374","τὴν","O"
"21375","τάξιν","O"
"21376","ἀπὸ","O"
"21377","τοῦ","O"
"21378","ᾱ","O"
"21379","ἕως","O"
"21380","̄","O"
"21381",",","O"
"21382","καθάπερ","O"
"21383","γραμματικὸν","O"
"21384","ἄνδρα","O"
"21385",",","O"
"21386","ἀλλὰ","O"
"21387","πρὸς","O"
"21388","τὴν","O"
"21389","χρείαν","O"
"21390","τῶν","O"
"21391","ἀγώνων","O"
"21392",",","O"
"21393","ὥςπερ","O"
"21394","τὰ","O"
"21395","γράμματα","O"
"21396","πρὸς","O"
"21397","τὰ","O"
"21398","ὀνόματα","O"
"21399",",","O"
"21400","οὕτω","O"
"21401","καὶ","O"
"21402","τὰ","O"
"21403","κεφάλαια","O"
"21404","πρὸς","O"
"21405","τὰ","O"
"21406","πράγματα","O"
"21407","διακοσμεῖν","O"
"21408",".","O"
"21409","ἕτερον","O"
"21410","ἐκεῖνο","O"
"21411","τὸ","O"
"21412","μηδαμοῦ","O"
"21413","συμπλέκειν","O"
"21414","τοῖς","O"
"21415","ἀσθενέσι","O"
"21416","τὰ","O"
"21417","ἰσχυρά","O"
"21418",",","O"
"21419","ἵνα","O"
"21420","τῇ","O"
"21421","τούτων","O"
"21422","ἰσχύι","O"
"21423","ἐκεῖνα","O"
"21424","ἐπικρύπτηται","O"
"21425",".","O"
"21426","ἔτι","O"
"21427","κἀκεῖνο","O"
"21428","τὸ","O"
"21429","μηδαμοῦ","O"
"21430","τῶν","O"
"21431","λόγων","O"
"21432","ἐκβολὴν","O"
"21433","ποεῖσθαι","O"
"21434","μηδεμίαν","O"
"21435",",","O"
"21436","καιροὺς","O"
"21437","ὑπερβαίνοντα","O"
"21438",",","O"
"21439","εἶτα","O"
"21440","πάλιν","O"
"21441","ἐπανιόντα","O"
"21442",".","O"
"21443","ὅ","O"
"21444","περ","O"
"21445","ποιοῦσιν","O"
"21446","οἱ","O"
"21447","παλαιοί","O"
"21448","·","O"
"21449","ἐν","O"
"21450","ἑτέρων","O"
"21451","καιρῶν","O"
"21452","ἀγῶσιν","O"
"21453","ἑτέρων","O"
"21454","μνήμας","O"
"21455","ποιοῦνται","O"
"21456",",","O"
"21457","τεχνικῶς","O"
"21458","προδιοικούμενοι","O"
"21459","τὴν","O"
"21460","τῶν","O"
"21461","μελλόντων","O"
"21462","λεχθήσεσθαι","O"
"21463","πίστιν","O"
"21464","καὶ","O"
"21465","τὰ","O"
"21466","παρόντα","O"
"21467","ὁμοῦ","O"
"21468","ταῖς","O"
"21469","ἐκείνων","O"
"21470","συμπλέκοντες","O"
"21471","πίστεσιν","O"
"21472",".","O"
"21473","ἔτι","O"
"21474","κἀκεῖνο","O"
"21475","ἁμάρτημα","O"
"21476","τὸ","O"
"21477","μηδὲν","O"
"21478","προδιοικεῖσθαι","O"
"21479","μηδὲ","O"
"21480","πρότερον","O"
"21481","ἀποδεικνύναι","O"
"21482",",","O"
"21483","εἶτα","O"
"21484","ἐπιφέρειν","O"
"21485","·","O"
"21486","ὅ","O"
"21487","περ","O"
"21488","ποιοῦσιν","O"
"21489","οἱ","O"
"21490","παλαιοὶ","O"
"21491","πολλάκις","O"
"21492",",","O"
"21493","καὶ","O"
"21494","μάλιστα","O"
"21495","Δημοσθένης","PERSON"
"21496","κατὰ","O"
"21497","μίμησιν","O"
"21498","τὴν","O"
"21499","Πλάτωνος","PERSON"
"21500",",","O"
"21501","εἰδὼς","O"
"21502","ὅτι","O"
"21503","πολλαχοῦ","O"
"21504","προτεινόμενα","O"
"21505","τὰς","O"
"21506","κατασκευὰς","O"
"21507","ἀσθενεῖς","O"
"21508","ἔχει","O"
"21509",",","O"
"21510","προκατασκευασθέντα","O"
"21511","δὲ","O"
"21512","πιστὰ","O"
"21513","τὰ","O"
"21514","ἐπενεχθέντα","O"
"21515","φαίνεται","O"
"21516",".","O"
"21517","τί","O"
"21518","δεῖ","O"
"21519","λέγειν","O"
"21520",",","O"
"21521","ὅτι","O"
"21522","τὴν","O"
"21523","ἀναγκαίαν","O"
"21524","ἀκολουθίαν","O"
"21525","οὐχ","O"
"21526","ὁρῶμεν","O"
"21527",";","O"
"21528","ἣν","O"
"21529","φησὶ","O"
"21530","δεῖν","O"
"21531","Πλάτων","PERSON"
"21532","προσεῖναι","O"
"21533","τοῖς","O"
"21534","λόγοις","O"
"21535",",","O"
"21536","οὐ","O"
"21537","χύδην","O"
"21538","ὡς","O"
"21539","ἔτυχεν","O"
"21540","βεβλῆσθαι","O"
"21541","τὰ","O"
"21542","ἐνθυμήματα","O"
"21543",",","O"
"21544","ἀλλ","O"
"21545","εἶναι","O"
"21546","τὸν","O"
"21547","λόγον","O"
"21548","ἐοικότα","O"
"21549","σώματι","O"
"21550","ἐκ","O"
"21551","κεφαλῆς","O"
"21552","ἐπὶ","O"
"21553","πόδας","O"
"21554","ἔχοντι","O"
"21555","τὰ","O"
"21556","μέρη","O"
"21557","καὶ","O"
"21558","τὰ","O"
"21559","μέλη","O"
"21560","ἀλλήλοις","O"
"21561","τε","O"
"21562","πρέποντα","O"
"21563","καὶ","O"
"21564","τῷ","O"
"21565","ὅλῳ","O"
"21566","συστήματι","O"
"21567","τοῦ","O"
"21568","σώματος","O"
"21569",".","O"
"21570","τοῦτο","O"
"21571","μὲν","O"
"21572","παρίημι","O"
"21573","εὐθύνειν","O"
"21574",",","O"
"21575","ὅτι","O"
"21576","ἔοικε","O"
"21577","σπάνιον","O"
"21578","εἶναι","O"
"21579",".","O"
"21580","ὁπότε","O"
"21581","γὰρ","O"
"21582","καὶ","O"
"21583","Λυσίαν","PERSON"
"21584","ἐπὶ","O"
"21585","τούτῳ","O"
"21586","ἐλέγχει","O"
"21587",",","O"
"21588","πᾶσαν","O"
"21589","τὴν","O"
"21590","ἡμετέραν","O"
"21591","ῥητορικὴν","O"
"21592","ἔοικεν","O"
"21593","ἐλέγχειν","O"
"21594",".","O"
"21595","τοῦτον","O"
"21596","δὲ","O"
"21597","τὸν","O"
"21598","ἔλεγχον","O"
"21599","τὸν","O"
"21600","τοῦ","O"
"21601","μὴ","O"
"21602","ἐπίστασθαι","O"
"21603","τὴν","O"
"21604","ἀναγκαίαν","O"
"21605","ἀκολουθίαν","O"
"21606","μόνος","O"
"21607","Δημοσθένης","PERSON"
"21608","ἐξέφυγεν","O"
"21609","κατὰ","O"
"21610","μίμησιν","O"
"21611","τὴν","O"
"21612","Πλάτωνος","PERSON"
"21613","·","O"
"21614","πῶς","O"
"21615","καὶ","O"
"21616","τίνα","O"
"21617","τρόπον","O"
"21618",",","O"
"21619","ἐν","O"
"21620","τῷ","O"
"21621","περὶ","O"
"21622","μιμήσεως","O"
"21623","πειρασόμεθα","O"
"21624",".","O"
"21625","τοιαῦτα","O"
"21626","μὲν","O"
"21627","καὶ","O"
"21628","τοσαῦτα","O"
"21629","καὶ","O"
"21630","ἔτι","O"
"21631","πλέω","O"
"21632","τούτων","O"
"21633","τὰ","O"
"21634","τῆς","O"
"21635","ἀτεχνίας","O"
"21636","πλημμελήματα","O"
"21637",".","O"
"21638","Περὶ","O"
"21639","δὲ","O"
"21640","τὴν","O"
"21641","λέξιν","O"
"21642","συχνὰ","O"
"21643","τὰ","O"
"21644","ἁμαρτήματα","O"
"21645",".","O"
"21646","οἳ","O"
"21647","μὲν","O"
"21648","γὰρ","O"
"21649","πάνυ","O"
"21650","εὐτελῶς","O"
"21651","φθέγγονται","O"
"21652","καὶ","O"
"21653","φασὶ","O"
"21654","τὸ","O"
"21655","κατὰ","O"
"21656","φύσιν","O"
"21657","δὴ","O"
"21658","καὶ","O"
"21659","γνώριμον","O"
"21660","μεταδιώκειν","O"
"21661",",","O"
"21662","οὐκ","O"
"21663","εἰδότες","O"
"21664","ὅτι","O"
"21665","ἐν","O"
"21666","τῷ","O"
"21667","καλῷ","O"
"21668","μάλιστα","O"
"21669","τὸ","O"
"21670","γνώριμόν","O"
"21671","ἐστιν","O"
"21672",",","O"
"21673","ἐν","O"
"21674","δὲ","O"
"21675","τῷ","O"
"21676","ἀγοραίῳ","O"
"21677","τῆς","O"
"21678","λέξεως","O"
"21679","οὐδὲ","O"
"21680","τὸ","O"
"21681","σαφές","O"
"21682",",","O"
"21683","μή","O"
"21684","τί","O"
"21685","γε","O"
"21686","τὸ","O"
"21687","γνώριμον","O"
"21688","φαίνεται","O"
"21689","·","O"
"21690","τὸ","O"
"21691","γὰρ","O"
"21692","ἀγοραῖον","O"
"21693","οὔτε","O"
"21694","τὴν","O"
"21695","δήλωσιν","O"
"21696","ἀκριβῆ","O"
"21697","οὔτε","O"
"21698","τὴν","O"
"21699","φαντασίαν","O"
"21700","ἐναργῆ","O"
"21701","παρέχεται","O"
"21702",".","O"
"21703","οἳ","O"
"21704","δὲ","O"
"21705","τὸ","O"
"21706","παράσημον","O"
"21707","τῆς","O"
"21708","λέξεως","O"
"21709","ἐναγκαλίζονται","O"
"21710",",","O"
"21711","εἴ","O"
"21712","πού","O"
"21713","τι","O"
"21714","ἀνακεχωρηκὸς","O"
"21715","ὄνομα","O"
"21716","ἢ","O"
"21717","ῥῆμα","O"
"21718","εἴρηται","O"
"21719",",","O"
"21720","τοῦτο","O"
"21721","θηρῶντες","O"
"21722","καὶ","O"
"21723","πανταχοῦ","O"
"21724","φθεγγόμενοι","O"
"21725",",","O"
"21726","ἐπ","O"
"21727","ἀρχαιότητι","O"
"21728","δή","O"
"21729","τινι","O"
"21730","σεμνυνόμενοι","O"
"21731","·","O"
"21732","γελοῖον","O"
"21733","πεπονθότες","O"
"21734",",","O"
"21735","εἴ","O"
"21736","γε","O"
"21737","μὴ","O"
"21738","λογίζονται","O"
"21739",",","O"
"21740","ὅτι","O"
"21741","τὰ","O"
"21742","βυβλία","O"
"21743","διὰ","O"
"21744","τῶν","O"
"21745","γνωριμωτάτων","O"
"21746","ἀγωνίζεται","O"
"21747",",","O"
"21748","τὰ","O"
"21749","δὲ","O"
"21750","ἀνακεχωρηκότα","O"
"21751","ταῦτα","O"
"21752","σπάνιά","O"
"21753","ἐστιν","O"
"21754",".","O"
"21755","οὔκουν","O"
"21756","ἀρχαΐζειν","O"
"21757","ἂν","O"
"21758","δοκοίη","O"
"21759","ὁ","O"
"21760","τὰ","O"
"21761","ὀλιγάκις","O"
"21762","εἰρημένα","O"
"21763","ἀρχαίοις","O"
"21764","λέγων","O"
"21765",",","O"
"21766","ἀλλ","O"
"21767","ὁ","O"
"21768","τοῖς","O"
"21769","ἀεὶ","O"
"21770","λεγομένοις","O"
"21771","καὶ","O"
"21772","πανταχοῦ","O"
"21773","χρώμενος","O"
"21774",".","O"
"21775","ἀγνοοῦσιν","O"
"21776","δὲ","O"
"21777","καὶ","O"
"21778","τὴν","O"
"21779","χρῆσιν","O"
"21780","τῶν","O"
"21781","σπανίων","O"
"21782","ὀνομάτων","O"
"21783",",","O"
"21784","καθ","O"
"21785","ἃς","O"
"21786","αἰτίας","O"
"21787","ἔνεστι","O"
"21788","τοῖς","O"
"21789","βυβλίοις","O"
"21790",".","O"
"21791","εἰσὶ","O"
"21792","δὲ","O"
"21793","αἱ","O"
"21794","αἰτίαι","O"
"21795","αὗται","O"
"21796","·","O"
"21797","πρώτη","O"
"21798","μὲν","O"
"21799","ἐκείνη","O"
"21800","·","O"
"21801","ἔνια","O"
"21802","τῶν","O"
"21803","ὀνομάτων","O"
"21804","τοῖς","O"
"21805","τότε","O"
"21806","καιροῖς","O"
"21807","συνήθη","O"
"21808","ἦν","O"
"21809","καὶ","O"
"21810","γνώριμα","O"
"21811",",","O"
"21812","ὧν","O"
"21813","νῦν","O"
"21814","ἡ","O"
"21815","χρῆσις","O"
"21816","ἐξερρύηκεν","O"
"21817","·","O"
"21818","ἐκεῖνοι","O"
"21819","μὲν","O"
"21820","οὖν","O"
"21821","ὡς","O"
"21822","γνωρίμοις","O"
"21823","ἐχρῶντο","O"
"21824",",","O"
"21825","ἡμεῖς","O"
"21826","δ","O"
"21827","ἂν","O"
"21828","αὐτὰ","O"
"21829","εἰκότως","O"
"21830","ἐκκλίνοιμεν","O"
"21831",".","O"
"21832","δευτέρα","O"
"21833","αἰτία","O"
"21834","·","O"
"21835","ἔνια","O"
"21836","τῶν","O"
"21837","πραγμάτων","O"
"21838","τῷ","O"
"21839","μὴ","O"
"21840","πολλάκις","O"
"21841","συνήθη","O"
"21842","τοῖς","O"
"21843","ἀνθρώποις","O"
"21844","εἶναι","O"
"21845","ἀήθη","O"
"21846","πάντα","O"
"21847","ἔσχεν","O"
"21848","καὶ","O"
"21849","τὰ","O"
"21850","ὀνόματα","O"
"21851",",","O"
"21852","οἷον","O"
"21853","τὸ","O"
"21854","περὶ","O"
"21855","τοὺς","O"
"21856","ὀδόντας","O"
"21857","πάθος","O"
"21858",",","O"
"21859","ὅταν","O"
"21860","ὑπό","O"
"21861","τινος","O"
"21862","δριμέος","O"
"21863","ἢ","O"
"21864","στριφνοῦ","O"
"21865","μὴ","O"
"21866","οἷοί","O"
"21867","τε","O"
"21868","ὦσιν","O"
"21869","τέμνειν","O"
"21870","οἱ","O"
"21871","ὐδόντες","O"
"21872","ὥςπερ","O"
"21873","φρίττοντες","O"
"21874",".","O"
"21875","τοῦτο","O"
"21876","γὰρ","O"
"21877","σπανίως","O"
"21878","συμβαίνει","O"
"21879","·","O"
"21880","σπανία","O"
"21881","δὴ","O"
"21882","καὶ","O"
"21883","ἡ","O"
"21884","χρῆσις","O"
"21885","τοῦ","O"
"21886","ὀνόματος","O"
"21887",".","O"
"21888","ἡμεῖς","O"
"21889","δὲ","O"
"21890","ἐκκυκλοῦμεν","O"
"21891","ἀεὶ","O"
"21892","τὰ","O"
"21893","τοιαῦτα","O"
"21894","ὀνόματα","O"
"21895",".","O"
"21896","τρίτη","O"
"21897","δὲ","O"
"21898","αἰτία","O"
"21899","ἐκείνη","O"
"21900","·","O"
"21901","ἐνίοτε","O"
"21902","λέγουσιν","O"
"21903","τὰ","O"
"21904","σπάνια","O"
"21905","τῶν","O"
"21906","ὀνομάτων","O"
"21907","κατὰ","O"
"21908","μίμησιν","O"
"21909","τὴν","O"
"21910","πρὸς","O"
"21911","ἑτέρους","O"
"21912",",","O"
"21913","καθάπερ","O"
"21914","ἐν","O"
"21915","ἰδιώματι","O"
"21916","κωμῳδίας","O"
"21917",".","O"
"21918","ἡμεῖς","O"
"21919","δὲ","O"
"21920","οὔτε","O"
"21921","παίζοντες","O"
"21922","οὔτε","O"
"21923","ἀνάγκῃ","O"
"21924","κατακλειόμενοι","O"
"21925","θηρῶμεν","O"
"21926","τὰ","O"
"21927","ὀλίγα","O"
"21928","ταῦτα","O"
"21929","ὀνόματα","O"
"21930",",","O"
"21931","ὀψιμαθίᾳ","O"
"21932","καὶ","O"
"21933","ἀπειροκαλίᾳ","O"
"21934","τοῖς","O"
"21935","αἰσχίστοις","O"
"21936","τῶν","O"
"21937","παθῶν","O"
"21938","περιπεπτωκότες","O"
"21939",".","O"
"21940","Ἔτι","O"
"21941","κἀκεῖνο","O"
"21942","πλημμέλημα","O"
"21943","ἐν","O"
"21944","τῇ","O"
"21945","λέξει","O"
"21946","τὸ","O"
"21947","ὑπὸ","O"
"21948","φιλοτιμίας","O"
"21949","πᾶσι","O"
"21950","χρῆσθαι","O"
"21951","τοῖς","O"
"21952","εἰρημένοις","O"
"21953","ὀνόμασι","O"
"21954","πανταχοῦ","O"
"21955",",","O"
"21956","τὸν","O"
"21957","καιρὸν","O"
"21958","μὴ","O"
"21959","προστιθέντα","O"
"21960",",","O"
"21961","οἷον","O"
"21962","λέγω","O"
"21963","ἱστορικόν","O"
"21964","που","O"
"21965","ὄνομα","O"
"21966",",","O"
"21967","διαλεκτικόν","O"
"21968",",","O"
"21969","ποιητικόν","O"
"21970",",","O"
"21971","ἐκ","O"
"21972","τραγῳδίας","O"
"21973","ἢ","O"
"21974","κωμῳδίας","O"
"21975","φθέγγεσθαι","O"
"21976","ὄνομα","O"
"21977",".","O"
"21978","ἔστιν","O"
"21979","δὲ","O"
"21980","τοῦτο","O"
"21981","παιδείας","O"
"21982","μὲν","O"
"21983","ἴσως","O"
"21984","ἔνδειξις","O"
"21985",",","O"
"21986","χρήσεως","O"
"21987","δὲ","O"
"21988","ἀπειρία","O"
"21989",".","O"
"21990","δεῖ","O"
"21991","γὰρ","O"
"21992","διακρίνειν","O"
"21993",",","O"
"21994","τίνα","O"
"21995","δικανικά","O"
"21996","τε","O"
"21997","τῶν","O"
"21998","ὀνομάτων","O"
"21999",",","O"
"22000","τίνα","O"
"22001","διαλεκτικὰ","O"
"22002","καὶ","O"
"22003","τίνα","O"
"22004","ἱστορικά","O"
"22005",",","O"
"22006","καὶ","O"
"22007","τίνα","O"
"22008","ποιητικὰ","O"
"22009","ἑκατέρας","O"
"22010","τῆς","O"
"22011","ποιήσεως","O"
"22012",",","O"
"22013","καὶ","O"
"22014","ἐπιλέγεσθαι","O"
"22015","τὰ","O"
"22016","πολιτικὰ","O"
"22017","πανταχόθεν","O"
"22018","·","O"
"22019","εἰ","O"
"22020","δὲ","O"
"22021","μή","O"
"22022",",","O"
"22023","καὶ","O"
"22024","γελοῖοι","O"
"22025","καὶ","O"
"22026","ἐπίφθονοι","O"
"22027","φανούμεθα","O"
"22028","·","O"
"22029","οὐχ","O"
"22030","ὡς","O"
"22031","οὐκ","O"
"22032","ἔστι","O"
"22033","που","O"
"22034","καὶ","O"
"22035","διαλεκτικὸν","O"
"22036","ὄνομα","O"
"22037","καὶ","O"
"22038","ἱστορικὸν","O"
"22039","καὶ","O"
"22040","ποιητικὸν","O"
"22041","ἐν","O"
"22042","τοῖς","O"
"22043","πολιτικοῖς","O"
"22044","βυβλίοις","O"
"22045",",","O"
"22046","ἀλλ","O"
"22047","ἐπίστασθαι","O"
"22048","δεῖ","O"
"22049","καὶ","O"
"22050","τὸν","O"
"22051","καιρὸν","O"
"22052","τῆς","O"
"22053","χρήσεως","O"
"22054","καὶ","O"
"22055","τὴν","O"
"22056","διοίκησιν","O"
"22057",".","O"
"22058","ἔστιν","O"
"22059","δὲ","O"
"22060","ὁ","O"
"22061","μὲν","O"
"22062","καιρὸς","O"
"22063","ἐκεῖνος","O"
"22064",",","O"
"22065","ὅταν","O"
"22066","ἐναργέστερόν","O"
"22067","τι","O"
"22068","ὄνομα","O"
"22069","ᾖ","O"
"22070","ἀπὸ","O"
"22071","ποιήσεως","O"
"22072","ἢ","O"
"22073","διαλεκτικῆς","NORP"
"22074","ἢ","O"
"22075","ἱστορικῆς","NORP"
"22076",",","O"
"22077","χρῆσθαι","O"
"22078",",","O"
"22079","ὡς","O"
"22080","ὁ","O"
"22081","ῥήτωρ","O"
"22082",",","O"
"22083","πρὸς","O"
"22084","τὴν","O"
"22085","ἐνέργειαν","O"
"22086",".","O"
"22087","ἡ","O"
"22088","δὲ","O"
"22089","διοίκησις","O"
"22090","ἐκείνη","O"
"22091",",","O"
"22092","τὸ","O"
"22093","προεξηγήσασθαι","O"
"22094","καὶ","O"
"22095","τοῖς","O"
"22096","προταχθεῖσιν","O"
"22097","ἢ","O"
"22098","ἐπιφερομένοις","O"
"22099","οὖσι","O"
"22100","γνωρίμοις","O"
"22101","ἀφανίσαι","O"
"22102","τὴν","O"
"22103","καινότητα","O"
"22104","τοῦ","O"
"22105","ὀνόματος","O"
"22106","καὶ","O"
"22107","ὁμολογίᾳ","O"
"22108","χρῆσθαι","O"
"22109","τοῦ","O"
"22110","τὸ","O"
"22111","ῥῆμα","O"
"22112","ἐξ","O"
"22113","ἄλλης","O"
"22114","ἰδέας","O"
"22115","λόγων","O"
"22116","εἶναι","O"
"22117","·","O"
"22118","ἱκανὴ","O"
"22119","γὰρ","O"
"22120","ἡ","O"
"22121","ὁμολογία","O"
"22122","καὶ","O"
"22123","παραμυθία","O"
"22124","τῆς","O"
"22125","καινότητος","O"
"22126",".","O"
"22127","ταῦτα","O"
"22128","καὶ","O"
"22129","ἔτι","O"
"22130","πλείω","O"
"22131","τούτων","O"
"22132","κατὰ","O"
"22133","λέξιν","O"
"22134","ἁμαρτάνομεν","O"
"22135",".","O"
"22136","Ἀκόλουθος","O"
"22137","δὲ","O"
"22138","τῇ","O"
"22139","λέξει","O"
"22140","καὶ","O"
"22141","ὁ","O"
"22142","περὶ","O"
"22143","τῶν","O"
"22144","σχημάτων","O"
"22145","λόγος","O"
"22146",",","O"
"22147","ὅτι","O"
"22148","καὶ","O"
"22149","ἀπλάστως","O"
"22150","καὶ","O"
"22151","ἀσχηματίστως","O"
"22152","λέγουσιν","O"
"22153",",","O"
"22154","ὥςπερ","O"
"22155","καὶ","O"
"22156","ἀγοραίως","O"
"22157","τοῖς","O"
"22158","ὀνόμασιν","O"
"22159",".","O"
"22160","οἳ","O"
"22161","δὲ","O"
"22162","καὶ","O"
"22163","πανταχόθεν","O"
"22164","σχήματα","O"
"22165","συνάγουσιν","O"
"22166","ἀγνοοῦντες","O"
"22167","τὸν","O"
"22168","καιρὸν","O"
"22169","αὐτῶν","O"
"22170",",","O"
"22171","ὥςπερ","O"
"22172","καὶ","O"
"22173","τῶν","O"
"22174","ὀνομάτων","O"
"22175",".","O"
"22176","τοιαῦτα","O"
"22177","μέν","O"
"22178","τινα","O"
"22179","καθόλου","O"
"22180","λέγειν","O"
"22181","ἔχομεν","O"
"22182","πλημμελούμενα","O"
"22183","ἐν","O"
"22184","ἤθει","O"
"22185",",","O"
"22186","ἐν","O"
"22187","γνώμῃ","O"
"22188",",","O"
"22189","ἐν","O"
"22190","τέχνῃ","O"
"22191",",","O"
"22192","ἐν","O"
"22193","λέξει","O"
"22194",".","O"
"22195","Φέρε","O"
"22196","δὴ","O"
"22197","κατὰ","O"
"22198","μέρος","O"
"22199","σκεψώμεθα","O"
"22200","ἀπὸ","O"
"22201","τῶν","O"
"22202","τῆς","O"
"22203","ὑποθέσεως","O"
"22204","στοιχείων","O"
"22205","τὰ","O"
"22206","ἐν","O"
"22207","ἑκάστῳ","O"
"22208","στοιχείῳ","O"
"22209","πλημμελήματα","O"
"22210","·","O"
"22211","ἔστι","O"
"22212","δὲ","O"
"22213","τὰ","O"
"22214","τῆς","O"
"22215","ὑποθέσεως","O"
"22216","στοιχεῖα","O"
"22217","τέσσαρα","O"
"22218","·","O"
"22219","προοίμιον","O"
"22220",",","O"
"22221","διήγησις","O"
"22222",",","O"
"22223","πίστεις","O"
"22224",",","O"
"22225","ἐπίλογοι","O"
"22226",".","O"
"22227","Ἃ","O"
"22228","τοίνυν","O"
"22229","πλημμελοῦμεν","O"
"22230","ἐν","O"
"22231","προοιμίῳ","O"
"22232","μελετῶντες","O"
"22233",",","O"
"22234","ταῦτά","O"
"22235","ἐστι","O"
"22236",".","O"
"22237","πρῶτον","O"
"22238","μὲν","O"
"22239","ὡς","O"
"22240","εἰδόσι","O"
"22241","τοῖς","O"
"22242","δικασταῖς","O"
"22243","διαλεγόμεθα","O"
"22244","προοιμιαζόμενοι","O"
"22245",",","O"
"22246","γελοιότατον","O"
"22247","πάσχοντες","O"
"22248",",","O"
"22249","ἐπειδὴ","O"
"22250","προβάλλομεν","O"
"22251","πρὸ","O"
"22252","τῆς","O"
"22253","μελέτης","O"
"22254","τὴν","O"
"22255","ὑπόθεσιν","O"
"22256",",","O"
"22257","ἡγούμενοι","O"
"22258","καὶ","O"
"22259","τὸν","O"
"22260","δικαστὴν","O"
"22261","ὥςπερ","O"
"22262","τὸν","O"
"22263","ἀκροατὴν","O"
"22264","ἐπίστασθαι","O"
"22265","τὸ","O"
"22266","πρόβλημα","O"
"22267",".","O"
"22268","δεῖ","O"
"22269","δὲ","O"
"22270","ἐν","O"
"22271","τῷ","O"
"22272","προοιμίῳ","O"
"22273","καὶ","O"
"22274","παρανοίγειν","O"
"22275","τὸ","O"
"22276","πρᾶγμα","O"
"22277",",","O"
"22278","ἐπὶ","O"
"22279","κεφαλαίων","O"
"22280","προδηλοῦντα","O"
"22281",",","O"
"22282","περὶ","O"
"22283","ὧν","O"
"22284","ὁ","O"
"22285","ἀγὼν","O"
"22286","γενήσεται","O"
"22287",".","O"
"22288","ἔπειτα","O"
"22289","δὲ","O"
"22290","νόμον","O"
"22291","τινὰ","O"
"22292","προοιμιίων","O"
"22293","ἐποιήσαντο","O"
"22294","τὰ","O"
"22295","προοίμια","O"
"22296",",","O"
"22297","οὐκ","O"
"22298","εἰδότες","O"
"22299","ὅτι","O"
"22300","ἓν","O"
"22301","ἐξαρκεῖ","O"
"22302","πολλάκις","O"
"22303",",","O"
"22304","πολλάκις","O"
"22305","δὲ","O"
"22306","καὶ","O"
"22307","πλειόνων","O"
"22308","δεῖ","O"
"22309",".","O"
"22310","ἔτι","O"
"22311","τοίνυν","O"
"22312","πολλοὶ","O"
"22313","προκαταχρῶνται","O"
"22314","τοῖς","O"
"22315","κεφαλαίοις","O"
"22316","ἐν","O"
"22317","τοῖς","O"
"22318","προοιμίοις","O"
"22319",",","O"
"22320","οὐδὲ","O"
"22321","νοοῦντες","O"
"22322",",","O"
"22323","ὅτι","O"
"22324","τὰ","O"
"22325","προοίμια","O"
"22326","δεῖ","O"
"22327","σύστασιν","O"
"22328","μὲν","O"
"22329","εἶναι","O"
"22330","τῶν","O"
"22331","κεφαλαίων","O"
"22332",",","O"
"22333","οὐκέτι","O"
"22334","δὲ","O"
"22335","αὐτὰ","O"
"22336","κεφάλαια","O"
"22337",".","O"
"22338","ὅθεν","O"
"22339","καὶ","O"
"22340","τῶν","O"
"22341","ἀντιδίκων","O"
"22342","ὑπολήψεις","O"
"22343","ἐν","O"
"22344","προοιμίοις","O"
"22345","διαλαμβάνουσιν","O"
"22346",".","O"
"22347","ἔτι","O"
"22348","μέντοι","O"
"22349","καὶ","O"
"22350","λοιδορούμεθα","O"
"22351","πανταχοῦ","O"
"22352","τοῖς","O"
"22353","ἀντιδίκοις","O"
"22354","προοιμιαζόμενοι","O"
"22355",",","O"
"22356","οὐκ","O"
"22357","εἰδότες","O"
"22358","οὐδὲ","O"
"22359","τοῦτο","O"
"22360",",","O"
"22361","ὅτι","O"
"22362","ῥήτωρ","O"
"22363","λοιδορίᾳ","O"
"22364","χρῆται","O"
"22365","ὡς","O"
"22366","πίστει","O"
"22367","ἤτοι","O"
"22368","κατὰ","O"
"22369","ἤθους","O"
"22370","ἢ","O"
"22371","κατὰ","O"
"22372","πραγμάτων","O"
"22373","χρείαν","O"
"22374","·","O"
"22375","ἡμεῖς","O"
"22376","δὲ","O"
"22377","πανταχοῦ","O"
"22378","τοῖς","O"
"22379","ἀντιδίκοις","O"
"22380","προοιμιαζόμενοι","O"
"22381","λοιδορούμεθα","O"
"22382",".","O"
"22383","ἔτι","O"
"22384","μέντοι","O"
"22385","ἓν","O"
"22386","σχῆμα","O"
"22387","τῶν","O"
"22388","προοιμίων","O"
"22389","ἡμῖν","O"
"22390","ἐστι","O"
"22391",",","O"
"22392","τὰ","O"
"22393","στρογγύλα","O"
"22394","καὶ","O"
"22395","τὰ","O"
"22396","περιφερῆ","O"
"22397","λέγειν","O"
"22398","προοίμια","O"
"22399","·","O"
"22400","οὐκ","O"
"22401","ἴσμεν","O"
"22402","δὲ","O"
"22403","ὅτι","O"
"22404","καὶ","O"
"22405","τὰ","O"
"22406","ἀποτεταμένα","O"
"22407","ἔστιν","O"
"22408","ὡς","O"
"22409","ἐν","O"
"22410","διηγήσεως","O"
"22411","τρόπῳ","O"
"22412",",","O"
"22413","καὶ","O"
"22414","ἀπὸ","O"
"22415","παροιμίας","O"
"22416","που","O"
"22417","ἄρχεται","O"
"22418","προοίμιον","O"
"22419",",","O"
"22420","καὶ","O"
"22421","παράδειγμά","O"
"22422","που","O"
"22423","καὶ","O"
"22424","εἰκόνα","O"
"22425","προοίμιον","O"
"22426","ἔχει","O"
"22427",".","O"
"22428","πάντων","O"
"22429","δὲ","O"
"22430","τούτων","O"
"22431","τῶν","O"
"22432","ἀγνοημάτων","O"
"22433","αἴτιον","O"
"22434","τὸ","O"
"22435","μὴ","O"
"22436","ἐπίστασθαι","O"
"22437",",","O"
"22438","τί","O"
"22439","τὸ","O"
"22440","κεφάλαιόν","O"
"22441","ἐστι","O"
"22442","τοῦ","O"
"22443","προοιμίου","O"
"22444","καὶ","O"
"22445","τίς","O"
"22446","ἡ","O"
"22447","τέχνη","O"
"22448","ἐστί","O"
"22449",".","O"
"22450","τὸ","O"
"22451","δὲ","O"
"22452","κεφάλαιον","O"
"22453","τοῦ","O"
"22454","προοιμίου","O"
"22455","δόξα","O"
"22456","προσώπων","O"
"22457","τε","O"
"22458","καὶ","O"
"22459","πραγμάτων","O"
"22460","·","O"
"22461","δεῖ","O"
"22462","γὰρ","O"
"22463","ἢ","O"
"22464","συστῆσαι","O"
"22465","ἢ","O"
"22466","διαβαλεῖν","O"
"22467","ἢ","O"
"22468","πρόσωπον","O"
"22469","ἢ","O"
"22470","πρᾶγμα","O"
"22471",".","O"
"22472","ἡ","O"
"22473","δὲ","O"
"22474","τέχνη","O"
"22475","τοῦ","O"
"22476","προοιμίου","O"
"22477","προδιοίκησις","O"
"22478","τοῦ","O"
"22479","παντὸς","O"
"22480","ἀγῶνος","O"
"22481",".","O"
"22482","δεῖ","O"
"22483","γὰρ","O"
"22484","παρασκευάσαι","O"
"22485","τὸν","O"
"22486","ἀκροατὴν","O"
"22487","ἐν","O"
"22488","τῷ","O"
"22489","προοιμίῳ","O"
"22490",",","O"
"22491","ὡς","O"
"22492","συμφέρει","O"
"22493","τῷ","O"
"22494","ῥήτορι","O"
"22495","τοῦτον","O"
"22496","τὴν","O"
"22497","τοῦ","O"
"22498","παντὸς","O"
"22499","ἀγῶνος","O"
"22500","ἀκρόασιν","O"
"22501","ποιήσασθαι","O"
"22502",".","O"
"22503","ἐντεῦθεν","O"
"22504","καὶ","O"
"22505","τὰ","O"
"22506","μέτρα","O"
"22507","τῶν","O"
"22508","προοιμίων","O"
"22509","εὑρίσκομεν","O"
"22510","κατὰ","O"
"22511","τὰς","O"
"22512","διοικήσεις","O"
"22513","καὶ","O"
"22514","τὰς","O"
"22515","πλάσεις","O"
"22516","καὶ","O"
"22517","τὴν","O"
"22518","ἑρμηνείαν","O"
"22519",".","O"
"22520","ταῦτα","O"
"22521","μέν","O"
"22522","ἐστι","O"
"22523","κεφάλαια","O"
"22524","περὶ","O"
"22525","τῆς","O"
"22526","ἐν","O"
"22527","προοιμίοις","O"
"22528","πλημμελείας","O"
"22529",".","O"
"22530","Διηγήσεις","O"
"22531","δὲ","O"
"22532","οἳ","O"
"22533","μὲν","O"
"22534","οὕτω","O"
"22535","βραχείας","O"
"22536","ποιοῦνται","O"
"22537",",","O"
"22538","ὥςπερ","O"
"22539","οὐ","O"
"22540","δέον","O"
"22541","μηκῦναι","O"
"22542","τὴν","O"
"22543","ὑπόθεσιν","O"
"22544","·","O"
"22545","οἳ","O"
"22546","δὲ","O"
"22547","οὕτω","O"
"22548","μακράς","O"
"22549",",","O"
"22550","ὥςτε","O"
"22551","καὶ","O"
"22552","συμπλέκειν","O"
"22553","καὶ","O"
"22554","κατασκευάς","O"
"22555","τινας","O"
"22556","καὶ","O"
"22557","αὐξήσεις","O"
"22558",".","O"
"22559","ἑκάτερον","O"
"22560","δὲ","O"
"22561","τούτων","O"
"22562","ἁμάρτημα","O"
"22563",".","O"
"22564","τό","O"
"22565","τε","O"
"22566","γὰρ","O"
"22567","μὴ","O"
"22568","σαφῶς","O"
"22569","διδάσκειν","O"
"22570","οὐκ","O"
"22571","ἂν","O"
"22572","εἴη","O"
"22573","διηγεῖσθαι","O"
"22574","·","O"
"22575","τό","O"
"22576","τε","O"
"22577","ἀπέραντα","O"
"22578","λέγειν","O"
"22579",",","O"
"22580","ἀλλὰ","O"
"22581","μὴ","O"
"22582","ἐν","O"
"22583","μέτρῳ","O"
"22584","τῆς","O"
"22585","διδασκαλίας","O"
"22586","τὸ","O"
"22587","πιθανὸν","O"
"22588","διοικεῖσθαι","O"
"22589","κλέπτοντα","O"
"22590","τὴν","O"
"22591","ἀκρόασιν","O"
"22592","ματαία","O"
"22593","καὶ","O"
"22594","ἄκαιρος","O"
"22595","ἡ","O"
"22596","τοιαύτη","O"
"22597","ἀδολεσχία","O"
"22598",".","O"
"22599","δεῖ","O"
"22600","δὲ","O"
"22601","τὸν","O"
"22602","ῥήτορα","O"
"22603","διηγεῖσθαι","O"
"22604","μὲν","O"
"22605","ὡς","O"
"22606","διδάσκοντα","O"
"22607",",","O"
"22608","πειρᾶσθαι","O"
"22609","δὲ","O"
"22610","πείθειν","O"
"22611","ἐν","O"
"22612","τῷ","O"
"22613","διδάσκειν","O"
"22614",",","O"
"22615","τά","O"
"22616","τε","O"
"22617","σαθρά","O"
"22618","καὶ","O"
"22619","τὰ","O"
"22620","ἰσχυρά","O"
"22621",",","O"
"22622","τά","O"
"22623","τε","O"
"22624","τοῦ","O"
"22625","ἐξ","O"
"22626","ἐναντίας","O"
"22627","καὶ","O"
"22628","τὰ","O"
"22629","αὑτοῦ","O"
"22630","πρὸς","O"
"22631","τὸ","O"
"22632","συμφέρον","O"
"22633","μεταχειριζόμενον","O"
"22634",".","O"
"22635","ἁμάρτημα","O"
"22636","δὲ","O"
"22637","καὶ","O"
"22638","τὸ","O"
"22639","πανταχοῦ","O"
"22640","διηγεῖσθαι","O"
"22641","μὴ","O"
"22642","ἐπιστάμενον","O"
"22643",",","O"
"22644","ὅτι","O"
"22645","ὅλη","O"
"22646","μὲν","O"
"22647","ἰδέα","O"
"22648","συμβουλευτικὴ","O"
"22649","διηγήσεως","O"
"22650","οὐ","O"
"22651","δεῖται","O"
"22652","·","O"
"22653","ἴσασι","O"
"22654","γὰρ","O"
"22655","οἱ","O"
"22656","βουλευόμενοι","O"
"22657","περὶ","O"
"22658","ὧν","O"
"22659","σκοποῦνται","O"
"22660",",","O"
"22661","καὶ","O"
"22662","δέονται","O"
"22663","μαθεῖν","O"
"22664","ὃ","O"
"22665","πρακτέον","O"
"22666","ἐστίν","O"
"22667",",","O"
"22668","οὐχ","O"
"22669","ὅπερ","O"
"22670","βουλευτέον","O"
"22671",".","O"
"22672","εἰσὶ","O"
"22673","δὲ","O"
"22674","καὶ","O"
"22675","δίκαι","O"
"22676","διηγήσεις","O"
"22677","οὐκ","O"
"22678","ἔχουσαι","O"
"22679","·","O"
"22680","αὗται","O"
"22681","δέ","O"
"22682","εἰσιν","O"
"22683","αἱ","O"
"22684","καὶ","O"
"22685","τοῖς","O"
"22686","δικάζουσι","O"
"22687","τὸ","O"
"22688","πρᾶγμα","O"
"22689","γνώριμον","O"
"22690","ἔχουσαι","O"
"22691","καὶ","O"
"22692","τοῖς","O"
"22693","ἀντιδίκοις","O"
"22694","ὁμοίως","O"
"22695","ἀμφοτέροις","O"
"22696","ὁμολογούμενον","O"
"22697","·","O"
"22698","τοιαῦται","O"
"22699","δὲ","O"
"22700","εἰσὶν","O"
"22701","αἱ","O"
"22702","πλείους","O"
"22703","τῶν","O"
"22704","πραγματικῶν","O"
"22705","ὑποθέσεων","O"
"22706",".","O"
"22707","οὕτω","O"
"22708","δέ","O"
"22709","που","O"
"22710","πράγματά","O"
"22711","ἐστι","O"
"22712","πολιτικὰ","O"
"22713","ἐν","O"
"22714","οἷς","O"
"22715","οὐ","O"
"22716","δεῖ","O"
"22717","διηγεῖσθαι","O"
"22718",",","O"
"22719","ἀλλὰ","O"
"22720","μάταιον","O"
"22721","τὸ","O"
"22722","ἀνάλωμα","O"
"22723","τῶν","O"
"22724","λόγων","O"
"22725",",","O"
"22726","ὅπου","O"
"22727","τοῖς","O"
"22728","λέγουσιν","O"
"22729","ἀμφοτέροις","O"
"22730","ἡ","O"
"22731","διήγησις","O"
"22732","περιττὴ","O"
"22733","καὶ","O"
"22734","πλέον","O"
"22735","οὐδὲν","O"
"22736","ἑκατέρῳ","O"
"22737","·","O"
"22738","οἷον","O"
"22739","ἀριστειῶν","O"
"22740","διηγήσεις","O"
"22741","γελοῖαι","O"
"22742","παντάπασιν","O"
"22743","ὁμολογοῦνται","O"
"22744","γάρ","O"
"22745","καὶ","O"
"22746","ἐκ","O"
"22747","παραβολῆς","O"
"22748","αἰτήσεις","O"
"22749","·","O"
"22750","οἷον","O"
"22751","δύο","O"
"22752","στρατηγῶν","O"
"22753","ὃ","O"
"22754","μὲν","O"
"22755","τριακοσίους","O"
"22756","ἔλαβεν","O"
"22757","αἰχμαλώτους","O"
"22758",",","O"
"22759","ὃ","O"
"22760","δὲ","O"
"22761","τριακοσίους","O"
"22762","ἀνῄρηκεν","O"
"22763","·","O"
"22764","ἀμφισβητοῦσιν","O"
"22765","τῆς","O"
"22766","δωρεᾶς","O"
"22767","·","O"
"22768","ἐνταῦθα","O"
"22769","γὰρ","O"
"22770","τὸ","O"
"22771","διηγεῖσθαι","O"
"22772","οὐδετέρῳ","O"
"22773","χρήσιμον","O"
"22774",",","O"
"22775","ἄλλως","O"
"22776","Ἐν","O"
"22777","δὲ","O"
"22778","τοῖς","O"
"22779","κεφαλαίοις","O"
"22780","πρὸς","O"
"22781","τῇ","O"
"22782","ἄλλῃ","O"
"22783","τῇ","O"
"22784","εἰρημένῃ","O"
"22785","ἀτεχνίᾳ","O"
"22786","καὶ","O"
"22787","τόδε","O"
"22788","τὸ","O"
"22789","πλημμέλημα","O"
"22790",",","O"
"22791","ἀλόγων","O"
"22792","τινῶν","O"
"22793","καὶ","O"
"22794","ἀπρεπῶν","O"
"22795","καὶ","O"
"22796","ἀπιθάνων","O"
"22797","κεφαλαίων","O"
"22798","συνήθεια","O"
"22799",",","O"
"22800","οἷς","O"
"22801","χρῶνται","O"
"22802","οἱ","O"
"22803","μελετῶντες","O"
"22804",",","O"
"22805","οὐκ","O"
"22806","ἂν","O"
"22807","χρησαμένων","O"
"22808","τῶν","O"
"22809","ὡς","O"
"22810","ἀληθῶς","O"
"22811","λεγόντων","O"
"22812","·","O"
"22813","ἃ","O"
"22814","καὶ","O"
"22815","καλοῦσιν","O"
"22816","καθολικὰ","O"
"22817","κεφάλαια","O"
"22818",".","O"
"22819","ἐν","O"
"22820","μὲν","O"
"22821","τῇ","O"
"22822","συμβουλευτικῇ","O"
"22823","ἰδέᾳ","O"
"22824","τὸ","O"
"22825","οὐ","O"
"22826","δεῖ","O"
"22827","πόλεμον","O"
"22828","πρὸ","O"
"22829","εἰρήνης","O"
"22830","αἱρεῖσθαι","O"
"22831","·","O"
"22832","τίς","O"
"22833","γάρ","O"
"22834","ἐστιν","O"
"22835","ὁ","O"
"22836","λέγων","O"
"22837",",","O"
"22838","ὅτι","O"
"22839","δεῖ","O"
"22840","ἀεί","O"
"22841","ποτε","O"
"22842","πόλεμον","O"
"22843","πρὸ","O"
"22844","εἰρήνης","O"
"22845","αἱρεῖσθαι","O"
"22846",";","O"
"22847","ἀλλ","O"
"22848","εἰ","O"
"22849","μέντοι","O"
"22850",",","O"
"22851","ζητοῦμεν","O"
"22852","καὶ","O"
"22853","τὸ","O"
"22854","πρὸς","O"
"22855","τίνας","O"
"22856","καὶ","O"
"22857","τὸ","O"
"22858","ἄχρι","O"
"22859","πόσου","O"
"22860","·","O"
"22861","ὧν","O"
"22862","ἡ","O"
"22863","ζήτησις","O"
"22864","ἐν","O"
"22865","τέσσαρσι","O"
"22866","τοῖς","O"
"22867","τῆς","O"
"22868","συμβουλῆς","O"
"22869","κεφαλαίοις","O"
"22870",",","O"
"22871","τῷ","O"
"22872","δικαίῳ","O"
"22873",",","O"
"22874","τῷ","O"
"22875","συμφέροντι","O"
"22876",",","O"
"22877","τῷ","O"
"22878","καλῷ","O"
"22879",",","O"
"22880","τῇ","O"
"22881","δυνάμει","O"
"22882",".","O"
"22883","ἐν","O"
"22884","δὲ","O"
"22885","ταῖς","O"
"22886","δικανικαῖς","O"
"22887","τὸ","O"
"22888","δεῖν","O"
"22889","τὸν","O"
"22890","ἠριστευκότα","O"
"22891",",","O"
"22892","τὸν","O"
"22893","ἀνῃρηκότα","O"
"22894","τύραννον","O"
"22895","δωρεὰν","O"
"22896","λαμβάνειν","O"
"22897",",","O"
"22898","ἣν","O"
"22899","ἂν","O"
"22900","θελήσῃ","O"
"22901",",","O"
"22902","πᾶσαν","O"
"22903",",","O"
"22904","ἐπειδὴ","O"
"22905","ὁ","O"
"22906","νόμος","O"
"22907","κελεύει","O"
"22908","·","O"
"22909","τοῦτο","O"
"22910","γὰρ","O"
"22911","πῶς","O"
"22912","οὐ","O"
"22913","παντάπασιν","O"
"22914","ἄλογον","O"
"22915","καὶ","O"
"22916","ἀναίσχυντον","O"
"22917",";","O"
"22918","ἀλλ","O"
"22919","εἰ","O"
"22920","μέν","O"
"22921",",","O"
"22922","ζητεῖται","O"
"22923",",","O"
"22924","ἃ","O"
"22925","βούλεταί","O"
"22926","τις","O"
"22927",",","O"
"22928","εἰ","O"
"22929","δίκαια","O"
"22930","καὶ","O"
"22931","πρέποντα","O"
"22932","αὐτῷ","O"
"22933","αἰτοῦντι","O"
"22934","λαβεῖν","O"
"22935","καὶ","O"
"22936","τοῖς","O"
"22937","ψηφιζομένοις","O"
"22938","παρασχεῖν","O"
"22939",".","O"
"22940","ἔτι","O"
"22941","κἀκεῖνο","O"
"22942","τὸ","O"
"22943","μὴ","O"
"22944","δεῖν","O"
"22945","τὸν","O"
"22946","στρατηγόν","O"
"22947",",","O"
"22948","τὸν","O"
"22949","ἄρχοντα","O"
"22950","τῶν","O"
"22951","κατὰ","O"
"22952","μέρος","O"
"22953","εὐθύνας","O"
"22954","ὑποσχεῖν","O"
"22955","·","O"
"22956","τούτῳ","O"
"22957","γὰρ","O"
"22958","σαφῶς","O"
"22959","ὁμολογεῖ","O"
"22960","ἀδικεῖν","O"
"22961",",","O"
"22962","τῷ","O"
"22963","μὴ","O"
"22964","πάντων","O"
"22965","ἀξιοῦν","O"
"22966","λόγον","O"
"22967","ὑποσχεῖν","O"
"22968",".","O"
"22969","φαίη","O"
"22970","τις","O"
"22971","ἂν","O"
"22972","ἐκ","O"
"22973","περιουσίας","O"
"22974","ταῦτα","O"
"22975","λέγεσθαι","O"
"22976","·","O"
"22977","ἀλλὰ","O"
"22978","τοὺς","O"
"22979","πλείστους","O"
"22980","τῶν","O"
"22981","λόγων","O"
"22982","ἐπ","O"
"22983","αὐτοῖς","O"
"22984","ἀναλίσκουσιν","O"
"22985",".","O"
"22986","ἔπειτα","O"
"22987","εἰδέναι","O"
"22988","δεῖ","O"
"22989","καὶ","O"
"22990","περὶ","O"
"22991","τῶν","O"
"22992","ἐκ","O"
"22993","περιουσίας","O"
"22994","κεφαλαίων","O"
"22995",",","O"
"22996","ὅτι","O"
"22997","τότε","O"
"22998","λεκτέα","O"
"22999","ἐστίν","O"
"23000",",","O"
"23001","ὅταν","O"
"23002","χρήσιμον","O"
"23003","ᾖ","O"
"23004","καὶ","O"
"23005","μὴ","O"
"23006","πολὺ","O"
"23007","μᾶλλον","O"
"23008","βλάπτῃ","O"
"23009",".","O"
"23010","ἔτι","O"
"23011","κἀκεῖνο","O"
"23012","τὸ","O"
"23013","μὴ","O"
"23014","δεῖν","O"
"23015","πατρὶ","O"
"23016","ἀποκηρύττοντι","O"
"23017","ἀντιλέγειν","O"
"23018","·","O"
"23019","τοῦτο","O"
"23020","πάντων","O"
"23021","γελοιότατον","O"
"23022","τὸ","O"
"23023","ἥκοντα","O"
"23024","εἰς","O"
"23025","δικαστήριον","O"
"23026","κατηγορήσοντα","O"
"23027","παιδὸς","O"
"23028","φάναι","O"
"23029","μὴ","O"
"23030","δεῖν","O"
"23031","ἀπολογεῖσθαι","O"
"23032",".","O"
"23033","μέγιστον","O"
"23034","δὲ","O"
"23035","καὶ","O"
"23036","ἀλογώτατον","O"
"23037","ἐκεῖνο","O"
"23038","τὸ","O"
"23039","μὴ","O"
"23040","δεῖν","O"
"23041","ἐξ","O"
"23042","εἰκότων","O"
"23043","κατηγορεῖν","O"
"23044","·","O"
"23045","τοῦτο","O"
"23046","γὰρ","O"
"23047","παντάπασιν","O"
"23048","στοχασμὸν","O"
"23049","ἀναιρεῖ","O"
"23050",",","O"
"23051","ὅ","O"
"23052","περ","O"
"23053","μέγιστον","O"
"23054","δικανικῆς","O"
"23055","ἰδέας","O"
"23056","μέρος","O"
"23057","·","O"
"23058","αἱ","O"
"23059","γὰρ","O"
"23060","πλεῖσται","O"
"23061","δίκαι","O"
"23062","ἐκ","O"
"23063","τῶν","O"
"23064","εἰκότων","O"
"23065","κρίνονται","O"
"23066",".","O"
"23067","ταῦτα","O"
"23068","καὶ","O"
"23069","ἄλλα","O"
"23070","τοιαῦτα","O"
"23071","κεφάλαια","O"
"23072","ἐν","O"
"23073","ταῖς","O"
"23074","τῶν","O"
"23075","σοφιστῶν","O"
"23076","διατριβαῖς","O"
"23077","εἰθισμένα","O"
"23078","ἀγωνίζεσθαι","O"
"23079","φευκτέα","O"
"23080",",","O"
"23081","εἰ","O"
"23082","μέλλει","O"
"23083","τις","O"
"23084","πρὸς","O"
"23085","ἀλήθειαν","O"
"23086","ῥητορεύειν","O"
"23087",".","O"
"23088","Ταῦτα","O"
"23089","μὲν","O"
"23090","πρὸς","O"
"23091","τοῖς","O"
"23092","εἰρημένοις","O"
"23093","καὶ","O"
"23094","περὶ","O"
"23095","τῶν","O"
"23096","κεφαλαίων","O"
"23097",".","O"
"23098","Ἐνίοις","O"
"23099","κἀκεῖνο","O"
"23100","ἁμάρτημα","O"
"23101",",","O"
"23102","αἱ","O"
"23103","καλούμεναι","O"
"23104","ἐκφράσεις","O"
"23105",",","O"
"23106","πολλαχοῦ","O"
"23107","τὸ","O"
"23108","χειμῶνα","O"
"23109","γράφειν","O"
"23110","καὶ","O"
"23111","λοιμοὺς","O"
"23112","καὶ","O"
"23113","λιμοὺς","O"
"23114","καὶ","O"
"23115","παρατάξεις","O"
"23116","καὶ","O"
"23117","ἀριστείας","O"
"23118",".","O"
"23119","οὐ","O"
"23120","γὰρ","O"
"23121","ἐν","O"
"23122","τούτῳ","O"
"23123","ἐστὶν","O"
"23124","ἡ","O"
"23125","κρίσις","O"
"23126","τῆς","O"
"23127","δίκης","O"
"23128",",","O"
"23129","ἐν","O"
"23130","τῷ","O"
"23131","διαγράψαι","O"
"23132","τὸν","O"
"23133","χειμῶνα","O"
"23134",".","O"
"23135","ἀλλὰ","O"
"23136","καὶ","O"
"23137","ταῦτα","O"
"23138","ματαία","O"
"23139","ἐπίδειξις","O"
"23140","καὶ","O"
"23141","λόγου","O"
"23142","ἀνάλωμα","O"
"23143","·","O"
"23144","εἰσερρύη","O"
"23145","δὲ","O"
"23146","τοῦτο","O"
"23147","τὸ","O"
"23148","ἁμάρτημα","O"
"23149","ἐν","O"
"23150","ταῖς","O"
"23151","μελέταις","O"
"23152","κατὰ","O"
"23153","ζῆλον","O"
"23154","τῆς","O"
"23155","ἱστορίας","O"
"23156","καὶ","O"
"23157","τῶν","O"
"23158","ποιημάτων","O"
"23159",".","O"
"23160","ἀγνοοῦμεν","O"
"23161","γὰρ","O"
"23162","ὡς","O"
"23163","ἔοικεν","O"
"23164",",","O"
"23165","ὅτι","O"
"23166","ἱστορία","O"
"23167","μὲν","O"
"23168","πεζὴ","O"
"23169","καὶ","O"
"23170","ποίησις","O"
"23171","γραφικὰς","O"
"23172","τὰς","O"
"23173","ὄψεις","O"
"23174","τῶν","O"
"23175","ἀναγκαίων","O"
"23176","τοῖς","O"
"23177","ἀκούουσιν","O"
"23178","παράγουσιν","O"
"23179",",","O"
"23180","ἀγὼν","O"
"23181","δὲ","O"
"23182","δικανικὸς","O"
"23183","μεμέτρηται","O"
"23184","πρὸς","O"
"23185","τὴν","O"
"23186","χρείαν","O"
"23187",".","O"
"23188","καὶ","O"
"23189","οἱ","O"
"23190","μὲν","O"
"23191","ποιηταὶ","O"
"23192","καὶ","O"
"23193","ἱστορικοὶ","O"
"23194","τὰ","O"
"23195","συμβεβηκότα","O"
"23196","τόποις","O"
"23197","τισὶ","O"
"23198","καὶ","O"
"23199","προσώποις","O"
"23200","ἐκτυποῦσιν","O"
"23201",",","O"
"23202","ὡς","O"
"23203","ἐγένετο","O"
"23204","·","O"
"23205","οἱ","O"
"23206","δὲ","O"
"23207","μελετῶντες","O"
"23208","ῥήτορες","O"
"23209","οὐκ","O"
"23210","ἔχοντες","O"
"23211","ὁμολογουμένην","O"
"23212","οὐδὲ","O"
"23213","ἰδίαν","O"
"23214","τὴν","O"
"23215","τῶν","O"
"23216","πεπραγμένων","O"
"23217","ἰδέαν","O"
"23218","αὑτοῖς","O"
"23219","ἀναπλάττουσιν","O"
"23220","λοιμῶν","O"
"23221","καὶ","O"
"23222","λιμῶν","O"
"23223","καὶ","O"
"23224","χειμώνων","O"
"23225","καὶ","O"
"23226","πολέμων","O"
"23227","ὄψεις","O"
"23228",",","O"
"23229","οὐ","O"
"23230","πάντων","O"
"23231","οὕτω","O"
"23232","συμβεβηκότων","O"
"23233",",","O"
"23234","ὡς","O"
"23235","αὐτοὶ","O"
"23236","λέγουσιν","O"
"23237",".","O"
"23238","ἔξεστι","O"
"23239","γοῦν","O"
"23240","καὶ","O"
"23241","τῷ","O"
"23242","ἀντιδίκῳ","O"
"23243","ἑτέρως","O"
"23244","αὐτὰ","O"
"23245","φράσαι","O"
"23246","ἢ","O"
"23247","ὡς","O"
"23248","ἂν","O"
"23249","ὁ","O"
"23250","ἀντίδικος","O"
"23251","εἴπῃ","O"
"23252",".","O"
"23253","ὥςπερ","O"
"23254","οὖν","O"
"23255","ἔφην","O"
"23256",",","O"
"23257","καὶ","O"
"23258","ταῦτα","O"
"23259","μάταιον","O"
"23260","μῆκος","O"
"23261","λόγων","O"
"23262",".","O"
"23263","τοῦτο","O"
"23264","δὲ","O"
"23265","τὸ","O"
"23266","πάθημα","O"
"23267","ἀνθρώπων","O"
"23268","ἀγνοούντων","O"
"23269",",","O"
"23270","ὅτι","O"
"23271","καὶ","O"
"23272","ἐν","O"
"23273","τοῖς","O"
"23274","ἐπικαίροις","O"
"23275","τῶν","O"
"23276","ἀγώνων","O"
"23277","ἔστι","O"
"23278","φαντασίας","O"
"23279","κίνησις","O"
"23280","ἱκανὴ","O"
"23281","καὶ","O"
"23282","οὐ","O"
"23283","δεῖ","O"
"23284","ἔξωθεν","O"
"23285","λόγοις","O"
"23286","φαντασίας","O"
"23287","ἐπεισκυκλεῖσθαι","O"
"23288",".","O"
"23289","Περι","O"
"23290","δὲ","O"
"23291","ἐπιλόγων","O"
"23292","·","O"
"23293","ἡγοῦνται","O"
"23294","τοὺς","O"
"23295","ἐπιλόγους","O"
"23296","ὥςπερ","O"
"23297","ἐν","O"
"23298","δείπνῳ","O"
"23299","τραγήματα","O"
"23300","εἶναι","O"
"23301","τῶν","O"
"23302","λόγων","O"
"23303","καὶ","O"
"23304","ὥςπερ","O"
"23305","ἐπιφυλλίδας","O"
"23306","καὶ","O"
"23307","στωμύλματα","O"
"23308","παρ","O"
"23309","ὃ","O"
"23310","καὶ","O"
"23311","ἐπιφωνήματα","O"
"23312","καλοῦσιν","O"
"23313","τὰ","O"
"23314","ἐν","O"
"23315","ἐπιλόγοις","O"
"23316","λεγόμενα","O"
"23317","οὐκ","O"
"23318","εἰδότες","O"
"23319",",","O"
"23320","ὅτι","O"
"23321","ὥςπερ","O"
"23322","τὸ","O"
"23323","προοίμιον","O"
"23324","διοίκησις","O"
"23325","τοῦ","O"
"23326","παντὸς","O"
"23327","ἀγῶνος","O"
"23328",",","O"
"23329","οὕτω","O"
"23330","καὶ","O"
"23331","ὁ","O"
"23332","ἐπίλογος","O"
"23333","βεβαίωσις","O"
"23334","ἢ","O"
"23335","ἐπανάμνησις","O"
"23336","τῶν","O"
"23337","προαποδεδειγμένων","O"
"23338","πραγμάτων","O"
"23339",",","O"
"23340","ἢ","O"
"23341","ἐν","O"
"23342","παθῶν","O"
"23343","συντάσει","O"
"23344","παροξυνόντων","O"
"23345","ἡμῶν","O"
"23346","ἢ","O"
"23347","οἰκτιζομένων","O"
"23348","ἢ","O"
"23349","καὶ","O"
"23350","ἄλλα","O"
"23351","ὅσα","O"
"23352","ἤθη","O"
"23353","λόγων","O"
"23354","διάφορα","O"
"23355","τῷ","O"
"23356","ὑποκειμένῳ","O"
"23357","ἑκάστοτε","O"
"23358","ἀγῶνι","O"
"23359",".","O"
"23360","Ταῦτα","O"
"23361","καὶ","O"
"23362","ὅσα","O"
"23363","ἐκ","O"
"23364","τούτων","O"
"23365","ἤρτηται","O"
"23366","τηρῶμεν","O"
"23367","ἐν","O"
"23368","ταῖς","O"
"23369","μελέταις","O"
"23370","πλημμελήματα","O"
"23371",".","O"
"23372","Ἔτι","O"
"23373","δὲ","O"
"23374","καὶ","O"
"23375","τὴν","O"
"23376","παλαιότητα","O"
"23377","μὴ","O"
"23378","ἐν","O"
"23379","τῇ","O"
"23380","θέσει","O"
"23381","τῶν","O"
"23382","βυβλίων","O"
"23383","νομίζωμεν","O"
"23384","εἶναι","O"
"23385",",","O"
"23386","ἀλλ","O"
"23387","ἐν","O"
"23388","τῇ","O"
"23389","χρήσει","O"
"23390","τῆς","O"
"23391","ὁμοιότητος","O"
"23392",".","O"
"23393","μίμησις","O"
"23394","γὰρ","O"
"23395","οὐ","O"
"23396","χρῆσίς","O"
"23397","ἐστι","O"
"23398","τῶν","O"
"23399","διανοημάτων","O"
"23400",",","O"
"23401","ἀλλ","O"
"23402","ἡ","O"
"23403","ὁμοία","O"
"23404","τῶν","O"
"23405","παλαιῶν","O"
"23406","ἔντεχνος","O"
"23407","μεταχείρισις","O"
"23408",".","O"
"23409","καὶ","O"
"23410","μιμεῖται","O"
"23411","τὸν","O"
"23412","Δημοσθένην","PERSON"
"23413","οὐχ","O"
"23414","ὁ","O"
"23415","τὸ","O"
"23416","Δημοσθένους","PERSON"
"23417","λέγων","O"
"23418","ἀλλ","O"
"23419","ὁ","O"
"23420","Δημοσθενικῶς","NORP"
"23421",",","O"
"23422","καὶ","O"
"23423","τὸν","O"
"23424","Πλάτωνα","PERSON"
"23425","ὁμοίως","O"
"23426","καὶ","O"
"23427","τὸν","O"
"23428","Ὅμηρον","PERSON"
"23429",".","O"
"23430","καὶ","O"
"23431","πᾶσα","O"
"23432","μίμησις","O"
"23433","ὧδε","O"
"23434","ἔχει","O"
"23435","·","O"
"23436","τέχνης","O"
"23437","ζῆλος","O"
"23438","ἐκμάττων","O"
"23439","ἐνθυμημάτων","O"
"23440","ὁμοιότητα","O"
"23441",".","O"
"23442","μακρότερος","O"
"23443","ὁ","O"
"23444","περὶ","O"
"23445","μιμήσεως","O"
"23446","λόγος","O"
"23447",",","O"
"23448","ὃν","O"
"23449","ἀλλαχῇ","O"
"23450","μεταχειριούμεθα","O"
"23451",".","O"
"23452","τὸ","O"
"23453","δὲ","O"
"23454","νῦν","O"
"23455","ἔχον","O"
"23456","τηρητέον","O"
"23457","τὰ","O"
"23458","ἐν","O"
"23459","μελέτῃ","O"
"23460","πλημμελήματα","O"
"23461","ἐν","O"
"23462","ἤθει","O"
"23463",",","O"
"23464","ἐν","O"
"23465","γνώμῃ","O"
"23466",",","O"
"23467","ἐν","O"
"23468","τέχνῃ","O"
"23469",",","O"
"23470","ἐν","O"
"23471","λέξει","O"
"23472",",","O"
"23473","κατὰ","O"
"23474","πάντα","O"
"23475","μέρη","O"
"23476","τῆς","O"
"23477","ὑποθέσεως","O"
"23478",",","O"
"23479","κατὰ","O"
"23480","προοίμιον","O"
"23481",",","O"
"23482","διηγήσεις","O"
"23483",",","O"
"23484","πίστεις","O"
"23485",",","O"
"23486","ἐπιλόγους","O"
"23487",".","O"
"23488","ταῦτα","O"
"23489","περὶ","O"
"23490","τὰ","O"
"23491","φανερώτατα","O"
"23492","·","O"
"23493","πλείω","O"
"23494","δὲ","O"
"23495","τὰ","O"
"23496","ὑπολειπόμενα","O"
"23497",",","O"
"23498","ἃ","O"
"23499","δείξουσιν","O"
"23500","αἱ","O"
"23501","συνουσίαι","O"
"23502",".","O"
"23503","Περὶ","O"
"23504","λόγων","O"
"23505","ἐξετάσεως","O"
"23506","Ὁ","O"
"23507","μέγιστος","O"
"23508","κίνδυνός","O"
"23509","ἐστι","O"
"23510","καὶ","O"
"23511","νέῳ","O"
"23512","καὶ","O"
"23513","μὴ","O"
"23514","νέῳ","O"
"23515","περὶ","O"
"23516","τὴν","O"
"23517","τῶν","O"
"23518","λόγων","O"
"23519","κρίσιν","O"
"23520",".","O"
"23521","ταῖς","O"
"23522","γὰρ","O"
"23523","ἡμετέραις","O"
"23524","δόξαις","O"
"23525","δίχα","O"
"23526","ἐπιστήμης","O"
"23527","εἰκῇ","O"
"23528","καὶ","O"
"23529","ἐπαινοῦμεν","O"
"23530","ἃ","O"
"23531","ἔτυχεν","O"
"23532","ἑκάστοτε","O"
"23533","καὶ","O"
"23534","ψέγομεν","O"
"23535","·","O"
"23536","καὶ","O"
"23537","διὰ","O"
"23538","τοῦτο","O"
"23539","συμβαίνει","O"
"23540","ταὐτὰ","O"
"23541","καὶ","O"
"23542","ἐπαινεῖσθαι","O"
"23543","καὶ","O"
"23544","ψέγεσθαι","O"
"23545","οὐ","O"
"23546","μόνον","O"
"23547","ἄλλοτε","O"
"23548","ὑπ","O"
"23549","ἄλλων","O"
"23550",",","O"
"23551","ἀλλὰ","O"
"23552","καὶ","O"
"23553","ταὐτὰ","O"
"23554","ὑπὸ","O"
"23555","τῶν","O"
"23556","αὐτῶν","O"
"23557","ποτὲ","O"
"23558","μὲν","O"
"23559","ἐπαινεῖσθαι","O"
"23560",",","O"
"23561","ποτὲ","O"
"23562","δὲ","O"
"23563","ψέγεσθαι","O"
"23564",".","O"
"23565","ὥςπερ","O"
"23566","γὰρ","O"
"23567","οἱ","O"
"23568","ἄπειροι","O"
"23569","τοῦ","O"
"23570","ἀριθμοῦ","O"
"23571","οὐδέποτε","O"
"23572","τὰ","O"
"23573","αὐτὰ","O"
"23574","περὶ","O"
"23575","τῶν","O"
"23576","αὐτῶν","O"
"23577","λέγουσιν","O"
"23578","οὔτε","O"
"23579","πρὸς","O"
"23580","ἀλλήλους","O"
"23581","οὔτε","O"
"23582","πρὸς","O"
"23583","ἄλλους","O"
"23584",",","O"
"23585","ἀλλ","O"
"23586","ἡ","O"
"23587","ἀπειρία","O"
"23588","παρέχει","O"
"23589","τεκμήριον","O"
"23590","τὴν","O"
"23591","ἀσυμφωνίαν","O"
"23592","·","O"
"23593","οὕτως","O"
"23594","ἀμέλει","O"
"23595","καὶ","O"
"23596","περὶ","O"
"23597","λόγους","O"
"23598","ἔχομεν","O"
"23599","οἱ","O"
"23600","πλεῖστοι","O"
"23601","·","O"
"23602","οὐδέποτε","O"
"23603","γὰρ","O"
"23604","τὰ","O"
"23605","αὐτὰ","O"
"23606","ἡμῖν","O"
"23607","δοκεῖ","O"
"23608",",","O"
"23609","ἀλλὰ","O"
"23610","ποτὲ","O"
"23611","μὲν","O"
"23612","ἐπαινοῦμεν","O"
"23613","ταῦτα","O"
"23614","ἃ","O"
"23615","ποτὲ","O"
"23616","ἐψέγομεν","O"
"23617",",","O"
"23618","καὶ","O"
"23619","ἃ","O"
"23620","ἐψέξαμεν","O"
"23621","ἐπαινοῦμεν","O"
"23622","·","O"
"23623","ψυχαγωγούμεθα","O"
"23624","γὰρ","O"
"23625","τῇ","O"
"23626","δόξῃ","O"
"23627","τῶν","O"
"23628","ἀποφαινομένων","O"
"23629","ἢ","O"
"23630","πρὸς","O"
"23631","τὸ","O"
"23632","ἀξίωμα","O"
"23633","τὸ","O"
"23634","ἐκείνων","O"
"23635","ἀποβλέποντες","O"
"23636",",","O"
"23637","οὐκ","O"
"23638","οἰκείᾳ","O"
"23639","κρίσει","O"
"23640","χρώμενοι","O"
"23641",".","O"
"23642","δεῖ","O"
"23643","δὲ","O"
"23644","ὥςπερ","O"
"23645","κανόνα","O"
"23646","εἶναι","O"
"23647","καὶ","O"
"23648","στάθμην","O"
"23649","τινὰ","O"
"23650","καὶ","O"
"23651","δοκίμιον","O"
"23652","ὡρισμένον","O"
"23653",",","O"
"23654","πρὸς","O"
"23655","ὅ","O"
"23656","τις","O"
"23657","ἀποβλέπων","O"
"23658","δυνήσεται","O"
"23659","τὴν","O"
"23660","κρίσιν","O"
"23661","ποιεῖσθαι","O"
"23662","ἢ","O"
"23663","ἐπὶ","O"
"23664","τάδ","O"
"23665","ἢ","O"
"23666","ἐπ","O"
"23667","ἐκεῖνα","O"
"23668",".","O"
"23669","ὡς","O"
"23670","οὖν","O"
"23671","ἐμοὶ","O"
"23672","δοκεῖ","O"
"23673",",","O"
"23674","φράσω","O"
"23675","πρὸς","O"
"23676","ὑμᾶς","O"
"23677",".","O"
"23678","τέτταρα","O"
"23679","εἶναί","O"
"23680","φημι","O"
"23681",",","O"
"23682","ἀφ","O"
"23683","ὧν","O"
"23684","τὴν","O"
"23685","δοκιμασίαν","O"
"23686","καὶ","O"
"23687","τὴν","O"
"23688","κρίσιν","O"
"23689","χρῆναι","O"
"23690","ποιεῖσθαι","O"
"23691","τῶν","O"
"23692","λόγων","O"
"23693","ἀξιῶ","O"
"23694",".","O"
"23695","ἔστι","O"
"23696","δὲ","O"
"23697","τὰ","O"
"23698","τέσσαρα","O"
"23699","ταῦτα","O"
"23700","·","O"
"23701","ἦθος","O"
"23702",",","O"
"23703","γνώμη","O"
"23704",",","O"
"23705","τέχνη","O"
"23706",",","O"
"23707","λέξις","O"
"23708",".","O"
"23709","σκεπτέον","O"
"23710","οὖν","O"
"23711","ἀεὶ","O"
"23712","ἡμῖν","O"
"23713",",","O"
"23714","περὶ","O"
"23715","ὧν","O"
"23716","ἢ","O"
"23717","ἀνέγνωμεν","O"
"23718","ἢ","O"
"23719","ἠκούσαμεν","O"
"23720","ἢ","O"
"23721","ὁπωςοῦν","O"
"23722","ἐνετύχομεν","O"
"23723",",","O"
"23724","τί","O"
"23725","ὠφελεῖ","O"
"23726","ἢ","O"
"23727","βλάπτει","O"
"23728","εἰς","O"
"23729","ἦθος","O"
"23730",",","O"
"23731","τί","O"
"23732","εἰς","O"
"23733","γνώμην","O"
"23734",",","O"
"23735","τί","O"
"23736","εἰς","O"
"23737","τέχνην","O"
"23738",",","O"
"23739","τί","O"
"23740","εἰς","O"
"23741","λέξιν","O"
"23742",".","O"
"23743","ἔξω","O"
"23744","τούτων","O"
"23745","οὐκ","O"
"23746","εἰσὶν","O"
"23747","ὅροι","O"
"23748",".","O"
"23749","Τί","O"
"23750","ποτ","O"
"23751","ἐστὶν","O"
"23752","ὃ","O"
"23753","λέγω","O"
"23754",",","O"
"23755","μαθεῖν","O"
"23756","χρή","O"
"23757",".","O"
"23758","τὸ","O"
"23759","ἦθος","O"
"23760","φημὶ","O"
"23761","διπλοῦν","O"
"23762","εἶναι","O"
"23763",",","O"
"23764","κοινόν","O"
"23765","τε","O"
"23766","καὶ","O"
"23767","ἲδιον","O"
"23768",".","O"
"23769","πῇ","O"
"23770","διορίζω","O"
"23771","τὸ","O"
"23772","κοινὸν","O"
"23773","καὶ","O"
"23774","τὸ","O"
"23775","ἴδιον","O"
"23776","ἀπ","O"
"23777","ἀλλήλων","O"
"23778",",","O"
"23779","φράσω","O"
"23780",".","O"
"23781","κοινὸν","O"
"23782","λέγω","O"
"23783","τὸ","O"
"23784","φιλοσοφίας","O"
"23785","ἐχόμενον","O"
"23786",".","O"
"23787","ἔστι","O"
"23788","δὲ","O"
"23789","τοῦτο","O"
"23790","τί","O"
"23791",";","O"
"23792","τὸ","O"
"23793","εἰς","O"
"23794","ἀρετὴν","O"
"23795","προτρέπον","O"
"23796","καὶ","O"
"23797","κακίας","O"
"23798","ἀπαλλάττον","O"
"23799",".","O"
"23800","ἴδιον","O"
"23801","δὲ","O"
"23802","λέγω","O"
"23803","τὸ","O"
"23804","ῥητορικόν","O"
"23805",".","O"
"23806","ἔστι","O"
"23807","δὲ","O"
"23808","τοῦτο","O"
"23809","τί","O"
"23810",";","O"
"23811","τὸ","O"
"23812","πρέποντας","O"
"23813","καὶ","O"
"23814","προσήκοντας","O"
"23815","τοὺς","O"
"23816","λόγους","O"
"23817","ποιεῖσθαι","O"
"23818","περὶ","O"
"23819","τῶν","O"
"23820","ὑποκειμένων","O"
"23821","πραγμάτων","O"
"23822","τῷ","O"
"23823","λέγοντι","O"
"23824","αὐτῷ","O"
"23825","καὶ","O"
"23826","τῷ","O"
"23827","ἀκούοντι","O"
"23828","καὶ","O"
"23829","περὶ","O"
"23830","ὧν","O"
"23831","ὁ","O"
"23832","λόγος","O"
"23833","καὶ","O"
"23834","πρὸς","O"
"23835","οὓς","O"
"23836","ὁ","O"
"23837","λόγος","O"
"23838","·","O"
"23839","οὗ","O"
"23840","ὅ","O"
"23841","τί","O"
"23842","ποτέ","O"
"23843","ἐστιν","O"
"23844",",","O"
"23845","ἔστιν","O"
"23846","ὁ","O"
"23847","ἀγὼν","O"
"23848","τοῖς","O"
"23849","βυβλίοις","O"
"23850","πᾶσιν","O"
"23851",",","O"
"23852","καὶ","O"
"23853","τοῖς","O"
"23854","παλαιοῖς","O"
"23855","καὶ","O"
"23856","τοῖς","O"
"23857","νέοις","O"
"23858",".","O"
"23859","τί","O"
"23860","οὖν","O"
"23861","περὶ","O"
"23862","τούτων","O"
"23863","λέγω","O"
"23864",";","O"
"23865","τὰ","O"
"23866","βυβλία","O"
"23867","μεστά","O"
"23868","ἐστι","O"
"23869","δικαίων","O"
"23870","ἠθῶν","O"
"23871",",","O"
"23872","ἀδίκων","O"
"23873",",","O"
"23874","σωφρόνων","O"
"23875","ἀκολάστων","O"
"23876",",","O"
"23877","ἀνδρείων","O"
"23878","δειλῶν","O"
"23879",",","O"
"23880","σοφῶν","O"
"23881","ἀμαθῶν","O"
"23882",",","O"
"23883","πράων","O"
"23884","ὀργίλων","O"
"23885",".","O"
"23886","ἔξεστιν","O"
"23887","οὖν","O"
"23888","καταλιπόντας","O"
"23889","τὰ","O"
"23890","ὀνόματα","O"
"23891",",","O"
"23892","ἐκλαβόντας","O"
"23893","τὰ","O"
"23894","ἤθη","O"
"23895","φιλοσοφῆσαι","O"
"23896","τὰ","O"
"23897","τοῦ","O"
"23898","βίου","O"
"23899","πράγματα","O"
"23900",",","O"
"23901","καὶ","O"
"23902","τὰ","O"
"23903","μὲν","O"
"23904","μιμήσασθαι","O"
"23905",",","O"
"23906","τὰ","O"
"23907","δὲ","O"
"23908","φυγεῖν","O"
"23909","·","O"
"23910","οἷον","O"
"23911","εἴ","O"
"23912","τις","O"
"23913","λαβὼν","O"
"23914","παρὰ","O"
"23915","Ὁμήρου","PERSON"
"23916","τὸ","O"
"23917","ἦθος","O"
"23918","τοῦ","O"
"23919","Ἀλεξάνδρου","PERSON"
"23920","λυμηναμένου","O"
"23921","ξένου","O"
"23922","οἰκίαν","O"
"23923","καὶ","O"
"23924","ἁρπαγὴν","O"
"23925","ποιησαμένου","O"
"23926","ἀλλοτρίας","O"
"23927","γυναικὸς","O"
"23928","μισοῖ","O"
"23929","μὲν","O"
"23930","τὸ","O"
"23931","ἦθος","O"
"23932",",","O"
"23933","φυλάττοιτο","O"
"23934","δὲ","O"
"23935","καὶ","O"
"23936","τὴν","O"
"23937","τύχην","O"
"23938",",","O"
"23939","ὡς","O"
"23940","καὶ","O"
"23941","τὴν","O"
"23942","πατρίδα","O"
"23943","τούτου","O"
"23944","κατασκαφεῖσαν","O"
"23945","καὶ","O"
"23946","τὸν","O"
"23947","οἶκον","O"
"23948","ἀνατραπέντα","O"
"23949","καὶ","O"
"23950","μεγίστην","O"
"23951","τιμωρίαν","O"
"23952","καὶ","O"
"23953","παρὰ","O"
"23954","ἀνθρώπων","O"
"23955","καὶ","O"
"23956","ἐκ","O"
"23957","θεῶν","O"
"23958","γενομένην","O"
"23959",".","O"
"23960","πάλιν","O"
"23961","αὖ","O"
"23962","ἔστι","O"
"23963","πονηρὸν","O"
"23964","ἦθος","O"
"23965","τοῦ","O"
"23966","Πανδάρου","PERSON"
"23967","συγχέοντος","O"
"23968","τοὺς","O"
"23969","ὅρκους","O"
"23970","·","O"
"23971","ἡ","O"
"23972","τιμωρία","O"
"23973","φαίνεται","O"
"23974","ἐπαξία","O"
"23975","τοῦ","O"
"23976","ἁμαρτήματος","O"
"23977",".","O"
"23978","Νέστορός","PERSON"
"23979","που","O"
"23980","σωφροσύνη","O"
"23981","φαίνεται","O"
"23982","·","O"
"23983","τοῦτο","O"
"23984","εἰς","O"
"23985","ἀρετὴν","O"
"23986","συντελεῖ","O"
"23987",".","O"
"23988","λέγει","O"
"23989","που","O"
"23990","ὁ","O"
"23991","Ζεὺς","GOD"
"23992","περὶ","O"
"23993","τοῦ","O"
"23994","Ἕκτορος","PERSON"
"23995",",","O"
"23996","εὐοέβειαν","O"
"23997","αὐτῷ","O"
"23998","μαρτυρῶν","O"
"23999","οὐ","O"
"24000","γάρ","O"
"24001","μοί","O"
"24002","ποτε","O"
"24003","βωμὸς","O"
"24004","ἐδεύετο","O"
"24005","δαιτὸς","O"
"24006","ἐίσης","O"
"24007","λοιβῆς","O"
"24008","τε","O"
"24009","κνίσης","O"
"24010","τε","O"
"24011",",","O"
"24012","τὸ","O"
"24013","γὰρ","O"
"24014","λάχομεν","O"
"24015","γέρας","O"
"24016","ἡμεῖς","O"
"24017",".","O"
"24018","καὶ","O"
"24019","ἂν","O"
"24020","καταλιπὼν","O"
"24021","τὰ","O"
"24022","ὀνόματα","O"
"24023","ἐξετάσῃς","O"
"24024","τῶν","O"
"24025","ἠθῶν","O"
"24026","τὰς","O"
"24027","διακρίσεις","O"
"24028",",","O"
"24029","ὥςπερ","O"
"24030","ἐν","O"
"24031","θεάτρῳ","O"
"24032","τοῦ","O"
"24033","βίου","O"
"24034","διὰ","O"
"24035","τῶν","O"
"24036","βυβλίων","O"
"24037","πορεύση","O"
"24038",".","O"
"24039","τοῦτο","O"
"24040","καὶ","O"
"24041","λάτων","PERSON"
"24042","εἶπεν","O"
"24043",",","O"
"24044","ὅτι","O"
"24045","ἡ","O"
"24046","ποιητικὴ","GOD"
"24047","μυρία","O"
"24048","τῶν","O"
"24049","παλαιῶν","O"
"24050","ἔργα","O"
"24051","κοσμοῦσα","O"
"24052","τοὺς","O"
"24053","ἐπιγινομένους","O"
"24054","παιδεύει","O"
"24055",".","O"
"24056","παιδεία","O"
"24057","ἄρα","O"
"24058","ἐστὶν","O"
"24059","ἡ","O"
"24060","ἔντευξις","O"
"24061","τῶν","O"
"24062","ἠθῶν","O"
"24063",".","O"
"24064","τοῦτο","O"
"24065","καὶ","O"
"24066","Θουκυδίδης","PERSON"
"24067","ἔοικεν","O"
"24068","λέγειν","O"
"24069",",","O"
"24070","περὶ","O"
"24071","ἱστορίας","O"
"24072","λέγων","O"
"24073",",","O"
"24074","ὅτι","O"
"24075","καὶ","O"
"24076","στορία","O"
"24077","φιλοσοφία","O"
"24078","ἐστὶν","O"
"24079","ἐκ","O"
"24080","παραδειγμάτων","O"
"24081","·","O"
"24082","ὅσοι","O"
"24083","δὲ","O"
"24084","βουλήσονται","O"
"24085","τῶν","O"
"24086","τε","O"
"24087","γενομένων","O"
"24088","τὸ","O"
"24089","σαφὲς","O"
"24090","σκοπεῖν","O"
"24091",",","O"
"24092","καὶ","O"
"24093","τῶν","O"
"24094","μελλόντων","O"
"24095","ποτὲ","O"
"24096","αὖθις","O"
"24097","κατὰ","O"
"24098","τὸ","O"
"24099","ἀνθρώπειον","O"
"24100","τοιούτων","O"
"24101","καὶ","O"
"24102","παραπλησίων","O"
"24103","ἔσεσθαι","O"
"24104",",","O"
"24105","ὠφέλιμα","O"
"24106","χρῆσθαι","O"
"24107","ταῖς","O"
"24108","παλαιαῖς","O"
"24109","ἱστορίαις","O"
"24110","καὶ","O"
"24111","τοῖς","O"
"24112","παραδείγμασιν","O"
"24113","τῶν","O"
"24114","ἠθῶν","O"
"24115","ὡς","O"
"24116","ἱστορίᾳ","O"
"24117","τοῦ","O"
"24118","βίου","O"
"24119",".","O"
"24120","ταῦτα","O"
"24121","μὲν","O"
"24122","περὶ","O"
"24123","τοῦ","O"
"24124","κοινοῦ","O"
"24125","ἤθους","O"
"24126","·","O"
"24127","κακίας","O"
"24128","φυγὴ","O"
"24129","καὶ","O"
"24130","ἀρετῆς","O"
"24131","κτῆσις","O"
"24132",".","O"
"24133","Περὶ","O"
"24134","δὲ","O"
"24135","τοῦ","O"
"24136","ἰδίου","O"
"24137","ἤθους","O"
"24138",",","O"
"24139","ὃ","O"
"24140","ῥητορικὸν","O"
"24141","καλοῦμεν","O"
"24142","καὶ","O"
"24143","τρόπον","O"
"24144","τινὰ","O"
"24145","οὗτος","O"
"24146","ὁ","O"
"24147","λόγος","O"
"24148","περὶ","O"
"24149","διαιρέσεώς","O"
"24150","ἐστιν","O"
"24151","·","O"
"24152","περὶ","O"
"24153","οὗ","O"
"24154","μηδεὶς","O"
"24155","γέγραφεν","O"
"24156","μηδὲ","O"
"24157","εἴρηκέν","O"
"24158","ποτε","O"
"24159",".","O"
"24160","οἱ","O"
"24161","γὰρ","O"
"24162","ἀγῶνές","O"
"24163","εἰσιν","O"
"24164","τῷ","O"
"24165","ῥήτορι","O"
"24166","δύο","O"
"24167",",","O"
"24168","ὁ","O"
"24169","τοῦ","O"
"24170","πράγματος","O"
"24171","καὶ","O"
"24172","ὁ","O"
"24173","τοῦ","O"
"24174","ἤθους","O"
"24175","·","O"
"24176","πρεσβύτερος","O"
"24177","δ","O"
"24178","ὁ","O"
"24179","τοῦ","O"
"24180","ἤθους","O"
"24181","καὶ","O"
"24182","κυριώτερος","O"
"24183",",","O"
"24184","καὶ","O"
"24185","ὡς","O"
"24186","εἰπεῖν","O"
"24187","τῷ","O"
"24188","ῥήτορι","O"
"24189","μόνος","O"
"24190","ὁ","O"
"24191","τοῦ","O"
"24192","ἤθους","O"
"24193","ἀγών","O"
"24194","ἐστιν","O"
"24195",".","O"
"24196","τὸ","O"
"24197","γὰρ","O"
"24198","πρᾶγμα","O"
"24199","οἰκείαν","O"
"24200","ὕλην","O"
"24201","εἰς","O"
"24202","χορηγίαν","O"
"24203","παρέχει","O"
"24204","·","O"
"24205","ἡ","O"
"24206","τῶν","O"
"24207","ἠθῶν","O"
"24208","θεωρία","O"
"24209","ἀριθμῷ","O"
"24210","καταληφθεῖσαν","O"
"24211","διαίρεσιν","O"
"24212","ἠθῶν","O"
"24213","παραδίδωσι","O"
"24214",".","O"
"24215","συνέλωμεν","O"
"24216","οὖν","O"
"24217","καὶ","O"
"24218","τὰ","O"
"24219","ἤθη","O"
"24220","ἀριθμῷ","O"
"24221","καταδησώμεθα","O"
"24222",",","O"
"24223","ὥςτε","O"
"24224","μηδὲν","O"
"24225","ἡμᾶς","O"
"24226","δύνασθαι","O"
"24227","διαφυγεῖν","O"
"24228",".","O"
"24229","τὰ","O"
"24230","τοίνυν","O"
"24231","ἴδια","O"
"24232","καὶ","O"
"24233","ῥητορικὰ","O"
"24234","ἤθη","O"
"24235","τούτοις","O"
"24236","διαιρεῖται","O"
"24237","·","O"
"24238","κατὰ","O"
"24239","ἔθνη","O"
"24240",",","O"
"24241","γένη","O"
"24242",",","O"
"24243","ἡλικίας","O"
"24244",",","O"
"24245","προαιρέσεις","O"
"24246",",","O"
"24247","τύχας","O"
"24248",",","O"
"24249","ἐπιτηδεύσεις","O"
"24250",".","O"
"24251","ἑπτὰ","O"
"24252","οὗτοι","O"
"24253","τόποι","O"
"24254","·","O"
"24255","τὸ","O"
"24256","γὰρ","O"
"24257","ἔθνος","O"
"24258","διπλοῦν","O"
"24259",",","O"
"24260","ἔκ","O"
"24261","τε","O"
"24262","τοῦ","O"
"24263","κοινοῦ","O"
"24264","παντὸς","O"
"24265","καὶ","O"
"24266","τοῦ","O"
"24267","ἰδίου","O"
"24268",".","O"
"24269","Τί","O"
"24270","ποτέ","O"
"24271","ἐστιν","O"
"24272","ὃ","O"
"24273","λέγω","O"
"24274",",","O"
"24275","διηγήσομαι","O"
"24276",".","O"
"24277","ζητητέον","O"
"24278","ἐστί","O"
"24279",",","O"
"24280","πότερον","O"
"24281","Ἕλλην","NORP"
"24282","ὁ","O"
"24283","λέγων","O"
"24284","ἢ","O"
"24285","βάρβαρος","NORP"
"24286","καθόλου","O"
"24287",".","O"
"24288","πολλὴ","O"
"24289","γὰρ","O"
"24290","διαίρεσίς","O"
"24291","ἐστι","O"
"24292","καὶ","O"
"24293","διάκρισις","O"
"24294","Ἑλληνικοῦ","NORP"
"24295","ἤθους","O"
"24296","καὶ","O"
"24297","βαρβαρικοῦ","NORP"
"24298",".","O"
"24299","εὑρήσεις","O"
"24300","γὰρ","O"
"24301","ἀγροικότερα","O"
"24302","τὰ","O"
"24303","βαρβαρικὰ","NORP"
"24304","ἤθη","O"
"24305","καὶ","O"
"24306","τραχύτερά","O"
"24307","πως","O"
"24308","καὶ","O"
"24309","ἔχοντά","O"
"24310","τινα","O"
"24311","αὐθάδειαν","O"
"24312",",","O"
"24313","ὥςπερ","O"
"24314","καὶ","O"
"24315","ὁ","O"
"24316","Πλάτων","PERSON"
"24317","τὸν","O"
"24318","Αἰγύπτιον","NORP"
"24319","λέγοντα","O"
"24320","εἰσάγει","O"
"24321","·","O"
"24322","ὦ","O"
"24323","Σόλων","PERSON"
"24324",",","O"
"24325","Σόλων","PERSON"
"24326",",","O"
"24327","Ἕλληνες","NORP"
"24328","ἀεὶ","O"
"24329","παῖδες","O"
"24330","ἐστέ","O"
"24331",",","O"
"24332","μάθημα","O"
"24333","δὲ","O"
"24334","οὐδὲν","O"
"24335","ἔχετε","O"
"24336","χρόνῳ","O"
"24337","πολιόν","O"
"24338","·","O"
"24339","ἐνταῦθα","O"
"24340","γὰρ","O"
"24341","καὶ","O"
"24342","ἡ","O"
"24343","τροπὴ","O"
"24344","τῶν","O"
"24345","ὀνομάτων","O"
"24346","δηλοῖ","O"
"24347","τὸ","O"
"24348","ἴδιον","O"
"24349","τῶν","O"
"24350","βαρβάρων","O"
"24351",".","O"
"24352","ὥςπερ","O"
"24353","ἀμέλει","O"
"24354","καὶ","O"
"24355","Ἡρόδοτος","PERSON"
"24356","πεποίηκεν","O"
"24357","διαλεγόμενον","O"
"24358","τὸν","O"
"24359","Κανδαύλην","PERSON"
"24360","πρὸς","O"
"24361","τὸν","O"
"24362","Γύγην","PERSON"
"24363","·","O"
"24364","ὦτα","O"
"24365","γὰρ","O"
"24366","τυγχάνει","O"
"24367","ἀνθρώποισιν","O"
"24368","ἐόντα","O"
"24369","ἀπιστότερα","O"
"24370","ὀφθαλμῶν","O"
"24371","·","O"
"24372","οὐ","O"
"24373","γὰρ","O"
"24374","περὶ","O"
"24375","ἀκοῆς","O"
"24376","καὶ","O"
"24377","ὄψεως","O"
"24378","διελέχθη","O"
"24379",",","O"
"24380","ἀλλ","O"
"24381","ἐπὶ","O"
"24382","τὰ","O"
"24383","μέρη","O"
"24384","τοῦ","O"
"24385","σώματος","O"
"24386","τὴν","O"
"24387","γνώμην","O"
"24388","μετήνεγκεν","O"
"24389",".","O"
"24390","ὡς","O"
"24391","καὶ","O"
"24392","τὸν","O"
"24393","τρόπον","O"
"24394","τῆς","O"
"24395","λέξεως","O"
"24396","βαρβαρικὸς","NORP"
"24397","καὶ","O"
"24398","ὁ","O"
"24399","λέγων","O"
"24400","χρῆμα","O"
"24401","ἑωρακέναι","O"
"24402","παρὰ","O"
"24403","τοῖς","O"
"24404","Ἕλλησιν","NORP"
"24405",",","O"
"24406","ᾧ","O"
"24407","χρώμενοιι","O"
"24408","μαίνονται","O"
"24409",",","O"
"24410","τὴν","O"
"24411","γυμνασίαν","O"
"24412","τῶν","O"
"24413","ἀθλούντων","O"
"24414","λέγων","O"
"24415",",","O"
"24416","καὶ","O"
"24417","ὁ","O"
"24418","μανίας","O"
"24419","πόμα","O"
"24420","λέγων","O"
"24421","τὸν","O"
"24422","οἶνον","O"
"24423",".","O"
"24424","Καὶ","O"
"24425","ὅλως","O"
"24426","τί","O"
"24427","δεῖ","O"
"24428","ταῦτα","O"
"24429","ἐπιλέγεσθαι","O"
"24430",";","O"
"24431","μεστὰ","O"
"24432","γὰρ","O"
"24433","τὰ","O"
"24434","βυβλία","O"
"24435","τῶν","O"
"24436","τοιούτων","O"
"24437","ἐστίν","O"
"24438",".","O"
"24439","Ἰδοῦ","O"
"24440","διαίρεσις","O"
"24441","τοῦ","O"
"24442","ἔθνους","O"
"24443","·","O"
"24444","Ἑλληνικὸν","NORP"
"24445","ἢ","O"
"24446","βάρβαρον","O"
"24447","τὸ","O"
"24448","ἦθος","O"
"24449",".","O"
"24450","ἀλλὰ","O"
"24451","θῶμεν","O"
"24452","εἶναι","O"
"24453","Ἑλληνικὸν","NORP"
"24454","ἢ","O"
"24455","θῶμεν","O"
"24456","βάρβαρον","O"
"24457",",","O"
"24458","πάλιν","O"
"24459","καταδιαιρέσεις","O"
"24460","τῶν","O"
"24461","ἠθῶν","O"
"24462","·","O"
"24463","καὶ","O"
"24464","δεῖ","O"
"24465","συνελθεῖν","O"
"24466","ἀμφότερα","O"
"24467",",","O"
"24468","καὶ","O"
"24469","τὸν","O"
"24470","βάρβαρον","O"
"24471","καὶ","O"
"24472","τὸν","O"
"24473","Θρᾷκα","NORP"
"24474","τὸν","O"
"24475","φονικόν","O"
"24476",",","O"
"24477","καὶ","O"
"24478","τὸν","O"
"24479","βάρβαρον","O"
"24480","καὶ","O"
"24481","τὸν","O"
"24482","Σκύθην","NORP"
"24483","τὸν","O"
"24484","σύντομον","O"
"24485",".","O"
"24486","πάλιν","O"
"24487","Ἑλληνικὸν","NORP"
"24488","θῶμεν","O"
"24489","τὸ","O"
"24490","ἦθος","O"
"24491",".","O"
"24492","ἔστω","O"
"24493","Ἕλλην","NORP"
"24494","·","O"
"24495","ποῖόν","O"
"24496","τι","O"
"24497","ἔθνος","O"
"24498","Ἑλλήνων","NORP"
"24499",";","O"
"24500","Ἕλλην","NORP"
"24501","Ἀθηναῖος","NORP"
"24502","·","O"
"24503","τορός","O"
"24504",",","O"
"24505","λάλος","O"
"24506",",","O"
"24507","σοφός","O"
"24508",".","O"
"24509","Ἕλλην","NORP"
"24510","Ἴων","NORP"
"24511","·","O"
"24512","ἁβρός","O"
"24513",",","O"
"24514","ἀνειμένος","O"
"24515",".","O"
"24516","Ἕλλην","NORP"
"24517","Βοιωτός","NORP"
"24518","·","O"
"24519","εὐήθης","O"
"24520",".","O"
"24521","Ἕλλην","NORP"
"24522","Θετταλός","NORP"
"24523","·","O"
"24524","διπλοῦς","O"
"24525","καὶ","O"
"24526","ποικίλος","O"
"24527",".","O"
"24528","ἐντεῦθεν","O"
"24529","καὶ","O"
"24530","ἄνθρωποι","O"
"24531","φιλοσοφοῦντες","O"
"24532","τοῦτο","O"
"24533","καὶ","O"
"24534","ἐφιστανόμενοι","O"
"24535","τῇ","O"
"24536","φύσει","O"
"24537","τῶν","O"
"24538","πραγμάτων","O"
"24539","τὰ","O"
"24540","ἔθνη","O"
"24541","λοιδορίας","O"
"24542","ποιοῦνται","O"
"24543",",","O"
"24544","οὐκ","O"
"24545","ἐχόντων","O"
"24546","τῶν","O"
"24547","ἐθνῶν","O"
"24548","τὰς","O"
"24549","λοιδορίας","O"
"24550","ἀλλ","O"
"24551","ἐκ","O"
"24552","τῶν","O"
"24553","ἐπιπολαζόντων","O"
"24554","ἠθῶν","O"
"24555","τοῖς","O"
"24556","ἔθνεσιν","O"
"24557","τὰς","O"
"24558","βλασφημίας","O"
"24559","λαμβάνοντες","O"
"24560",".","O"
"24561","ὡς","O"
"24562","καὶ","O"
"24563","Δημοσθένης","PERSON"
"24564","·","O"
"24565","οὐκ","O"
"24566","εἰσάγει","O"
"24567","ἰσχυρὸν","O"
"24568","εἶναι","O"
"24569","τὸν","O"
"24570","Θρᾷκα","NORP"
"24571","τοῦτον","O"
"24572",";","O"
"24573","καὶ","O"
"24574","ἡ","O"
"24575","διαβολὴ","O"
"24576","ἐν","O"
"24577","τῷ","O"
"24578","τὸν","O"
"24579","Θρᾷκα","NORP"
"24580",".","O"
"24581","καὶ","O"
"24582","τί","O"
"24583","δεῖ","O"
"24584","τὰ","O"
"24585","ἄλλα","O"
"24586","λέγειν","O"
"24587",";","O"
"24588","καὶ","O"
"24589","γὰρ","O"
"24590","ὁ","O"
"24591","Πλάτων","PERSON"
"24592","φησὶ","O"
"24593","παγκάλως","O"
"24594",",","O"
"24595","ὅτι","O"
"24596","κατὰ","O"
"24597","τοὺς","O"
"24598","τοῦ","O"
"24599","οὐρανοῦ","O"
"24600","τόπους","O"
"24601","καὶ","O"
"24602","τῶν","O"
"24603","ἠθῶν","O"
"24604","αἱ","O"
"24605","κράσεις","O"
"24606","·","O"
"24607","καὶ","O"
"24608","διὰ","O"
"24609","τοῦτο","O"
"24610","τινὰς","O"
"24611","μὲν","O"
"24612","ἀνθρώπους","O"
"24613","εἶναι","O"
"24614","φησὶ","O"
"24615","πρὸς","O"
"24616","μαθήματα","O"
"24617","ὀξυτέρους","O"
"24618",",","O"
"24619","τοὺς","O"
"24620","περὶ","O"
"24621","τὴν","O"
"24622","Ἐλλάδα","LOC"
"24623","·","O"
"24624","τοὺς","O"
"24625","δὲ","O"
"24626","πρὸς","O"
"24627","ἀργυρισμόν","O"
"24628",",","O"
"24629","τοὺς","O"
"24630","περὶ","O"
"24631","τὴν","O"
"24632","Φοινίκην","LOC"
"24633","καὶ","O"
"24634","Αἴγυπτον","LOC"
"24635","·","O"
"24636","ἄλλοι","O"
"24637","περὶ","O"
"24638","θυμόν","O"
"24639",",","O"
"24640","ὅσοι","O"
"24641","τῶν","O"
"24642","βαρβάρων","O"
"24643","εἰσὶ","O"
"24644","πολέμοις","O"
"24645","ἀνακείμενοι","O"
"24646",".","O"
"24647","καὶ","O"
"24648","εἰκότως","O"
"24649","ταῦτα","O"
"24650","λέγει","O"
"24651",".","O"
"24652","καὶ","O"
"24653","γὰρ","O"
"24654","τὰ","O"
"24655","ἤθη","O"
"24656","φησὶν","O"
"24657","ἐνδύεσθαι","O"
"24658","τοῖς","O"
"24659","τόποις","O"
"24660","καὶ","O"
"24661","τοῖς","O"
"24662","ἔθνεσιν","O"
"24663","ἀπὸ","O"
"24664","τῶν","O"
"24665","καθ","O"
"24666","ἕνα","O"
"24667",",","O"
"24668","καὶ","O"
"24669","διὰ","O"
"24670","τοῦτο","O"
"24671","ὅσα","O"
"24672","πολιτειῶν","O"
"24673","εἴδη","O"
"24674",",","O"
"24675","τοσαῦτα","O"
"24676","ἠθῶν","O"
"24677","εἴδη","O"
"24678",",","O"
"24679","ὡς","O"
"24680","τὰς","O"
"24681","πολιτείας","O"
"24682","ἀπὸ","O"
"24683","τῶν","O"
"24684","ἠθῶν","O"
"24685","τά","O"
"24686","τε","O"
"24687","ἤθη","O"
"24688","ἀπὸ","O"
"24689","τῶν","O"
"24690","πολιτῶν","O"
"24691","γιγνόμενα","O"
"24692",".","O"
"24693","ὁρῶμεν","O"
"24694","οὖν","O"
"24695","ἀπὸ","O"
"24696","ἔθνους","O"
"24697","·","O"
"24698","διπλοῦν","O"
"24699","δὲ","O"
"24700","τὸ","O"
"24701","ἔθνος","O"
"24702",",","O"
"24703","Ἕλλην","NORP"
"24704","ἢ","O"
"24705","βάρβαρος","NORP"
"24706",".","O"
"24707","μετὰ","O"
"24708","τὸ","O"
"24709","κοινὸν","O"
"24710","ἐρχόμεθα","O"
"24711","ἐπὶ","O"
"24712","τὸ","O"
"24713","ἴδιον","O"
"24714","·","O"
"24715","Ἀθηναῖος","NORP"
"24716","ἢ","O"
"24717","Λάκων","NORP"
"24718","ἢ","O"
"24719","Βοιωτὸς","NORP"
"24720","ἢ","O"
"24721","Ἴων","NORP"
"24722",",","O"
"24723","ἢ","O"
"24724","Σκύθης","NORP"
"24725","ἢ","O"
"24726","Θρᾷξ","NORP"
"24727","ἢ","O"
"24728","Κελτὸς","NORP"
"24729","ἢ","O"
"24730","ἀπὸ","O"
"24731","Ἰβηρίας","LOC"
"24732","ἢ","O"
"24733","Αἰγύπτιος","NORP"
"24734",".","O"
"24735","Δεῖ","O"
"24736","οὑ","O"
"24737","ν","O"
"24738","συνελθεῖν","O"
"24739","τιν","O"
"24740","ἰδιότητα","O"
"24741","ἀπὸ","O"
"24742","γένους","O"
"24743",".","O"
"24744","ὑπὸ","O"
"24745","τὸ","O"
"24746","γένος","O"
"24747","ἐστὶ","O"
"24748","τὰ","O"
"24749","τῆς","O"
"24750","συγγενείας","O"
"24751","ὀνόματα","O"
"24752","·","O"
"24753","πατὴρ","O"
"24754","βάρβαρος","O"
"24755",",","O"
"24756","καὶ","O"
"24757","βάρβαρος","O"
"24758","Κελτός","NORP"
"24759",",","O"
"24760","καὶ","O"
"24761","βάρβαρος","O"
"24762","Σκύθης","NORP"
"24763","·","O"
"24764","καὶ","O"
"24765","πατὴρ","O"
"24766","Ἕλλην","NORP"
"24767","·","O"
"24768","καὶ","O"
"24769","Ἕλλην","NORP"
"24770","πατὴρ","O"
"24771","Λακεδαιμόνιος","NORP"
"24772",",","O"
"24773","καὶ","O"
"24774","ὅδε","O"
"24775","πατὴρ","O"
"24776","Ἀθηναῖος","NORP"
"24777",".","O"
"24778","Δεῖ","O"
"24779","προσελθεῖν","O"
"24780","τούτοις","O"
"24781","καὶ","O"
"24782","ἡλικίαν","O"
"24783",",","O"
"24784","καὶ","O"
"24785","τὰ","O"
"24786","τέσσαρα","O"
"24787","ἓν","O"
"24788","γενέσθαι","O"
"24789","·","O"
"24790","πατήρ","O"
"24791",",","O"
"24792","βάρβαρος","O"
"24793",",","O"
"24794","Σκύθης","NORP"
"24795",",","O"
"24796","νέος","O"
"24797",".","O"
"24798","οὐ","O"
"24799","γὰρ","O"
"24800","τὰ","O"
"24801","αὐτὰ","O"
"24802","ἤθη","O"
"24803","διασῴζονται","O"
"24804","νέοι","O"
"24805","καὶ","O"
"24806","πατέρες","O"
"24807","ὄντες","O"
"24808","καὶ","O"
"24809","πρεσβῦται","O"
"24810","γενόμενοι","O"
"24811",",","O"
"24812","ἀλλὰ","O"
"24813","γίνεται","O"
"24814","τὰ","O"
"24815","μὲν","O"
"24816","τῶν","O"
"24817","πρεσβυτέρων","O"
"24818","ἤθη","O"
"24819","μαλακώτερα","O"
"24820",",","O"
"24821","τὰ","O"
"24822","δὲ","O"
"24823","τῶν","O"
"24824","νεωτέρων","O"
"24825","ἀκμαιότερα","O"
"24826",".","O"
"24827","ὡς","O"
"24828","αὕτως","O"
"24829","καὶ","O"
"24830","εἰ","O"
"24831","ἀδελφὸν","O"
"24832","λέγοις","O"
"24833",",","O"
"24834","καὶ","O"
"24835","εἰ","O"
"24836","γυναῖκα","O"
"24837","λέγοις","O"
"24838",",","O"
"24839","καὶ","O"
"24840","εἰ","O"
"24841","ἄνδρα","O"
"24842","καὶ","O"
"24843","εἰ","O"
"24844","υἱόν","O"
"24845",".","O"
"24846","Ἐντεῦθεν","O"
"24847","τὸ","O"
"24848","οἰκεῖον","O"
"24849","ἦθος","O"
"24850","τῆς","O"
"24851","προαιρέσεως","O"
"24852","ἐξετάζεται","O"
"24853","·","O"
"24854","φιλόστοργος","O"
"24855",",","O"
"24856","ἀλλὰ","O"
"24857","τραχύς","O"
"24858",",","O"
"24859","ἀλλὰ","O"
"24860","σκληρός","O"
"24861",",","O"
"24862","ἀλλὰ","O"
"24863","φιλάργυρος","O"
"24864",",","O"
"24865","ἀλλὰ","O"
"24866","ἀνειμένος","O"
"24867",".","O"
"24868","ἡ","O"
"24869","προαίρεσις","O"
"24870","συντρέχει","O"
"24871","παντὶ","O"
"24872","ἤθει","O"
"24873",".","O"
"24874","Εἶτα","O"
"24875","ἀπὸ","O"
"24876","τύχης","O"
"24877","·","O"
"24878","εὖ","O"
"24879","πράττων","O"
"24880",",","O"
"24881","κακῶς","O"
"24882","πράττων","O"
"24883","·","O"
"24884","οὐ","O"
"24885","γὰρ","O"
"24886","ταὐτὰ","O"
"24887","ἤθη","O"
"24888","ἐστίν","O"
"24889",",","O"
"24890","ἀλλὰ","O"
"24891","ἡ","O"
"24892","τύχη","O"
"24893","ῥυθμίζει","O"
"24894",".","O"
"24895","Εἶτα","O"
"24896","καὶ","O"
"24897","ἐπιτήδευσις","O"
"24898","·","O"
"24899","ἔστι","O"
"24900","γοῦν","O"
"24901","καὶ","O"
"24902","ἀπὸ","O"
"24903","ἐπιτηδευμάτων","O"
"24904","·","O"
"24905","οἱ","O"
"24906","στρατιῶται","O"
"24907","ἔχουσίν","O"
"24908","τι","O"
"24909","ἀπὸ","O"
"24910","τῆς","O"
"24911","στρατιωτικῆς","O"
"24912",",","O"
"24913","οἱ","O"
"24914","ἰατροὶ","O"
"24915","ἀπὸ","O"
"24916","τῆς","O"
"24917","ἰατρικῆς","O"
"24918",",","O"
"24919","οἱ","O"
"24920","ῥητορικοὶ","O"
"24921","ἀπὸ","O"
"24922","τῆς","O"
"24923","ῥητορικῆς","O"
"24924",",","O"
"24925","καὶ","O"
"24926","οἱ","O"
"24927","γεωργοὶ","O"
"24928","ἀπὸ","O"
"24929","τῆς","O"
"24930","γεωργικῆς","O"
"24931",".","O"
"24932","εὑρήσεις","O"
"24933","τὸν","O"
"24934","ἰατρὸν","O"
"24935","διαλεγομενον","O"
"24936","λέγοντα","O"
"24937","·","O"
"24938","δεῖ","O"
"24939","τοῦτο","O"
"24940","ἐκκαθᾶραι","O"
"24941",",","O"
"24942","ἐκτεμεῖν","O"
"24943","αὐτό","O"
"24944",".","O"
"24945","εὑρήσεις","O"
"24946","τὸν","O"
"24947","μουσικὸν","O"
"24948","λέγοντα","O"
"24949","·","O"
"24950","παρὰ","O"
"24951","μέλος","O"
"24952","λέγεις","O"
"24953",",","O"
"24954","οὐ","O"
"24955","συνᾴδει","O"
"24956","τὰ","O"
"24957","λεγόμενα","O"
"24958",".","O"
"24959","παρὰ","O"
"24960","τῷ","O"
"24961","Πλάτωνι","PERSON"
"24962","ὁ","O"
"24963","Δημόδοκος","PERSON"
"24964","λέγει","O"
"24965","πρὸς","O"
"24966","Σωκράτην","PERSON"
"24967","·","O"
"24968","ἐμοὶ","O"
"24969","γάρ","O"
"24970",",","O"
"24971","ὦ","O"
"24972","Σώκρατες","PERSON"
"24973",",","O"
"24974","ἡ","O"
"24975","τούτου","O"
"24976","τοῦ","O"
"24977","παιδὸς","O"
"24978","εἴτε","O"
"24979","φυτείαν","O"
"24980","εἴτε","O"
"24981","παιδοποιίαν","O"
"24982","χρὴ","O"
"24983","φάναι","O"
"24984","·","O"
"24985","τοῦτο","O"
"24986","δὲ","O"
"24987","οὐ","O"
"24988","χρὴ","O"
"24989","νομίζειν","O"
"24990","ὅτι","O"
"24991","μεγάλῃ","O"
"24992","τῇ","O"
"24993","φωνῇ","O"
"24994","χρῆται","O"
"24995","ὁ","O"
"24996","Πλάτων","PERSON"
"24997",",","O"
"24998","ἀλλ","O"
"24999","ἐπειδὴ","O"
"25000","ὁ","O"
"25001","Δημόδοκος","PERSON"
"25002","ἐργατικὸς","O"
"25003","καὶ","O"
"25004","γεωργικός","O"
"25005",",","O"
"25006","φωνὰς","O"
"25007","ἀφίησι","O"
"25008","τῆς","O"
"25009","τέχνης","O"
"25010",".","O"
"25011","Ταῦτα","O"
"25012","τὰ","O"
"25013","ἑπτὰ","O"
"25014","εἴδη","O"
"25015","ἓν","O"
"25016","γενέσθαι","O"
"25017","δεῖ","O"
"25018",".","O"
"25019","οὕτως","O"
"25020","εὑρήσεις","O"
"25021","καθ","O"
"25022","ἕκαστον","O"
"25023","ῥῆμα","O"
"25024","ὑποθέσεως","O"
"25025","προβαλλομένης","O"
"25026","ἠθῶν","O"
"25027","συναγωγάς","O"
"25028",".","O"
"25029","πένης","O"
"25030","καὶ","O"
"25031","πλούσιος","O"
"25032","ἐχθροὶ","O"
"25033","ἐκ","O"
"25034","πολιτείας","O"
"25035","·","O"
"25036","εὑρήσεις","O"
"25037","ἐν","O"
"25038","τῷ","O"
"25039","πένητι","O"
"25040","ἦθος","O"
"25041",",","O"
"25042","ἐν","O"
"25043","τῷ","O"
"25044","πλουσίῳ","O"
"25045","ἦθος","O"
"25046",",","O"
"25047","ἐν","O"
"25048","τοῖς","O"
"25049","ἐχθροῖς","O"
"25050","ἦθος","O"
"25051",",","O"
"25052","ἐν","O"
"25053","τῷ","O"
"25054","ἐκ","O"
"25055","πολιτείας","O"
"25056","ἦθος","O"
"25057","·","O"
"25058","οὐ","O"
"25059","γὰρ","O"
"25060","ἡ","O"
"25061","αὐτή","O"
"25062","ἐστιν","O"
"25063","ἔχθρα","O"
"25064","ἐξ","O"
"25065","ἰδιωτικῶν","O"
"25066","πραγμάτων","O"
"25067","καὶ","O"
"25068","ἐκ","O"
"25069","πολιτικῶν","O"
"25070",",","O"
"25071","ἀλλ","O"
"25072","ἕξεις","O"
"25073","τὸ","O"
"25074","φρόνημα","O"
"25075","ἑκατέρου","O"
"25076","ἀξιοῦντος","O"
"25077","διαλέγεσθαι","O"
"25078","τῷ","O"
"25079","δήμῳ","O"
"25080",".","O"
"25081","εἶτα","O"
"25082","εἰ","O"
"25083","πατήρ","O"
"25084","ἐστιν","O"
"25085","αὐτῶν","O"
"25086","τις","O"
"25087","ἢ","O"
"25088","οὐ","O"
"25089","πατήρ","O"
"25090",".","O"
"25091","εἶτα","O"
"25092","πόλεμος","O"
"25093","κατέλαβεν","O"
"25094",",","O"
"25095","εἶτα","O"
"25096","κατὰ","O"
"25097","τὸν","O"
"25098","πόλεμον","O"
"25099","ἀριστεία","O"
"25100","ἢ","O"
"25101","πταῖσμα","O"
"25102","·","O"
"25103","εἶτα","O"
"25104","αἰτήσεις","O"
"25105","καὶ","O"
"25106","κρίσεις","O"
"25107",".","O"
"25108","εὑρήσεις","O"
"25109","καθ","O"
"25110","ἕκαστον","O"
"25111","ὄνομα","O"
"25112","τῆς","O"
"25113","πλοκῆς","O"
"25114","ἐν","O"
"25115","ταῖς","O"
"25116","ὑποθέσεσιν","O"
"25117","γένεσιν","O"
"25118","ἤθους","O"
"25119","ἀναγκαίου","O"
"25120",".","O"
"25121","καὶ","O"
"25122","οὗτός","O"
"25123","ἐστιν","O"
"25124","ὁ","O"
"25125","διαιρετικὸς","O"
"25126","τῶν","O"
"25127","ἠθῶν","O"
"25128","ἀκριβής","O"
"25129",",","O"
"25130","ὁ","O"
"25131","μηθὲν","O"
"25132","ἦθος","O"
"25133","παραλιπών","O"
"25134",".","O"
"25135","ἂν","O"
"25136","γὰρ","O"
"25137","τὸν","O"
"25138","μὲν","O"
"25139","πατέρα","O"
"25140","δείξῃς","O"
"25141",",","O"
"25142","τὸν","O"
"25143","δὲ","O"
"25144","πολιτικὸν","O"
"25145","μὴ","O"
"25146","δείξῃς","O"
"25147",",","O"
"25148","ἢ","O"
"25149","τὸν","O"
"25150","μὲν","O"
"25151","πολιτικὸν","O"
"25152","δείξῃς","O"
"25153",",","O"
"25154","τὸν","O"
"25155","δὲ","O"
"25156","πατέρα","O"
"25157","μὴ","O"
"25158","δείξῃς","O"
"25159","·","O"
"25160","ἢ","O"
"25161","πάλιν","O"
"25162","ἂν","O"
"25163","μὲν","O"
"25164","τὸν","O"
"25165","πατέρα","O"
"25166","δείξῃς","O"
"25167",",","O"
"25168","τὸν","O"
"25169","δὲ","O"
"25170","στρατηγὸν","O"
"25171","μὴ","O"
"25172","δείξῃς","O"
"25173",",","O"
"25174","ἂν","O"
"25175","τὸν","O"
"25176","μὲν","O"
"25177","ἠριστευκότα","O"
"25178","δείξῃς","O"
"25179",",","O"
"25180","τὸν","O"
"25181","δὲ","O"
"25182","λιπόντα","O"
"25183","τὴν","O"
"25184","τάξιν","O"
"25185","μὴ","O"
"25186","δείξῃς","O"
"25187","·","O"
"25188","ἂν","O"
"25189","μὴ","O"
"25190","δείξῃς","O"
"25191","κατὰ","O"
"25192","τύχας","O"
"25193","καὶ","O"
"25194","προαιρέσεις","O"
"25195","καὶ","O"
"25196","γένη","O"
"25197","καὶ","O"
"25198","ἔθνη","O"
"25199","τὰς","O"
"25200","διαφορὰς","O"
"25201","τῶν","O"
"25202","ἠθῶν","O"
"25203","καὶ","O"
"25204","καθ","O"
"25205","ὅσα","O"
"25206","ἄλλα","O"
"25207","ἠριθμήσαμεν","O"
"25208",",","O"
"25209","οὐ","O"
"25210","πληροῖς","O"
"25211","τὸ","O"
"25212","ἦθος","O"
"25213",".","O"
"25214","πάντα","O"
"25215","γὰρ","O"
"25216","ταῦτα","O"
"25217",",","O"
"25218","ὅσα","O"
"25219","ἠριθμήσαμεν","O"
"25220",",","O"
"25221","καλεῖται","O"
"25222","μὲν","O"
"25223","εἴδη","O"
"25224",",","O"
"25225","γίνεται","O"
"25226","δὲ","O"
"25227","ἦθος","O"
"25228",".","O"
"25229","ἡ","O"
"25230","γὰρ","O"
"25231","τέχνη","O"
"25232","τῆς","O"
"25233","διαιρέσεως","O"
"25234",",","O"
"25235","ὡς","O"
"25236","φησὶν","O"
"25237","ὁ","O"
"25238","Πλάτων","PERSON"
"25239",",","O"
"25240","διαιρέσεις","O"
"25241","καὶ","O"
"25242","συναγωγαί","O"
"25243",",","O"
"25244","δεῖξαι","O"
"25245","τὰ","O"
"25246","εἴδη","O"
"25247","πόσα","O"
"25248","ἐστὶν","O"
"25249","καὶ","O"
"25250","πόσας","O"
"25251","ἔχει","O"
"25252","τομάς","O"
"25253",",","O"
"25254","καὶ","O"
"25255","πάντα","O"
"25256","συναγαγεῖν","O"
"25257","εἰς","O"
"25258","ταὐτόν","O"
"25259",".","O"
"25260","τοῦτο","O"
"25261","γάρ","O"
"25262","ἐστι","O"
"25263","διαιρέσεως","O"
"25264","τέχνη","O"
"25265","·","O"
"25266","ἓν","O"
"25267","πολλά","O"
"25268",",","O"
"25269","πολλὰ","O"
"25270","ἕν","O"
"25271",".","O"
"25272","ἔχομεν","O"
"25273","τὸ","O"
"25274","ἦθος","O"
"25275",",","O"
"25276","ἐρχόμεθα","O"
"25277","ἐπὶ","O"
"25278","τὴν","O"
"25279","γνώμην","O"
"25280",".","O"
"25281","Ἡ","O"
"25282","γνώμη","O"
"25283","τριπλῆν","O"
"25284","ἐξέτασιν","O"
"25285","ἔχει","O"
"25286","·","O"
"25287","μὴ","O"
"25288","περιττά","O"
"25289",",","O"
"25290","μὴ","O"
"25291","ἐλλείποντα","O"
"25292",",","O"
"25293","μὴ","O"
"25294","ἐναντία","O"
"25295",".","O"
"25296","τὰ","O"
"25297","περιττὰ","O"
"25298","φλυαρία","O"
"25299",",","O"
"25300","τὰ","O"
"25301","ἐλλείποντα","O"
"25302","ἀσθενῆ","O"
"25303",",","O"
"25304","τὰ","O"
"25305","ἐναντία","O"
"25306","κίνδυνος","O"
"25307",".","O"
"25308","Ὅμηρος","PERSON"
"25309","ταῦτα","O"
"25310","ἐπεσημήνατο","O"
"25311","·","O"
"25312","Θερσίτης","PERSON"
"25313","δ","O"
"25314","ἔτι","O"
"25315","μοῦνος","O"
"25316","ἀμετροεπὴς","O"
"25317","ἐκολῴα","O"
"25318","·","O"
"25319","τίς","O"
"25320","τῆς","O"
"25321","ἀκαίρου","O"
"25322","περιττότητος","O"
"25323","ἡ","O"
"25324","αἰτία","O"
"25325",";","O"
"25326","ἐὰν","O"
"25327","γοῦν","O"
"25328","τοῦ","O"
"25329","Θερσίτου","PERSON"
"25330","παρέλῃς","O"
"25331","δύο","O"
"25332","ἔπη","O"
"25333",",","O"
"25334","Νέστορος","PERSON"
"25335","γίνεται","O"
"25336","δημηγορία","O"
"25337",".","O"
"25338","τὰ","O"
"25339","δὲ","O"
"25340","δύο","O"
"25341","ἔπη","O"
"25342","τίνα","O"
"25343","ἐστίν","O"
"25344",";","O"
"25345","Ὅμηρός","PERSON"
"25346","σοι","O"
"25347","λέγει","O"
"25348","·","O"
"25349","ἀλλ","O"
"25350","ὅ","O"
"25351","τί","O"
"25352","οἱ","O"
"25353","εἴσαιτο","O"
"25354","γελοίιον","O"
"25355","Ἀργείοισιν","O"
"25356","ἔμμεναι","O"
"25357","·","O"
"25358","ὁτιοῦν","O"
"25359","τῶν","O"
"25360","λεγομένων","O"
"25361","γελοῖόν","O"
"25362","ἐστιν","O"
"25363",",","O"
"25364","ἀλαζονευομένου","O"
"25365","ἐκείνου","O"
"25366","ἐπὶ","O"
"25367","τῇ","O"
"25368","δυνάμει","O"
"25369","τοῦ","O"
"25370","σώματος","O"
"25371","καὶ","O"
"25372","τῇ","O"
"25373","ἀρετῇ","O"
"25374","καὶ","O"
"25375","ὑβρίζοντος","O"
"25376","ἐν","O"
"25377","τῇ","O"
"25378","παρρησίᾳ","O"
"25379","τῇ","O"
"25380","ἀκράτῳ","O"
"25381",".","O"
"25382","ταῦτα","O"
"25383","ἂν","O"
"25384","περιέλῃς","O"
"25385",",","O"
"25386","τὰ","O"
"25387","λοιπὰ","O"
"25388","ἰσχυρά","O"
"25389","ἐστιν","O"
"25390",".","O"
"25391","τοῦτο","O"
"25392","καὶ","O"
"25393","ἡ","O"
"25394","Ὁμήρου","PERSON"
"25395","τέχνη","O"
"25396",".","O"
"25397","ἐπειδὴ","O"
"25398","γὰρ","O"
"25399","ἑώρα","O"
"25400","τὸ","O"
"25401","στρατόπεδον","O"
"25402","ἀγανακτοῦντας","O"
"25403","ὑπὲρ","O"
"25404","Ἀχιλλέως","PERSON"
"25405","πρὸς","O"
"25406","Ἀγαμέμνονα","PERSON"
"25407",",","O"
"25408","καὶ","O"
"25409","διὰ","O"
"25410","τοῦτο","O"
"25411","οὐ","O"
"25412","προθύμως","O"
"25413","ἔχοντας","O"
"25414","συμμαχεῖν","O"
"25415",",","O"
"25416","ἀλλ","O"
"25417","ἀπαλλακτικῶς","O"
"25418","ἐπὶ","O"
"25419","τῶν","O"
"25420","πατρίδων","O"
"25421",",","O"
"25422","ἠθέλησεν","O"
"25423","λῦσαι","O"
"25424","τὰ","O"
"25425","ὑπὲρ","O"
"25426","Ἀχιλλέως","PERSON"
"25427","δίκαια","O"
"25428",".","O"
"25429","ἀνέστησεν","O"
"25430","οὖν","O"
"25431","αὐτῷ","O"
"25432","συνήγορον","O"
"25433","ἐπίφθονον","O"
"25434",",","O"
"25435","γελοῖον","O"
"25436",",","O"
"25437","ἵν","O"
"25438","ἐν","O"
"25439","τῇ","O"
"25440","τοῦ","O"
"25441","συνηγόρου","O"
"25442","κακίᾳ","O"
"25443","ἀφανισθῇ","O"
"25444","τὸ","O"
"25445","δίκαιον","O"
"25446","τοῦ","O"
"25447","πράγματος","O"
"25448","·","O"
"25449","ἔχθιστος","O"
"25450","δ","O"
"25451","Ἀχιλῆι","PERSON"
"25452","μάλιστ","O"
"25453","ἦν","O"
"25454","ἡδ","O"
"25455","Ὀδυσῆι","PERSON"
"25456",".","O"
"25457","τὼ","O"
"25458","γὰρ","O"
"25459","νεικείεσκε","O"
"25460","·","O"
"25461","τότ","O"
"25462","αὖ","O"
"25463","Ἀγαμέμνονι","PERSON"
"25464","δίῳ","O"
"25465","ὀξέα","O"
"25466","κεκληγὼς","O"
"25467","λέγ","O"
"25468","ὀνείδεα","O"
"25469",".","O"
"25470","τί","O"
"25471","οὖν","O"
"25472","ἐστι","O"
"25473","τὸ","O"
"25474","θρασὺ","O"
"25475","αὐτοῦ","O"
"25476","καὶ","O"
"25477","ἡ","O"
"25478","περιττότης","O"
"25479","τοῦ","O"
"25480","ἤθους","O"
"25481",",","O"
"25482","καὶ","O"
"25483","ἡ","O"
"25484","ἀκαιρία","O"
"25485","τίς","O"
"25486",";","O"
"25487","τῷ","O"
"25488","δ","O"
"25489","ἂρ","O"
"25490","Ἀχαιοὶ","NORP"
"25491","ἐκπάγλως","O"
"25492","κοτέοντο","O"
"25493","νεμέσσηθέν","O"
"25494","τ","O"
"25495","ἐνὶ","O"
"25496","θυμῷ","O"
"25497",".","O"
"25498","εἰ","O"
"25499","μὴ","O"
"25500","γελοῖος","O"
"25501","ἦν","O"
"25502","οὗτος","O"
"25503","καὶ","O"
"25504","ἄξιος","O"
"25505","μίσους","O"
"25506",",","O"
"25507","ἦν","O"
"25508","ἰσχυρὰ","O"
"25509","τὰ","O"
"25510","λεγόμενα","O"
"25511","ὑπὲρ","O"
"25512","Ἀχιλλέως","PERSON"
"25513",".","O"
"25514","διὰ","O"
"25515","τοῦτο","O"
"25516","καὶ","O"
"25517","γέλως","O"
"25518","τοῖς","O"
"25519","Ἕλλησι","NORP"
"25520","γίνεται","O"
"25521",",","O"
"25522","καὶ","O"
"25523","ἐκ","O"
"25524","τοῦ","O"
"25525","γέλωτος","O"
"25526","διάλυσις","O"
"25527","τῆς","O"
"25528","σπουδῆς","O"
"25529","τῆς","O"
"25530","εἰς","O"
"25531","τὰς","O"
"25532","πατρίδας","O"
"25533",".","O"
"25534","ἀπὸ","O"
"25535","γὰρ","O"
"25536","ἐκείνης","O"
"25537","τῆς","O"
"25538","σκυθρωπότητος","O"
"25539","ἡ","O"
"25540","μεταβολὴ","O"
"25541","διὰ","O"
"25542","τὸ","O"
"25543","γενόμενον","O"
"25544","παρέσχεν","O"
"25545","εἰρηναίαν","O"
"25546","τὴν","O"
"25547","ψυχήν","O"
"25548",".","O"
"25549","ὥςτε","O"
"25550","ἤδη","O"
"25551","μάθημα","O"
"25552","μανθάνομεν","O"
"25553","μέγα","O"
"25554","καὶ","O"
"25555","λαμπρόν","O"
"25556",",","O"
"25557","μὴ","O"
"25558","ἐν","O"
"25559","τῷ","O"
"25560","πλήθει","O"
"25561","τῶν","O"
"25562","λεγομένων","O"
"25563","ἡγεῖσθαι","O"
"25564","τὴν","O"
"25565","ἀρετὴν","O"
"25566","τῆς","O"
"25567","ῥητορικῆς","O"
"25568",".","O"
"25569","τὰ","O"
"25570","ἐλλείποντα","O"
"25571","πῶς","O"
"25572",";","O"
"25573","οὕτω","O"
"25574","πως","O"
"25575","εἶπεν","O"
"25576","περὶ","O"
"25577","τοῦ","O"
"25578","Μενελάου","PERSON"
"25579","·","O"
"25580","παῦρα","O"
"25581","μέν","O"
"25582",",","O"
"25583","ἀλλὰ","O"
"25584","μάλα","O"
"25585","λιγέως","O"
"25586","·","O"
"25587","ἐπεὶ","O"
"25588","οὐ","O"
"25589","πολύμυθος","O"
"25590",".","O"
"25591","τὸ","O"
"25592","γὰρ","O"
"25593","παῦρα","O"
"25594","μέν","O"
"25595","τοιοῦτόν","O"
"25596","ἐστιν","O"
"25597","οἷον","O"
"25598","οὐκ","O"
"25599","ἐντελῶς","O"
"25600","τῷ","O"
"25601","ἀγῶνι","O"
"25602",".","O"
"25603","τὸ","O"
"25604","δὲ","O"
"25605","μὴ","O"
"25606","ἐναντία","O"
"25607",",","O"
"25608","ὅπερ","O"
"25609","καὶ","O"
"25610","Ισοκράτης","PERSON"
"25611","ἐπῄνεσεν","O"
"25612",",","O"
"25613","δικανικοῦ","O"
"25614","λόγου","O"
"25615",",","O"
"25616","ὡς","O"
"25617","δεῖ","O"
"25618","ἔχειν","O"
"25619",",","O"
"25620","καὶ","O"
"25621","ἐπιδεικτικοῦ","O"
"25622","διαίρεσιν","O"
"25623","λέγων","O"
"25624",",","O"
"25625","ὅτι","O"
"25626","δεῖ","O"
"25627","τοὺς","O"
"25628","μὲν","O"
"25629","ἔχειν","O"
"25630","ἀσφαλῶς","O"
"25631",",","O"
"25632","τοὺς","O"
"25633","δὲ","O"
"25634","ἐπιδεικτικῶς","O"
"25635",",","O"
"25636","καὶ","O"
"25637","Ὅμηρος","PERSON"
"25638","δὲ","O"
"25639","εἶπεν","O"
"25640","ὃ","O"
"25641","δ","O"
"25642","ἀσφαλέως","O"
"25643","ἀγορεύει","O"
"25644","·","O"
"25645","τοῦτο","O"
"25646","δέ","O"
"25647","ἐστι","O"
"25648","τὸ","O"
"25649","διὰ","O"
"25650","τῶν","O"
"25651","ὁμολογουμένων","O"
"25652","οὐ","O"
"25653","περὶ","O"
"25654","τῶν","O"
"25655","ὁμολογουμένων","O"
"25656","ἀμφισβητήσιμα","O"
"25657","λέγειν","O"
"25658",",","O"
"25659","ἀλλὰ","O"
"25660","καὶ","O"
"25661","τῇ","O"
"25662","ἀποδείξει","O"
"25663","τῶν","O"
"25664","ὁμολογουμένων","O"
"25665","ἀμφισβητούμενον","O"
"25666","λύειν","O"
"25667","δυνάμενον","O"
"25668",".","O"
"25669","τοῦτο","O"
"25670","καὶ","O"
"25671","Ξενοφῶν","PERSON"
"25672","καὶ","O"
"25673","Πλάτων","PERSON"
"25674","λέγουσιν","O"
"25675","περὶ","O"
"25676","Σωκράτους","PERSON"
"25677",",","O"
"25678","ὅτι","O"
"25679","διὰ","O"
"25680","τῶν","O"
"25681","ὁμολογουμένων","O"
"25682","ἐπορεύετο","O"
"25683",",","O"
"25684","ἐπεὶ","O"
"25685","διδάσκειν","O"
"25686","ἐβούλετο","O"
"25687",".","O"
"25688","Γίνεται","O"
"25689","οὖν","O"
"25690","ταῦτα","O"
"25691","τρία","O"
"25692","ἀριθμῷ","O"
"25693","·","O"
"25694","μὴ","O"
"25695","περιττά","O"
"25696",",","O"
"25697","μὴ","O"
"25698","ἐλλείποντα","O"
"25699",",","O"
"25700","μὴ","O"
"25701","ἐναντία","O"
"25702",".","O"
"25703","κάλεσον","O"
"25704","αὐτὰ","O"
"25705","δυσὶν","O"
"25706","ὀνόμασιν","O"
"25707","μέτρον","O"
"25708","καὶ","O"
"25709","ἀσφάλειαν","O"
"25710",".","O"
"25711","τῷ","O"
"25712","γὰρ","O"
"25713","μὴ","O"
"25714","περιττὰ","O"
"25715","μηδὲ","O"
"25716","ἐλλείποντα","O"
"25717","μέτρου","O"
"25718","ὄνομα","O"
"25719",",","O"
"25720","τῷ","O"
"25721","δὲ","O"
"25722","μὴ","O"
"25723","ἐναντία","O"
"25724","ἀσφαλείας","O"
"25725",".","O"
"25726","Τρίτος","O"
"25727","ἡμῖν","O"
"25728","στόλος","O"
"25729","ἐστὶ","O"
"25730","τοῦ","O"
"25731","λόγου","O"
"25732","ἐπὶ","O"
"25733","τὴν","O"
"25734","τέχνην","O"
"25735","·","O"
"25736","εἴπομεν","O"
"25737","γὰρ","O"
"25738","ἤδη","O"
"25739","περὶ","O"
"25740","ἤθους","O"
"25741","καὶ","O"
"25742","γνώμης","O"
"25743",".","O"
"25744","πρῶτον","O"
"25745","τὴν","O"
"25746","ὑπόνοιαν","O"
"25747",",","O"
"25748","ᾗ","O"
"25749","ἄν","O"
"25750","τις","O"
"25751","ἀμφισβητήσαι","O"
"25752",",","O"
"25753","ἐκκαθάρωμεν","O"
"25754",".","O"
"25755","ἡ","O"
"25756","δ","O"
"25757","ὑπόνοια","O"
"25758","τίς","O"
"25759",";","O"
"25760","οἰηθείη","O"
"25761","ἄν","O"
"25762","τις","O"
"25763",",","O"
"25764","εἴ","O"
"25765","περ","O"
"25766","μὴ","O"
"25767","περιττὰ","O"
"25768","λέγοι","O"
"25769","μήτ","O"
"25770","ἐλλείποντα","O"
"25771","μήτ","O"
"25772","ἐναντία","O"
"25773",",","O"
"25774","τεχνίτην","O"
"25775","αὐτὸν","O"
"25776","εἶναι","O"
"25777",".","O"
"25778","τί","O"
"25779","οὖν","O"
"25780","πλέον","O"
"25781","ἡ","O"
"25782","τέχνη","O"
"25783","ἐστὶ","O"
"25784","τῆς","O"
"25785","περὶ","O"
"25786","τὴν","O"
"25787","γνώμην","O"
"25788","ἀσφαλοῦς","O"
"25789","πραγματείας","O"
"25790",";","O"
"25791","πολὺ","O"
"25792","τὸ","O"
"25793","πλέον","O"
"25794",".","O"
"25795","ἡ","O"
"25796","μὲν","O"
"25797","γὰρ","O"
"25798","γνώμη","O"
"25799","τὸ","O"
"25800","τῷ","O"
"25801","πράγματι","O"
"25802","χρήσιμον","O"
"25803","ἔχει","O"
"25804","τὸ","O"
"25805","εἰς","O"
"25806","ἀπόδειξιν","O"
"25807",",","O"
"25808","ἡ","O"
"25809","τέχνη","O"
"25810","τὸ","O"
"25811","πιθανὸν","O"
"25812","τοῖς","O"
"25813","ἀκούουσιν","O"
"25814",".","O"
"25815","ὥςπερ","O"
"25816","ἐν","O"
"25817","ἰατρικῇ","O"
"25818","εἴ","O"
"25819","τις","O"
"25820","τὴν","O"
"25821","μὲν","O"
"25822","γνώμην","O"
"25823","λέγοι","O"
"25824",",","O"
"25825","τὸ","O"
"25826","δεῖν","O"
"25827","τεμεῖν","O"
"25828","ἢ","O"
"25829","τὸ","O"
"25830","δεῖν","O"
"25831","φαρμακοποσίᾳ","O"
"25832","χρῆσθαι","O"
"25833",",","O"
"25834","τὴν","O"
"25835","δὲ","O"
"25836","τέχνην","O"
"25837","λέγοι","O"
"25838","τὸ","O"
"25839","κρύψαι","O"
"25840","τὸν","O"
"25841","σίδηρον","O"
"25842",",","O"
"25843","τὸ","O"
"25844","φάρμακον","O"
"25845","ἐν","O"
"25846","τοῖς","O"
"25847","γλυκέσι","O"
"25848","καὶ","O"
"25849","τοῖς","O"
"25850","συντρόφοις","O"
"25851","σιτίοις","O"
"25852","παρέχειν","O"
"25853",".","O"
"25854","αὕτη","O"
"25855","ἡ","O"
"25856","τέχνη","O"
"25857","μετὰ","O"
"25858","τὴν","O"
"25859","γνώμην","O"
"25860","ἐστίν","O"
"25861",".","O"
"25862","πῶς","O"
"25863","δ","O"
"25864","ἂν","O"
"25865","συναγάγοις","O"
"25866","ἦθος","O"
"25867","καὶ","O"
"25868","τὴν","O"
"25869","γνώμην","O"
"25870","τέχνῃ","O"
"25871",";","O"
"25872","ὡς","O"
"25873","δ","O"
"25874","ὅταν","O"
"25875","ὠδίνουσαν","O"
"25876","ἔχῃ","O"
"25877","βέλος","O"
"25878","ὀξὺ","O"
"25879","γυναῖκα","O"
"25880","δριμύ","O"
"25881",",","O"
"25882","τό","O"
"25883","τε","O"
"25884","προἱεῖσι","O"
"25885","μογοστόκοι","O"
"25886","Εἰλείθυιαι","O"
"25887","·","O"
"25888","δεύτερον","O"
"25889","·","O"
"25890","Ἥρης","GOD"
"25891","θυγατέρες","O"
"25892","πικρὰς","O"
"25893","ὠδῖνας","O"
"25894","ἔχουσαι","O"
"25895",".","O"
"25896","τρίτον","O"
"25897","τέταρτον","O"
"25898","ἐστὶ","O"
"25899","δι","O"
"25900","οὗ","O"
"25901","ἐπανέρχεται","O"
"25902","ἐπὶ","O"
"25903","τὸ","O"
"25904","πρῶτον","O"
"25905","ὸς","O"
"25906","ὀξεῖ","O"
"25907","ὀδύναι","O"
"25908","δῦνον","O"
"25909","μένος","O"
"25910","Ἀτρείδαο","PERSON"
"25911",".","O"
"25912","οὕτω","O"
"25913","καὶ","O"
"25914","Θουκυδίδης","PERSON"
"25915","·","O"
"25916","ἐκ","O"
"25917","δὲ","O"
"25918","τεκμηρίων","O"
"25919",",","O"
"25920","ὧν","O"
"25921","ἐπὶ","O"
"25922","μακρότατον","O"
"25923","σκοποῦντί","O"
"25924","μοι","O"
"25925","πιστεῦσαι","O"
"25926","ξυμβαίνει","O"
"25927",",","O"
"25928","οὐ","O"
"25929","μεγάλα","O"
"25930","νομίζω","O"
"25931","γενέσθαι","O"
"25932",".","O"
"25933","εἶτα","O"
"25934","τὸ","O"
"25935","τεκμήριον","O"
"25936","πόσα","O"
"25937","ἔχει","O"
"25938","ὀνόματα","O"
"25939",";","O"
"25940","τεκμήριον","O"
"25941",",","O"
"25942","μαρτύριον","O"
"25943",",","O"
"25944","σημεῖον","O"
"25945",",","O"
"25946","παράδειγμα","O"
"25947",".","O"
"25948","προβὰς","O"
"25949","ἐρεῖ","O"
"25950","·","O"
"25951","μαρτύριον","O"
"25952","σημεῖον","O"
"25953","δέ","O"
"25954","·","O"
"25955","Δήλου","O"
"25956","γὰρ","O"
"25957","καθαιρομένης","O"
"25958","ὑπὸ","O"
"25959","Ἀθηναίων","NORP"
"25960",".","O"
"25961","πάλιν","O"
"25962","προελθὼν","O"
"25963","ἐρεῖ","O"
"25964","·","O"
"25965","καὶ","O"
"25966","παράδειγμα","O"
"25967","τόδε","O"
"25968","τοῦ","O"
"25969","λόγου","O"
"25970","οὐκ","O"
"25971","ἐλάχιστόν","O"
"25972","ἐστιν","O"
"25973",".","O"
"25974","καὶ","O"
"25975","πάλιν","O"
"25976","προελθών","O"
"25977","·","O"
"25978","σημεῖον","O"
"25979","δ","O"
"25980","ἐστὶν","O"
"25981","ταῦτα","O"
"25982","τῆς","O"
"25983","Ἑλλάδος","LOC"
"25984","ἔτι","O"
"25985","οὕτω","O"
"25986","νεμόμενα","O"
"25987",".","O"
"25988","καὶ","O"
"25989","ὅταν","O"
"25990","πᾶν","O"
"25991","εἴπῃ","O"
"25992",",","O"
"25993","ἐπὶ","O"
"25994","τὸ","O"
"25995","πρῶτον","O"
"25996","πάλιν","O"
"25997",",","O"
"25998","ἐπὶ","O"
"25999","τὸ","O"
"26000","δεύτερον","O"
"26001","·","O"
"26002","καὶ","O"
"26003","ὅλως","O"
"26004","ἡ","O"
"26005","χρεία","O"
"26006","τὸν","O"
"26007","ἀριθμὸν","O"
"26008","ἀνακαλέσεται","O"
"26009",".","O"
"26010","τοῦτο","O"
"26011","τὸ","O"
"26012","πολλοστῶς","O"
"26013","ἐστιν","O"
"26014","εἰπεῖν","O"
"26015",".","O"
"26016","ἕπεται","O"
"26017","τούτῳ","O"
"26018","τὸ","O"
"26019","ποικίλως","O"
"26020",".","O"
"26021","διαφέρει","O"
"26022","δὲ","O"
"26023","τὸ","O"
"26024","ποικίλως","O"
"26025","τοῦ","O"
"26026","πολλοστῶς","O"
"26027",",","O"
"26028","τὸ","O"
"26029","τῶν","O"
"26030","ἰδεῶν","O"
"26031","τῆς","O"
"26032","λέξεως","O"
"26033",".","O"
"26034","ἔστι","O"
"26035","δ","O"
"26036","εὐφορία","O"
"26037","κατὰ","O"
"26038","κρίσεις","O"
"26039","φαύλων","O"
"26040","ὀνομάτων","O"
"26041","·","O"
"26042","τοῦτο","O"
"26043","δικανικὸν","O"
"26044","ὄνομα","O"
"26045",",","O"
"26046","τοῦτο","O"
"26047","ἱστορικόν","NORP"
"26048",",","O"
"26049","τοῦτο","O"
"26050","διαλεκτικόν","O"
"26051",",","O"
"26052","τοῦτο","O"
"26053","κωμικόν","NORP"
"26054",".","O"
"26055","καὶ","O"
"26056","πάλιν","O"
"26057","μετὰ","O"
"26058","τὰς","O"
"26059","ἰδέας","O"
"26060","τοὺς","O"
"26061","ἄνδρας","O"
"26062","ἐπανελθεῖν","O"
"26063","·","O"
"26064","κωμικὸν","NORP"
"26065","τοῦτο","O"
"26066","Ἀριστοφάνειον","NORP"
"26067",",","O"
"26068","κωμικὸν","NORP"
"26069","τοῦτο","O"
"26070","Κρατίνειον","NORP"
"26071",",","O"
"26072","τοῦτο","O"
"26073","Εὐπολίδειον","NORP"
"26074",",","O"
"26075","τοῦτο","O"
"26076","Μενάνδρου","PERSON"
"26077","·","O"
"26078","εἶτα","O"
"26079","δικανικὸν","O"
"26080","τοῦτο","O"
"26081","Λυσίειον","NORP"
"26082",",","O"
"26083","τοῦτο","O"
"26084","Δημοσθενικόν","NORP"
"26085",",","O"
"26086","Αἰσχίνῃ","PERSON"
"26087","πρεπωδέστερον","O"
"26088","τοῦτο","O"
"26089","ὄνομα","O"
"26090",",","O"
"26091","Ἀντιφῶντι","PERSON"
"26092","τοῦτο","O"
"26093","σύνηθες","O"
"26094","μᾶλλον","O"
"26095",".","O"
"26096","τοῦτο","O"
"26097","τὸ","O"
"26098","ποικίλως","O"
"26099","ἐστίν","O"
"26100",".","O"
"26101","Αὕτη","O"
"26102","ἐστὶν","O"
"26103","ἡ","O"
"26104","θεωρία","O"
"26105",",","O"
"26106","καθ","O"
"26107","ἣν","O"
"26108","ἐξετάζεται","O"
"26109","κατὰ","O"
"26110","βυβλίων","O"
"26111","ἀκροάσεις","O"
"26112","πᾶς","O"
"26113","λόγος","O"
"26114","μετὰ","O"
"26115","ἀσφαλείας","O"
"26116","πορευομένης","O"
"26117","τῆς","O"
"26118","ἐξετάσεως","O"
"26119",".","O"
"26120","ζητήσεις","O"
"26121","γὰρ","O"
"26122","τί","O"
"26123","ὠφελεῖ","O"
"26124","ἢ","O"
"26125","βλάπτει","O"
"26126","τὰ","O"
"26127","ἀνεγνωσμένα","O"
"26128","ἢ","O"
"26129","εἰρημένα","O"
"26130","ἢ","O"
"26131","ἠκουσμένα","O"
"26132","εἰς","O"
"26133","ἦθος","O"
"26134",",","O"
"26135","γνώμην","O"
"26136",",","O"
"26137","τέχνην","O"
"26138",",","O"
"26139","λέξιν","O"
"26140",".","O"
"26141","τὸ","O"
"26142","ἦθος","O"
"26143","διπλοῦν","O"
"26144",",","O"
"26145","κοινὸν","O"
"26146","καὶ","O"
"26147","ἴδιον","O"
"26148",".","O"
"26149","κοινὸν","O"
"26150","μὲν","O"
"26151","τὸ","O"
"26152","εἰς","O"
"26153","ἀρετὴν","O"
"26154","προτρέπον","O"
"26155","καὶ","O"
"26156","κακίας","O"
"26157","ἀποτρέπον","O"
"26158","·","O"
"26159","ἴδιον","O"
"26160","δὲ","O"
"26161","τὸ","O"
"26162","προσήκοντας","O"
"26163","καὶ","O"
"26164","πρέποντας","O"
"26165","τοὺς","O"
"26166","λόγους","O"
"26167","τῷ","O"
"26168","τε","O"
"26169","λέγοντι","O"
"26170","καὶ","O"
"26171","τοῖς","O"
"26172","ἀκούουσι","O"
"26173","καὶ","O"
"26174","περὶ","O"
"26175","ὧν","O"
"26176","ὁ","O"
"26177","λόγος","O"
"26178","καὶ","O"
"26179","πρὸς","O"
"26180","οὓς","O"
"26181","ὁ","O"
"26182","λόγος","O"
"26183","παρέχεσθαι","O"
"26184","·","O"
"26185","γίνεται","O"
"26186","δὲ","O"
"26187","τοῦτο","O"
"26188","ἐν","O"
"26189","τοῖς","O"
"26190","ἀριθμοῖς","O"
"26191","οἷς","O"
"26192","εἴπομεν","O"
"26193",",","O"
"26194","τοῖς","O"
"26195","ἑπτά","O"
"26196",".","O"
"26197","εἶτα","O"
"26198","ἡ","O"
"26199","γνώμη","O"
"26200","μέτρῳ","O"
"26201","καὶ","O"
"26202","ἀσφαλείᾳ","O"
"26203","ἐπὶ","O"
"26204","τῶν","O"
"26205","τριῶν","O"
"26206","ἀριθμῶν","O"
"26207",".","O"
"26208","εἶτα","O"
"26209","ἡ","O"
"26210","τέχνη","O"
"26211",",","O"
"26212","ἡ","O"
"26213","κρᾶσις","O"
"26214","ἠθῶν","O"
"26215","καὶ","O"
"26216","πραγμάτων","O"
"26217",".","O"
"26218","εἶτα","O"
"26219","ἡ","O"
"26220","λέξις","O"
"26221",",","O"
"26222","τὸ","O"
"26223","σαφῶς","O"
"26224",",","O"
"26225","τὸ","O"
"26226","καθαρῶς","O"
"26227",",","O"
"26228","τὸ","O"
"26229","πολλοστῶς","O"
"26230",",","O"
"26231","τὸ","O"
"26232","ποικίλως","O"
"26233",".","O"
"26234","οὗτος","O"
"26235","ὁ","O"
"26236","περὶ","O"
"26237","τῆς","O"
"26238","τῶν","O"
"26239","λόγων","O"
"26240","ἐξετάσεως","O"
"26241","λόγος","O"
"26242",".","O"
